100029
100059
100089
100119
100149
100179
100209
100239
100269
100299
100329
100359
100389
100419
100449
100479
100509
100539
100569
100599
100645
100675
100705
100735
100765
100795
100825
100855
100885
100915
100945
100975
101005
101035
101065
101095
101125
101155
101185
101215
101245
101275
101320
101350
101380
101410
101440
101470
101500
101530
101560
101590
101620
101650
101680
101710
101740
101770
101800
101830
101860
101890
101920
101950
101980
102023
102053
102083
102113
102143
102173
102203
10222
102233
102263
102293
102323
102353
102383
102413
102443
102473
102503
10252
102533
102563
102593
102623
102653
102695
102725
102755
102785
102815
10282
102845
102875
102905
102935
102965
102995
103025
103055
103085
103115
103145
103175
103205
103235
103265
103295
103325
103366
103396
103426
103456
103486
103516
103546
103576
103606
103636
103666
103696
103726
103756
103786
103816
103846
103876
103906
103936
103966
103996
104026
104066
104096
104126
104156
104186
104216
104246
104276
104306
104336
104366
104396
104426
104456
104486
104516
104546
104576
104606
104636
104666
104696
104735
104765
104795
104825
104855
104885
104915
104945
104975
105005
105035
105065
105095
105125
105155
105185
105215
105245
105275
105305
105335
105365
105403
105433
105463
105493
105523
105553
105583
105613
105643
105673
105703
105733
105763
105793
105823
105853
105883
105913
105943
105973
106003
106033
106063
106100
106130
106160
106190
106220
106250
106280
106310
106340
106370
106400
106430
106460
106490
106520
106550
106580
106610
106640
106670
106700
106730
106766
106796
106826
106856
106886
106916
106946
106976
107006
107036
107066
107096
107126
107156
107186
107216
107246
107276
107306
107336
107366
107396
107426
107461
107491
107521
107551
107581
107611
107641
107671
107701
107731
107761
107791
107821
107851
107881
107911
107941
107971
108001
108031
108061
108091
108126
108156
108186
108216
108246
108276
108306
108336
108366
108396
108426
108456
108486
108516
108546
108576
108606
108636
108666
108696
108726
108756
108786
108820
108850
108880
108910
108940
108970
10899
109000
109030
109060
109090
109120
109150
109180
109210
109240
109270
10929
109300
109330
109360
109390
109420
109450
109483
109513
109543
109573
10959
109603
109633
109663
109693
109723
109753
109783
109813
109843
109873
109903
109933
109963
109993
110023
110053
110083
110113
110143
110176
110206
110236
110266
110296
110326
110356
110386
110416
110446
110476
110506
110536
110566
110596
110626
110656
110686
110716
110746
110776
110806
110836
110868
110898
110928
110958
110988
111018
111048
111078
111108
111138
111168
111198
111228
111258
111288
111318
111348
111378
111408
111438
111468
111498
111530
111560
111590
111620
111650
111680
111710
111740
111770
111800
111830
111860
111890
111920
111950
111980
112010
112040
112070
112100
112130
112160
112190
112222
112252
112282
112312
112342
112372
112402
112432
112462
112492
112522
112552
112582
112612
112642
112672
112702
112732
112762
112792
112822
112852
112883
112913
112943
112973
113003
113033
113063
113093
113123
113153
113183
113213
113243
113273
113303
113333
113363
113393
113423
113453
113483
113513
113543
113572
113602
113632
113662
113678
113708
113738
113768
113798
113828
113858
113888
113918
113948
113978
114008
114038
114068
114098
114128
114158
114191
114221
114252
114282
114312
114342
114369
114399
114429
114459
114489
114519
114549
114579
114609
114639
114669
114699
114729
114759
114789
114819
114871
114901
114932
114962
114992
115022
115030
115060
115090
115120
115150
115180
115210
115240
115270
115300
115330
115360
115390
115420
115450
115480
115510
115551
115581
115612
115642
115672
11569
115702
115721
115751
115781
115811
115841
115871
115901
115931
115961
11599
115991
116021
116051
116081
116111
116141
116171
116201
116231
116261
11629
116292
116322
116352
116382
116412
116442
116472
116502
116532
116562
11659
116592
116622
116652
116682
116712
116742
116772
116802
116832
116862
116911
116941
116972
117002
117032
117062
117073
117103
117133
117163
117193
117223
117253
117283
117313
117343
117373
117403
117433
117463
117493
117523
117553
117591
117621
117660
117690
117720
117750
117780
117810
117840
117870
117900
117930
117960
117990
118020
118050
118080
118110
118140
118170
118200
118230
118260
118290
118321
118351
118381
118411
118441
118471
118501
118531
118561
118591
118621
118651
118681
118711
118741
118771
118801
118831
118861
118891
118921
118951
118981
119012
119042
119072
119102
119132
119162
119192
119222
119252
119282
119312
119342
119372
119402
119432
119462
119492
119522
119552
119582
119612
119642
119672
119704
119734
119764
119794
119824
119854
119884
119914
119944
119974
120004
120034
120064
120094
120124
120154
120184
120214
120244
120274
120304
120334
120366
120396
120426
120456
120486
120516
120546
120576
120606
120636
120666
120696
120726
120756
120786
120816
120846
120876
120906
120936
120966
120996
121026
121058
121088
121118
121148
121178
121208
121238
121268
121298
121328
121358
121388
121418
121448
121478
121508
121538
121568
121598
121628
121658
121688
121721
121751
121781
121811
121841
121871
121901
121931
121961
121991
122021
122051
122081
122111
122141
122171
122201
122231
122261
122291
122321
122351
122381
122414
122444
122474
122504
122534
122564
122594
122624
12263
122654
122684
122714
122744
122774
122804
122834
122864
122894
122924
12293
122954
122984
123014
123044
123074
123108
123138
123168
123198
123228
12323
123258
123288
123318
123348
123378
123408
123438
123468
123498
123528
123558
123588
123618
123648
123678
123708
123738
123773
123803
123833
123863
123893
123923
123953
123983
124013
124043
124073
124103
124133
124163
124193
124223
124253
124283
124313
124343
124373
124403
124433
124468
124498
124528
124558
124588
124618
124648
124678
124708
124738
124768
124798
124828
124858
124888
124918
124948
124978
125008
125038
125068
125098
125134
125164
125194
125224
125254
125284
125314
125344
125374
125404
125434
125464
125494
125524
125554
125584
125614
125644
125674
125704
125734
125764
125801
125831
125861
125891
125921
125951
125981
126011
126041
126071
126101
126131
126161
126191
126221
126251
126281
126311
126341
126371
126401
126431
126461
126499
126529
126559
126589
126619
126649
126679
126709
126739
126769
126799
126829
126859
126889
126919
126949
126979
127009
127039
127069
127099
127129
127168
127198
127228
127258
127288
127318
127348
127378
127408
127438
127468
127498
127528
127558
127588
127618
127648
127678
127708
127738
127768
127798
127828
127868
127898
127928
127958
127988
128018
128048
128078
128108
128138
128168
128198
128228
128258
128288
128318
128348
128378
128408
128438
128468
128498
128539
128569
128599
128629
128659
128689
128719
128749
128779
128809
128839
128869
128899
128929
128959
128989
129019
129049
129079
129109
129139
129169
12921
129211
129241
129271
129301
129331
129361
129391
129421
129451
129481
12951
129511
129541
129571
129601
129631
129661
129691
129721
129751
129781
12981
129811
129841
129884
129914
129944
129974
130004
130034
130064
130094
13011
130124
130154
130184
130214
130244
130274
130304
130334
130364
130394
130424
130454
130484
130514
130544
130589
130619
130649
130679
130709
130739
130769
130799
130829
130859
130889
130919
130949
130979
131009
131039
131069
131099
131129
131159
131189
131219
131265
131295
131325
131355
131385
131415
131445
131475
131505
131535
131565
131595
131625
131655
131685
131715
131745
131775
131805
131835
131865
131895
131942
131972
132002
132032
132062
132092
132122
132152
132182
132212
132242
132272
132302
132332
132362
132392
132422
132452
132482
132512
132542
132572
132621
132651
132681
132711
132741
132771
132801
132831
132861
132891
132921
132951
132981
133011
133041
133071
133101
133131
133161
133191
133221
133251
133301
133331
133361
133391
133421
133451
133481
133511
133541
133571
133601
133631
133661
133691
133721
133751
133781
133811
133841
133871
133901
133931
133983
134013
134043
134073
134103
134133
134163
134193
134223
134253
134283
134313
134343
134373
134403
134433
134463
134493
134523
134553
134583
134613
134666
134696
134726
134756
134786
134816
134846
134876
134906
134936
134966
134996
135026
135056
135086
135116
135146
135176
135206
135236
135266
135321
135351
135381
135411
135441
135471
135501
135531
135561
135591
135621
135651
135681
135711
135741
135771
135801
135831
135861
135891
135921
135951
136007
13603
136037
136067
136097
136127
136157
136187
136217
136247
136277
136307
13633
136337
136367
136397
136427
136457
136487
136517
136547
136577
136607
13663
136637
136695
1367
136725
136755
136785
136815
136845
136875
136905
13693
136935
136965
136995
137025
137055
137085
137115
137145
137175
137205
13723
137235
137265
137295
137325
137385
137415
137445
137475
137505
137535
137565
137595
137625
137655
137685
137715
137745
137775
137805
137835
137865
137895
137925
137955
137985
138047
138077
138107
138137
138167
138197
138227
138257
138287
138317
138347
138377
138407
138437
138467
138497
138527
138557
138587
138617
138647
138677
138741
138771
138801
138831
138861
138891
138921
138951
138981
139011
139041
139071
139101
139131
139161
139191
139221
139251
139281
139311
139341
139407
139437
139467
139497
139527
139557
139587
139617
139647
139677
139707
139737
139767
139797
139827
139857
139887
139917
139947
139977
140007
140037
140105
140135
140165
140195
140225
140255
140285
140315
140345
140375
140405
140435
140465
140495
140525
140555
140585
140615
140645
140675
140705
140775
140805
140835
140865
140895
140925
140955
140985
141015
141045
141075
141105
141135
141165
141195
141225
141255
141285
141315
141345
141375
141447
141477
141507
141537
141567
141597
141627
141657
141687
141717
141747
141777
141807
141837
141867
141897
141927
141957
141987
142017
142047
142121
142151
142181
142211
142241
142271
142301
142331
142361
142391
142421
142451
142481
142511
142541
142571
142601
142631
142661
142691
142721
142751
142827
142857
142887
142917
142947
142977
143007
143037
143067
14309
143097
143127
143157
143187
143217
143247
143277
143307
143337
143367
14339
143397
143427
143506
143536
143566
143596
143626
143656
143686
14369
143716
143746
143776
143806
143836
143866
143896
143926
143956
143986
14399
144016
144046
144076
144106
144187
144217
144247
144277
144307
144337
144367
144397
144427
144457
144487
144517
144547
144577
144607
144637
144667
144697
144727
144757
144840
144870
144900
144930
144960
144990
145020
145050
145080
145110
145140
145170
145200
145230
145260
145290
145320
145350
145380
145410
145440
145526
145556
145586
145616
145646
145676
145706
145736
145766
145796
145826
145856
145886
145916
145946
145976
146006
146036
146066
146096
146126
146214
146244
146274
146304
146334
146364
146394
146424
146454
146484
146514
146544
146574
146604
146634
146664
146694
146724
146754
146784
146814
146905
146935
146965
146995
147025
147055
147085
147115
147145
147175
147205
147235
147265
147295
147325
147355
147385
147415
147445
147475
147569
147599
147629
147659
147689
147719
147749
147779
147809
147839
147869
147899
147929
147959
147989
148019
148049
148079
148109
148139
148169
148265
148295
148325
148355
148385
148415
148445
148475
148505
148535
148565
148595
148625
148655
148685
148715
148745
148775
148805
148835
148934
148964
148994
149024
149054
149084
149114
149144
149174
149204
149234
149264
149294
149324
149354
149384
149414
149444
149474
149504
149606
149636
149666
149696
149726
149756
14978
149786
149816
149846
149876
149906
149936
149966
149996
150026
150056
15008
150086
150116
150146
150176
150281
150311
150341
150371
15038
150401
150431
150461
150491
150521
150551
150581
150611
150641
150671
15068
150701
150731
150761
150791
150821
150851
150881
150988
151018
151048
151078
151108
151138
151168
151198
151228
151258
151288
151318
151348
151378
151408
151438
151468
151498
151528
151558
151668
151698
151728
151758
151788
151818
151848
151878
151908
151938
151968
151998
152028
152058
152088
152118
152148
152178
152208
152321
152351
152381
152411
152441
152471
152501
152531
152561
152591
152621
152651
152681
152711
152741
152771
152801
152831
152861
152891
153007
153037
153067
153097
153127
153157
153187
153217
153247
153277
153307
153337
153367
153397
153427
153457
153487
153517
153547
153577
153697
153727
153757
153787
153817
153847
153877
153907
153937
153967
153997
154027
154057
154087
154117
154147
154177
154207
154237
154360
154390
154420
154450
154480
154510
154540
154570
154600
154630
154660
154690
154720
154750
154780
154810
154840
154870
154900
154930
155056
155086
155116
155146
155176
155206
155236
155266
155296
155326
155356
155386
155416
155446
155476
155506
155536
155566
155596
155725
155755
155785
155815
155845
155875
155905
155935
155965
155995
156025
156055
156085
156115
156145
156175
156205
156235
156265
156295
15641
156427
156457
156487
156517
156547
156577
156607
156637
156667
156697
15671
156727
156757
156787
156817
156847
156877
156907
156937
156967
15701
157103
157133
157163
157193
157223
157253
157283
15731
157313
157343
157373
157403
157433
157463
157493
157523
157553
157583
15761
157613
157643
157782
157812
157842
157872
157902
157932
157962
157992
158022
158052
158082
158112
158142
158172
158202
158232
158262
158292
158322
158464
158494
158524
158554
158584
158614
158644
158674
158704
158734
158764
158794
158824
158854
158884
158914
158944
158974
159120
159150
159180
159210
159240
159270
159300
159330
159360
159390
159420
159450
159480
159510
159540
159570
159600
159630
159660
159810
159840
159870
159900
159930
159960
159990
160020
160050
160080
160110
160140
160170
160200
160230
160260
160290
160320
160350
160503
160533
160563
160593
160623
160653
160683
160713
160743
160773
160803
160833
160863
160893
160923
160953
160983
161013
161170
161200
161230
161260
161290
161320
161350
161380
161410
161440
161470
161500
161530
161560
161590
161620
161650
161680
161840
161870
161900
161930
161960
161990
162020
162050
162080
162110
162140
162170
162200
162230
162260
162290
162320
162350
162380
162544
162574
162604
162634
162664
162694
162724
162754
162784
162814
162844
162874
162904
162934
162964
162994
163024
163054
163222
163252
16328
163282
163312
163342
163372
163402
163432
163462
163492
163522
163552
16358
163582
163612
163642
163672
163702
163732
16388
163904
163934
163964
163994
164024
164054
164084
164114
164144
164174
16418
164204
164234
164264
164294
164324
164354
164384
16448
164560
164590
164620
164650
164680
164710
164740
164770
164800
164830
164860
164890
164920
164950
164980
165010
165040
165070
165249
165279
165309
165339
165369
165399
165429
165459
165489
165519
165549
165579
165609
165639
165669
165699
165729
165759
165942
165972
166002
166032
166062
166092
166122
166152
166182
166212
166242
166272
166302
166332
166362
166392
166422
166609
166639
166669
166699
166729
166759
166789
166819
166849
166879
166909
166939
166969
166999
167029
167059
167089
167280
167310
167340
167370
167400
167430
167460
167490
167520
167550
167580
167610
167640
167670
167700
167730
167760
167790
167985
168015
168045
168075
168105
168135
168165
168195
168225
168255
168285
168315
168345
168375
168405
168435
168465
168665
168695
168725
168755
168785
168815
168845
168875
168905
168935
168965
168995
169025
169055
169085
169115
169145
169349
169379
169409
169439
169469
169499
169529
169559
169589
169619
169649
169679
169709
169739
169769
169799
170007
170037
170067
17009
170097
170127
170157
170187
170217
170247
170277
170307
170337
170367
17039
170397
170427
170457
170487
17069
170699
170729
170759
170789
170819
170849
170879
170909
170939
170969
17099
170999
171029
171059
171089
171119
171149
17129
171366
171396
171426
171456
171486
171516
171546
171576
171606
171636
171666
171696
171726
171756
171786
171816
171846
172067
172097
172127
172157
172187
172217
172247
172277
172307
172337
172367
172397
172427
172457
172487
172517
172742
172772
172802
172832
172862
172892
172922
172952
172982
173012
173042
173072
173102
173132
173162
173192
173422
173452
173482
173512
173542
173572
173602
173632
173662
173692
173722
173752
173782
173812
173842
173872
174106
174136
174166
174196
174226
174256
174286
174316
174346
174376
174406
174436
174466
174496
174526
174765
174795
174825
174855
174885
174915
174945
174975
175005
175035
175065
175095
175125
175155
175185
175215
175458
175488
175518
175548
175578
175608
175638
175668
175698
175728
175758
175788
175818
175848
175878
176126
176156
176186
176216
176246
176276
176306
176336
176366
176396
176426
176456
176486
176516
176546
176576
176828
17684
176858
176888
176918
176948
176978
177008
177038
177068
177098
177128
17714
177158
177188
177218
177248
17744
177505
177535
177565
177595
177625
177655
177685
177715
17774
177745
177775
177805
177835
177865
177895
177925
17804
178187
178217
178247
178277
178307
178337
17834
178367
178397
178427
178457
178487
178517
178547
178577
178843
178873
178903
178933
178963
178993
179023
179053
179083
179113
179143
179173
179203
179233
179263
179534
179564
179594
179624
179654
179684
179714
179744
179774
179804
179834
179864
179894
179924
180200
180230
180260
180290
180320
180350
180380
180410
180440
180470
180500
180530
180560
180590
180620
180901
180931
180961
180991
181021
181051
181081
181111
181141
181171
181201
181231
181261
181291
181577
181607
181637
181667
181697
181727
181757
181787
181817
181847
181877
181907
181937
181967
182258
182288
182318
182348
182378
182408
182438
182468
182498
182528
182558
182588
182618
182648
182944
182974
183004
183034
183064
183094
183124
183154
183184
183214
183244
183274
183304
183605
183635
183665
183695
183725
183755
183785
183815
18383
183845
183875
183905
183935
183965
183995
18413
184301
184331
184361
184391
184421
18443
184451
184481
184511
184541
184571
184601
184631
184661
18473
184972
185002
18503
185032
185062
185092
185122
185152
185182
185212
185242
185272
185302
185332
185648
185678
185708
185738
185768
185798
185828
185858
185888
185918
185948
185978
186008
186329
186359
186389
186419
186449
186479
186509
186539
186569
186599
186629
186659
186689
187015
187045
187075
187105
187135
187165
187195
187225
187255
187285
187315
187345
187375
187706
187736
187766
187796
187826
187856
187886
187916
187946
187976
188006
188036
188373
188403
188433
188463
188493
188523
188553
188583
188613
188643
188673
188703
189045
189075
189105
189135
189165
189195
189225
189255
189285
189315
189345
189375
189722
189752
189782
189812
189842
189872
189902
189932
189962
189992
190022
190052
190405
190435
19046
190465
190495
190525
190555
190585
190615
190645
190675
190705
190735
19076
19106
191093
191123
191153
191183
191213
191243
191273
191303
191333
19136
191363
191393
191423
19166
191786
191816
191846
191876
191906
191936
19196
191966
191996
192026
192056
192086
192455
192485
192515
192545
192575
192605
192635
192665
192695
192725
192755
193129
193159
193189
193219
193249
193279
193309
193339
193369
193399
193429
193809
193839
193869
193899
193929
193959
193989
194019
194049
194079
194109
194494
194524
194554
194584
194614
194644
194674
194704
194734
194764
194794
195185
195215
195245
195275
195305
195335
195365
195395
195425
195455
195851
195881
195911
195941
195971
196001
196031
196061
196091
196121
196523
196553
196583
196613
196643
196673
196703
196733
196763
196793
197200
197230
197260
197290
197320
19733
197350
197380
197410
197440
197470
19763
197883
197913
19793
197943
197973
198003
198033
198063
198093
198123
198153
19823
19853
198572
198602
198632
198662
198692
198722
198752
198782
198812
19883
198842
199266
199296
199326
199356
199386
199416
199446
199476
199506
199936
199966
199996
200026
200056
200086
200116
200146
200176
200612
200642
200672
200702
200732
200762
200792
200822
200852
201294
201324
201354
201384
201414
201444
201474
201504
201534
201981
202011
202041
202071
202101
202131
202161
202191
202644
202674
202704
202734
202764
202794
202824
202854
202884
203343
203373
203403
203433
203463
203493
203523
203553
204018
204048
204078
204108
20413
204138
204168
204198
204228
20443
204699
204729
20473
204759
204789
204819
204849
204879
204909
20503
20533
205386
205416
205446
205476
205506
205536
205566
20563
206049
206079
206109
206139
206169
206199
206229
206259
206747
206777
206807
206837
206867
206897
206927
207421
207451
207481
207511
207541
207571
207601
208101
208131
208161
208191
208221
208251
208281
208787
208817
208847
208877
208907
208937
209449
209479
209509
209539
209569
209599
209629
210147
210177
210207
210237
210267
210297
210821
210851
21087
210881
210911
210941
210971
21117
21147
211501
211531
211561
211591
211621
211651
21177
21207
212188
212218
212248
212278
212308
21237
21267
212851
212881
212911
212941
212971
213520
213550
213580
213610
213640
213670
214225
214255
214285
214315
214345
214906
214936
214966
214996
215563
215593
215623
215653
215683
216256
216286
216316
216346
216925
216955
216985
217015
217601
217631
217661
217691
21785
21815
218283
218313
218343
218373
21845
21875
218971
219001
219031
21905
219061
21935
219665
219695
219725
220335
220365
220395
221012
221042
221072
221695
221725
221755
222384
222414
223049
223079
223721
223751
223781
224429
22447
22477
22507
225083
225113
22537
22567
225773
22597
22627
226440
226470
227143
227822
229169
23133
23163
23193
23223
23253
23283
23313
23813
23843
23873
23903
23933
23963
23993
24487
24517
24547
24577
24607
24637
24667
24697
25185
25215
25245
25275
25305
25335
25365
25848
25878
25908
25938
25968
25998
26028
26058
26535
26565
26595
26625
26655
26685
26715
26745
27216
27246
2727
27276
27306
27336
27366
27396
27426
27891
27921
27951
27981
28011
28041
28071
28101
28560
28590
28620
28650
28680
28710
28740
28770
28800
29253
29283
29313
29343
29373
29403
29433
29463
29493
29940
29970
30000
30030
30060
30090
30120
30150
30180
30622
30652
30682
30712
30742
30772
30802
30832
30862
31298
31328
31358
31388
31418
31448
31478
31508
31538
31968
31998
32028
32058
32088
32118
32148
32178
32208
32238
32662
32692
32722
32752
32782
32812
32842
32872
32902
33321
33351
33381
33411
33441
33471
33501
33531
33561
33591
34004
34034
34064
34094
3412
34124
34154
34184
34214
34244
34274
34681
34711
34741
34771
34801
34831
34861
34891
34921
34951
34981
35383
35413
35443
35473
35503
35533
35563
35593
35623
35653
36049
36079
36109
36139
36169
36199
36229
36259
36289
36319
36349
36740
36770
36800
36830
36860
36890
36920
36950
36980
37010
37040
37425
37455
37485
37515
37545
37575
37605
37635
37665
37695
37725
38105
38135
38165
38195
38225
38255
38285
38315
38345
38375
38405
38779
38809
38839
38869
38899
38929
38959
38989
39019
39049
39079
39448
39478
39508
39538
39568
39598
39628
39658
39688
39718
39748
39778
40141
40171
40201
40231
40261
40291
40321
40351
40381
40411
40441
40471
40829
40859
40889
4091
40919
40949
40979
41009
41039
41069
41099
41129
41482
41512
41542
41572
41602
41632
41662
41692
41722
41752
41782
41812
41842
42189
42219
42249
42279
42309
42339
42369
42399
42429
42459
42489
42519
42861
42891
42921
42951
42981
43011
43041
43071
43101
43131
43161
43191
43528
43558
43588
43618
43648
43678
43708
43738
43768
43798
43828
43858
43888
44219
44249
44279
44309
44339
44369
44399
44429
44459
44489
44519
44549
44579
44905
44935
44965
44995
45025
45055
45085
45115
45145
45175
45205
45235
45265
45586
45616
45646
45676
45706
45736
45766
45796
45826
45856
45886
45916
45946
46262
46292
46322
46352
46382
46412
46442
46472
46502
46532
46562
46592
46622
46933
46963
46993
47023
47053
47083
47113
47143
47173
47203
47233
47263
47293
47323
47629
4764
47659
47689
47719
47749
47779
47809
47839
47869
47899
47929
4794
47959
47989
48290
48320
48350
48380
48410
48440
48470
48500
48530
48560
48590
48620
48650
48680
48976
49006
49036
49066
49096
49126
49156
49186
49216
49246
49276
49306
49336
49366
49657
49687
49717
49747
49777
49807
49837
49867
49897
49927
49957
49987
50017
50047
50333
50363
50393
50423
50453
50483
50513
50543
50573
50603
50633
50663
50693
50723
51004
51034
51064
51094
51124
51154
51184
51214
51244
51274
51304
51334
51364
51394
51424
51700
51730
51760
51790
51820
51850
51880
51910
51940
51970
52000
52030
52060
52090
52361
52391
52421
52451
52481
52511
52541
52571
52601
52631
52661
52691
52721
52751
52781
53047
53077
53107
53137
53167
53197
53227
53257
53287
53317
53347
53377
53407
53437
53467
53729
53759
53789
53819
53849
53879
53909
53939
53969
53999
54029
54059
54089
54119
54149
54406
54436
54466
54496
54526
54556
54586
5461
54616
54646
54676
54706
54736
54766
54796
54826
54856
55108
55138
55168
55198
55228
55258
55288
55318
55348
55378
55408
55438
55468
55498
55528
55776
55806
55836
55866
55896
55926
55956
55986
56016
56046
56076
56106
56136
56166
56196
56226
56469
56499
56529
56559
56589
56619
56649
56679
56709
56739
56769
56799
56829
56859
56889
57128
57158
57188
57218
57248
57278
57308
57338
57368
57398
57428
57458
57488
57518
57548
57578
57812
57842
57872
57902
57932
57962
57992
58022
58052
58082
58112
58142
58172
58202
58232
58262
58492
58522
58552
58582
58612
58642
58672
58702
58732
58762
58792
58822
58852
58882
58912
58942
59167
59197
59227
59257
59287
59317
59347
59377
59407
59437
59467
59497
59527
59557
59587
59617
59647
59868
59898
59928
59958
59988
60018
60048
60078
60108
60138
60168
60198
60228
60258
60288
60318
60535
60565
60595
60625
60655
60685
60715
60745
60775
60805
60835
60865
60895
60925
60955
60985
61015
6121
61227
61257
61287
61317
61347
61377
61407
61437
61467
61497
6151
61527
61557
61587
61617
61647
61677
61885
61915
61945
61975
62005
62035
62065
62095
62125
62155
62185
62215
62245
62275
62305
62335
62365
62569
62599
62629
62659
62689
62719
62749
62779
62809
62839
62869
62899
62929
62959
62989
63019
63049
63249
63279
63309
63339
63369
63399
63429
63459
63489
63519
63549
63579
63609
63639
63669
63699
63729
63924
63954
63984
64014
64044
64074
64104
64134
64164
64194
64224
64254
64284
64314
64344
64374
64404
64434
64625
64655
64685
64715
64745
64775
64805
64835
64865
64895
64925
64955
64985
65015
65045
65075
65105
65292
65322
65352
65382
65412
65442
65472
65502
65532
65562
65592
65622
65652
65682
65712
65742
65772
65802
65985
66015
66045
66075
66105
66135
66165
66195
66225
66255
66285
66315
66345
66375
66405
66435
66465
66644
66674
66704
66734
66764
66794
66824
66854
66884
66914
66944
66974
67004
67034
67064
67094
67124
67154
67330
67360
67390
67420
67450
67480
67510
67540
67570
67600
67630
67660
67690
67720
67750
67780
67810
67840
68012
68042
6805
68072
68102
68132
68162
68192
68222
68252
68282
68312
68342
6835
68372
68402
68432
68462
68492
68522
68690
68720
68750
68780
68810
68840
68870
68900
68930
68960
68990
69020
69050
69080
69110
69140
69170
69200
69364
69394
69424
69454
69484
69514
69544
69574
69604
69634
69664
69694
69724
69754
69784
69814
69844
69874
69904
70064
70094
70124
70154
70184
70214
70244
70274
70304
70334
70364
70394
70424
70454
70484
70514
70544
70574
70731
70761
70791
70821
70851
70881
70911
70941
70971
71001
71031
71061
71091
71121
71151
71181
71211
71241
71271
71424
71454
71484
71514
71544
71574
71604
71634
71664
71694
71724
71754
71784
71814
71844
71874
71904
71934
72084
72114
72144
72174
72204
72234
72264
72294
72324
72354
72384
72414
72444
72474
72504
72534
72564
72594
72624
72770
72800
72830
72860
72890
72920
72950
72980
73010
73040
73070
73100
73130
73160
73190
73220
73250
73280
73310
73452
73482
73512
73542
73572
73602
73632
73662
73692
73722
73752
73782
73812
73842
73872
73902
73932
73962
73992
74131
74161
74191
74221
74251
74281
74311
74341
74371
74401
74431
74461
74491
74521
74551
74581
74611
74641
74671
74807
7483
74837
74867
74897
74927
74957
74987
75017
75047
75077
75107
7513
75137
75167
75197
75227
75257
75287
75317
75347
75377
7543
75509
75539
75569
75599
75629
75659
75689
75719
75749
75779
75809
75839
75869
75899
75929
75959
75989
76019
76049
76178
76208
76238
76268
76298
76328
76358
76388
76418
76448
76478
76508
76538
76568
76598
76628
76658
76688
76718
76844
76874
76904
76934
76964
76994
77024
77054
77084
77114
77144
77174
77204
77234
77264
77294
77324
77354
77384
77414
77537
77567
77597
77627
77657
77687
77717
77747
77777
77807
77837
77867
77897
77927
77957
77987
78017
78047
78077
78107
78227
78257
78287
78317
78347
78377
78407
78437
78467
78497
78527
78557
78587
78617
78647
78677
78707
78737
78767
78883
78913
78943
78973
79003
79033
79063
79093
79123
79153
79183
79213
79243
79273
79303
79333
79363
79393
79423
79453
79566
79596
79626
79656
79686
79716
79746
79776
79806
79836
79866
79896
79926
79956
79986
80016
80046
80076
80106
80136
80246
80276
80306
80336
80366
80396
80426
80456
80486
80516
80546
80576
80606
80636
80666
80696
80726
80756
80786
80816
80923
80953
80983
81013
81043
81073
81103
81133
81163
81193
81223
81253
81283
81313
81343
81373
81403
81433
81463
81493
81523
81628
81658
81688
81718
81748
81778
81808
81838
8185
81868
81898
81928
81958
81988
82018
82048
82078
82108
82138
8215
82168
82198
82300
82330
82360
82390
82420
82450
82480
82510
82540
82570
82600
82630
82660
82690
82720
82750
82780
82810
82840
82870
82969
82999
83029
83059
83089
83119
83149
83179
83209
83239
83269
83299
83329
83359
83389
83419
83449
83479
83509
83539
83569
83665
83695
83725
83755
83785
83815
83845
83875
83905
83935
83965
83995
84025
84055
84085
84115
84145
84175
84205
84235
84329
84359
84389
84419
84449
84479
84509
84539
84569
84599
84629
84659
84689
84719
84749
84779
84809
84839
84869
84899
84929
85020
85050
85080
85110
85140
85170
85200
85230
85260
85290
85320
85350
85380
85410
85440
85470
85500
85530
85560
85590
85620
85708
85738
85768
85798
85828
85858
85888
85918
85948
85978
86008
86038
86068
86098
86128
86158
86188
86218
86248
86278
86364
86394
86424
86454
86484
86514
86544
86574
86604
86634
86664
86694
86724
86754
86784
86814
86844
86874
86904
86934
86964
87047
87077
87107
87137
87167
87197
87227
87257
87287
87317
87347
87377
87407
87437
87467
87497
87527
87557
87587
87617
87647
87728
87758
87788
87818
87848
87878
87908
87938
87968
87998
88028
88058
88088
88118
88148
88178
88208
88238
88268
88298
88328
88407
88437
88467
88497
8850
88527
88557
88587
88617
88647
88677
88707
88737
88767
88797
8880
88827
88857
88887
88917
88947
88977
89007
89083
8910
89113
89143
89173
89203
89233
89263
89293
89323
89353
89383
89413
89443
89473
89503
89533
89563
89593
89623
89653
89683
89713
89787
89817
89847
89877
89907
89937
89967
89997
90027
90057
90087
90117
90147
90177
90207
90237
90267
90297
90327
90357
90387
90459
90489
90519
90549
90579
90609
90639
90669
90699
90729
90759
90789
90819
90849
90879
90909
90939
90969
90999
91029
91059
91129
91159
91189
91219
91249
91279
91309
91339
91369
91399
91429
91459
91489
91519
91549
91579
91609
91639
91669
91699
91729
91759
91827
91857
91887
91917
91947
91977
92007
92037
92067
92097
92127
92157
92187
92217
92247
92277
92307
92337
92367
92397
92427
92493
92523
92553
92583
92613
92643
92673
92703
92733
92763
92793
92823
92853
92883
92913
92943
92973
93003
93033
93063
93093
93123
93187
93217
93247
93277
93307
93337
93367
93397
93427
93457
93487
93517
93547
93577
93607
93637
93667
93697
93727
93757
93787
93849
93879
93909
93939
93969
93999
94029
94059
94089
94119
94149
94179
94209
94239
94269
94299
94329
94359
94389
94419
94449
94479
94539
94569
94599
94629
94659
94689
94719
94749
94779
94809
94839
94869
94899
94929
94959
94989
95019
95049
95079
95109
95139
95169
95227
95257
95287
95317
95347
95377
9539
95407
95437
95467
95497
95527
95557
95587
95617
95647
95677
9569
95707
95737
95767
95797
95827
95883
95913
95943
95973
9599
96003
96033
96063
96093
96123
96153
96183
96213
96243
96273
96303
96333
96363
96393
96423
96453
96483
96513
96568
96598
96628
96658
96688
96718
96748
96778
96808
96838
96868
96898
96928
96958
96988
97018
97048
97078
97108
97138
97168
97198
97251
97281
97311
97341
97371
97401
97431
97461
97491
97521
97551
97581
97611
97641
97671
97701
97731
97761
97791
97821
97851
97881
97933
97963
97993
98023
98053
98083
98113
98143
98173
98203
98233
98263
98293
98323
98353
98383
98413
98443
98473
98503
98533
98563
98613
98643
98673
98703
98733
98763
98793
98823
98853
98883
98913
98943
98973
99003
99033
99063
99093
99123
99153
99183
99213
99243
99292
99322
99352
99382
99412
99442
99472
99502
99532
99562
99592
99622
99652
99682
99712
99742
99772
99802
99832
99862
99892
99922
99969
99999
