100024
100054
100084
100114
100144
100174
100204
100234
100264
100294
100324
100354
100384
100414
100444
100474
100504
100534
100564
100594
100640
100670
100700
100730
100760
100790
100820
100850
100880
100910
100940
100970
101000
101030
101060
101090
101120
101150
101180
101210
101240
101270
101300
101345
101375
101405
101435
101465
101495
101525
101555
101585
101615
101645
101675
101705
101735
101765
101795
101825
101855
101885
101915
101945
101975
102018
102048
102078
102108
102138
102168
10217
102198
102228
102258
102288
102318
102348
102378
102408
102438
102468
10247
102498
102528
102558
102588
102618
102648
102690
102720
102750
10277
102780
102810
102840
102870
102900
102930
102960
102990
103020
103050
103080
103110
103140
103170
103200
103230
103260
103290
103320
103361
103391
103421
103451
103481
103511
103541
103571
103601
103631
103661
103691
103721
103751
103781
103811
103841
103871
103901
103931
103961
103991
104021
104061
104091
104121
104151
104181
104211
104241
104271
104301
104331
104361
104391
104421
104451
104481
104511
104541
104571
104601
104631
104661
104691
104730
104760
104790
104820
104850
104880
104910
104940
104970
105000
105030
105060
105090
105120
105150
105180
105210
105240
105270
105300
105330
105360
105390
105428
105458
105488
105518
105548
105578
105608
105638
105668
105698
105728
105758
105788
105818
105848
105878
105908
105938
105968
105998
106028
106058
106095
106125
106155
106185
106215
106245
106275
106305
106335
106365
106395
106425
106455
106485
106515
106545
106575
106605
106635
106665
106695
106725
106761
106791
106821
106851
106881
106911
106941
106971
107001
107031
107061
107091
107121
107151
107181
107211
107241
107271
107301
107331
107361
107391
107421
107456
107486
107516
107546
107576
107606
107636
107666
107696
107726
107756
107786
107816
107846
107876
107906
107936
107966
107996
108026
108056
108086
108121
108151
108181
108211
108241
108271
108301
108331
108361
108391
108421
108451
108481
108511
108541
108571
108601
108631
108661
108691
108721
108751
108781
108815
108845
108875
108905
108935
10894
108965
108995
109025
109055
109085
109115
109145
109175
109205
109235
10924
109265
109295
109325
109355
109385
109415
109445
109475
109508
109538
10954
109568
109598
109628
109658
109688
109718
109748
109778
109808
109838
109868
109898
109928
109958
109988
110018
110048
110078
110108
110138
110171
110201
110231
110261
110291
110321
110351
110381
110411
110441
110471
110501
110531
110561
110591
110621
110651
110681
110711
110741
110771
110801
110831
110863
110893
110923
110953
110983
111013
111043
111073
111103
111133
111163
111193
111223
111253
111283
111313
111343
111373
111403
111433
111463
111493
111525
111555
111585
111615
111645
111675
111705
111735
111765
111795
111825
111855
111885
111915
111945
111975
112005
112035
112065
112095
112125
112155
112185
112217
112247
112277
112307
112337
112367
112397
112427
112457
112487
112517
112547
112577
112607
112637
112667
112697
112727
112757
112787
112817
112847
112877
112908
112938
112968
112998
113028
113058
113088
113118
113148
113178
113208
113238
113268
113298
113328
113358
113388
113418
113448
113478
113508
113538
113567
113597
113627
113657
113673
113703
113733
113763
113793
113823
113853
113883
113913
113943
113973
114003
114033
114063
114093
114123
114153
114186
114216
114247
114277
114307
114337
114364
114394
114424
114454
114484
114514
114544
114574
114604
114634
114664
114694
114724
114754
114784
114814
114866
114896
114927
114957
114987
115017
115025
115055
115085
115115
115145
115175
115205
115235
115265
115295
115325
115355
115385
115415
115445
115475
115505
115546
115576
115607
115637
11564
115667
115697
115716
115746
115776
115806
115836
115866
115896
115926
11594
115956
115986
116016
116046
116076
116106
116136
116166
116196
116226
11624
116256
116287
116317
116347
116377
116407
116437
116467
116497
116527
11654
116557
116587
116617
116647
116677
116707
116737
116767
116797
116827
116857
116906
116936
116967
116997
117027
117057
117068
117098
117128
117158
117188
117218
117248
117278
117308
117338
117368
117398
117428
117458
117488
117518
117548
117586
117616
117655
117685
117715
117745
117775
117805
117835
117865
117895
117925
117955
117985
118015
118045
118075
118105
118135
118165
118195
118225
118255
118285
118315
118346
118376
118406
118436
118466
118496
118526
118556
118586
118616
118646
118676
118706
118736
118766
118796
118826
118856
118886
118916
118946
118976
119007
119037
119067
119097
119127
119157
119187
119217
119247
119277
119307
119337
119367
119397
119427
119457
119487
119517
119547
119577
119607
119637
119667
119699
119729
119759
119789
119819
119849
119879
119909
119939
119969
119999
120029
120059
120089
120119
120149
120179
120209
120239
120269
120299
120329
120361
120391
120421
120451
120481
120511
120541
120571
120601
120631
120661
120691
120721
120751
120781
120811
120841
120871
120901
120931
120961
120991
121021
121053
121083
121113
121143
121173
121203
121233
121263
121293
121323
121353
121383
121413
121443
121473
121503
121533
121563
121593
121623
121653
121683
121713
121746
121776
121806
121836
121866
121896
121926
121956
121986
122016
122046
122076
122106
122136
122166
122196
122226
122256
122286
122316
122346
122376
122409
122439
122469
122499
122529
122559
12258
122589
122619
122649
122679
122709
122739
122769
122799
122829
122859
12288
122889
122919
122949
122979
123009
123039
123069
123103
123133
123163
12318
123193
123223
123253
123283
123313
123343
123373
123403
123433
123463
12348
123493
123523
123553
123583
123613
123643
123673
123703
123733
123768
123798
123828
123858
123888
123918
123948
123978
124008
124038
124068
124098
124128
124158
124188
124218
124248
124278
124308
124338
124368
124398
124428
124463
124493
124523
124553
124583
124613
124643
124673
124703
124733
124763
124793
124823
124853
124883
124913
124943
124973
125003
125033
125063
125093
125129
125159
125189
125219
125249
125279
125309
125339
125369
125399
125429
125459
125489
125519
125549
125579
125609
125639
125669
125699
125729
125759
125789
125826
125856
125886
125916
125946
125976
126006
126036
126066
126096
126126
126156
126186
126216
126246
126276
126306
126336
126366
126396
126426
126456
126494
126524
126554
126584
126614
126644
126674
126704
126734
126764
126794
126824
126854
126884
126914
126944
126974
127004
127034
127064
127094
127124
127163
127193
127223
127253
127283
127313
127343
127373
127403
127433
127463
127493
127523
127553
127583
127613
127643
127673
127703
127733
127763
127793
127823
127863
127893
127923
127953
127983
128013
128043
128073
128103
128133
128163
128193
128223
128253
128283
128313
128343
128373
128403
128433
128463
128493
128534
128564
128594
128624
128654
128684
128714
128744
128774
128804
128834
128864
128894
128924
128954
128984
129014
129044
129074
129104
129134
129164
129206
129236
129266
129296
129326
129356
129386
129416
129446
12946
129476
129506
129536
129566
129596
129626
129656
129686
129716
129746
12976
129776
129806
129836
129866
129909
129939
129969
129999
130029
130059
13006
130089
130119
130149
130179
130209
130239
130269
130299
130329
130359
13036
130389
130419
130449
130479
130509
130539
130584
130614
130644
130674
130704
130734
130764
130794
130824
130854
130884
130914
130944
130974
131004
131034
131064
131094
131124
131154
131184
131214
131260
131290
131320
131350
131380
131410
131440
131470
131500
131530
131560
131590
131620
131650
131680
131710
131740
131770
131800
131830
131860
131890
131937
131967
131997
132027
132057
132087
132117
132147
132177
132207
132237
132267
132297
132327
132357
132387
132417
132447
132477
132507
132537
132567
132616
132646
132676
132706
132736
132766
132796
132826
132856
132886
132916
132946
132976
133006
133036
133066
133096
133126
133156
133186
133216
133246
133296
133326
133356
133386
133416
133446
133476
133506
133536
133566
133596
133626
133656
133686
133716
133746
133776
133806
133836
133866
133896
133926
133978
134008
134038
134068
134098
134128
134158
134188
134218
134248
134278
134308
134338
134368
134398
134428
134458
134488
134518
134548
134578
134608
134661
134691
134721
134751
134781
134811
134841
134871
134901
134931
134961
134991
135021
135051
135081
135111
135141
135171
135201
135231
135261
135291
135346
135376
135406
135436
135466
135496
135526
135556
135586
135616
135646
135676
135706
135736
135766
135796
135826
135856
135886
135916
135946
136002
136032
136062
136092
136122
136152
136182
1362
136212
136242
136272
13628
136302
136332
136362
136392
136422
136452
136482
136512
136542
136572
13658
136602
136632
136690
136720
136750
136780
136810
136840
136870
13688
136900
136930
136960
136990
137020
137050
137080
137110
137140
137170
13718
137200
137230
137260
137290
137320
137380
137410
137440
137470
137500
137530
137560
137590
137620
137650
137680
137710
137740
137770
137800
137830
137860
137890
137920
137950
137980
138042
138072
138102
138132
138162
138192
138222
138252
138282
138312
138342
138372
138402
138432
138462
138492
138522
138552
138582
138612
138642
138672
138736
138766
138796
138826
138856
138886
138916
138946
138976
139006
139036
139066
139096
139126
139156
139186
139216
139246
139276
139306
139336
139402
139432
139462
139492
139522
139552
139582
139612
139642
139672
139702
139732
139762
139792
139822
139852
139882
139912
139942
139972
140002
140032
140100
140130
140160
140190
140220
140250
140280
140310
140340
140370
140400
140430
140460
140490
140520
140550
140580
140610
140640
140670
140700
140770
140800
140830
140860
140890
140920
140950
140980
141010
141040
141070
141100
141130
141160
141190
141220
141250
141280
141310
141340
141370
141442
141472
141502
141532
141562
141592
141622
141652
141682
141712
141742
141772
141802
141832
141862
141892
141922
141952
141982
142012
142042
142072
142146
142176
142206
142236
142266
142296
142326
142356
142386
142416
142446
142476
142506
142536
142566
142596
142626
142656
142686
142716
142746
142822
142852
142882
142912
142942
142972
143002
143032
14304
143062
143092
143122
143152
143182
143212
143242
143272
143302
143332
14334
143362
143392
143422
143501
143531
143561
143591
143621
14364
143651
143681
143711
143741
143771
143801
143831
143861
143891
143921
14394
143951
143981
144011
144041
144071
144101
144182
144212
144242
144272
144302
144332
144362
144392
144422
144452
144482
144512
144542
144572
144602
144632
144662
144692
144722
144752
144782
144865
144895
144925
144955
144985
145015
145045
145075
145105
145135
145165
145195
145225
145255
145285
145315
145345
145375
145405
145435
145521
145551
145581
145611
145641
145671
145701
145731
145761
145791
145821
145851
145881
145911
145941
145971
146001
146031
146061
146091
146121
146209
146239
146269
146299
146329
146359
146389
146419
146449
146479
146509
146539
146569
146599
146629
146659
146689
146719
146749
146779
146809
146900
146930
146960
146990
147020
147050
147080
147110
147140
147170
147200
147230
147260
147290
147320
147350
147380
147410
147440
147470
147564
147594
147624
147654
147684
147714
147744
147774
147804
147834
147864
147894
147924
147954
147984
148014
148044
148074
148104
148134
148164
148260
148290
148320
148350
148380
148410
148440
148470
148500
148530
148560
148590
148620
148650
148680
148710
148740
148770
148800
148830
148929
148959
148989
149019
149049
149079
149109
149139
149169
149199
149229
149259
149289
149319
149349
149379
149409
149439
149469
149499
149601
149631
149661
149691
149721
14973
149751
149781
149811
149841
149871
149901
149931
149961
149991
150021
15003
150051
150081
150111
150141
150171
150201
150306
15033
150336
150366
150396
150426
150456
150486
150516
150546
150576
150606
15063
150636
150666
150696
150726
150756
150786
150816
150846
150876
15093
150983
151013
151043
151073
151103
151133
151163
151193
151223
151253
151283
151313
151343
151373
151403
151433
151463
151493
151523
151553
151663
151693
151723
151753
151783
151813
151843
151873
151903
151933
151963
151993
152023
152053
152083
152113
152143
152173
152203
152233
152346
152376
152406
152436
152466
152496
152526
152556
152586
152616
152646
152676
152706
152736
152766
152796
152826
152856
152886
153002
153032
153062
153092
153122
153152
153182
153212
153242
153272
153302
153332
153362
153392
153422
153452
153482
153512
153542
153572
153692
153722
153752
153782
153812
153842
153872
153902
153932
153962
153992
154022
154052
154082
154112
154142
154172
154202
154232
154262
154385
154415
154445
154475
154505
154535
154565
154595
154625
154655
154685
154715
154745
154775
154805
154835
154865
154895
154925
155051
155081
155111
155141
155171
155201
155231
155261
155291
155321
155351
155381
155411
155441
155471
155501
155531
155561
155591
155720
155750
155780
155810
155840
155870
155900
155930
155960
155990
156020
156050
156080
156110
156140
156170
156200
156230
156260
156290
156422
156452
156482
156512
156542
156572
156602
156632
15666
156662
156692
156722
156752
156782
156812
156842
156872
156902
156932
15696
156962
157098
157128
157158
157188
157218
157248
15726
157278
157308
157338
157368
157398
157428
157458
157488
157518
157548
15756
157578
157608
157638
157777
157807
157837
157867
157897
157927
157957
157987
158017
158047
158077
158107
158137
158167
158197
158227
158257
158287
158317
158459
158489
158519
158549
158579
158609
158639
158669
158699
158729
158759
158789
158819
158849
158879
158909
158939
158969
158999
159145
159175
159205
159235
159265
159295
159325
159355
159385
159415
159445
159475
159505
159535
159565
159595
159625
159655
159805
159835
159865
159895
159925
159955
159985
160015
160045
160075
160105
160135
160165
160195
160225
160255
160285
160315
160345
160498
160528
160558
160588
160618
160648
160678
160708
160738
160768
160798
160828
160858
160888
160918
160948
160978
161008
161165
161195
161225
161255
161285
161315
161345
161375
161405
161435
161465
161495
161525
161555
161585
161615
161645
161675
161705
161865
161895
161925
161955
161985
162015
162045
162075
162105
162135
162165
162195
162225
162255
162285
162315
162345
162375
162539
162569
162599
162629
162659
162689
162719
162749
162779
162809
162839
162869
162899
162929
162959
162989
163019
163049
163217
16323
163247
163277
163307
163337
163367
163397
163427
163457
163487
163517
16353
163547
163577
163607
163637
163667
163697
163727
16383
163899
163929
163959
163989
164019
164049
164079
164109
16413
164139
164169
164199
164229
164259
164289
164319
164349
164379
164409
16443
164585
164615
164645
164675
164705
164735
164765
164795
164825
164855
164885
164915
164945
164975
165005
165035
165065
165244
165274
165304
165334
165364
165394
165424
165454
165484
165514
165544
165574
165604
165634
165664
165694
165724
165754
165937
165967
165997
166027
166057
166087
166117
166147
166177
166207
166237
166267
166297
166327
166357
166387
166417
166604
166634
166664
166694
166724
166754
166784
166814
166844
166874
166904
166934
166964
166994
167024
167054
167084
167114
167305
167335
167365
167395
167425
167455
167485
167515
167545
167575
167605
167635
167665
167695
167725
167755
167785
167980
168010
168040
168070
168100
168130
168160
168190
168220
168250
168280
168310
168340
168370
168400
168430
168460
168660
168690
168720
168750
168780
168810
168840
168870
168900
168930
168960
168990
169020
169050
169080
169110
169140
169344
169374
169404
169434
169464
169494
169524
169554
169584
169614
169644
169674
169704
169734
169764
169794
170002
170032
17004
170062
170092
170122
170152
170182
170212
170242
170272
170302
170332
17034
170362
170392
170422
170452
170482
17064
170694
170724
170754
170784
170814
170844
170874
170904
170934
17094
170964
170994
171024
171054
171084
171114
171144
17124
171361
171391
171421
171451
171481
171511
17154
171541
171571
171601
171631
171661
171691
171721
171751
171781
171811
171841
172062
172092
172122
172152
172182
172212
172242
172272
172302
172332
172362
172392
172422
172452
172482
172512
172737
172767
172797
172827
172857
172887
172917
172947
172977
173007
173037
173067
173097
173127
173157
173187
173417
173447
173477
173507
173537
173567
173597
173627
173657
173687
173717
173747
173777
173807
173837
173867
174101
174131
174161
174191
174221
174251
174281
174311
174341
174371
174401
174431
174461
174491
174521
174760
174790
174820
174850
174880
174910
174940
174970
175000
175030
175060
175090
175120
175150
175180
175210
175453
175483
175513
175543
175573
175603
175633
175663
175693
175723
175753
175783
175813
175843
175873
176121
176151
176181
176211
176241
176271
176301
176331
176361
176391
176421
176451
176481
176511
176541
176571
176823
176853
176883
176913
176943
176973
177003
177033
177063
17709
177093
177123
177153
177183
177213
177243
17739
177500
177530
177560
177590
177620
177650
177680
17769
177710
177740
177770
177800
177830
177860
177890
177920
17799
178182
178212
178242
178272
17829
178302
178332
178362
178392
178422
178452
178482
178512
178542
178572
178602
178868
178898
178928
178958
178988
179018
179048
179078
179108
179138
179168
179198
179228
179258
179529
179559
179589
179619
179649
179679
179709
179739
179769
179799
179829
179859
179889
179919
179949
180225
180255
180285
180315
180345
180375
180405
180435
180465
180495
180525
180555
180585
180615
180896
180926
180956
180986
181016
181046
181076
181106
181136
181166
181196
181226
181256
181286
181572
181602
181632
181662
181692
181722
181752
181782
181812
181842
181872
181902
181932
181962
182253
182283
182313
182343
182373
182403
182433
182463
182493
182523
182553
182583
182613
182643
182939
182969
182999
183029
183059
183089
183119
183149
183179
183209
183239
183269
183299
183600
183630
183660
183690
183720
183750
18378
183780
183810
183840
183870
183900
183930
183960
183990
18408
184296
184326
184356
18438
184386
184416
184446
184476
184506
184536
184566
184596
184626
184656
18468
184967
18498
184997
185027
185057
185087
185117
185147
185177
185207
185237
185267
185297
185327
185643
185673
185703
185733
185763
185793
185823
185853
185883
185913
185943
185973
186003
186324
186354
186384
186414
186444
186474
186504
186534
186564
186594
186624
186654
186684
187010
187040
187070
187100
187130
187160
187190
187220
187250
187280
187310
187340
187370
187701
187731
187761
187791
187821
187851
187881
187911
187941
187971
188001
188031
188368
188398
188428
188458
188488
188518
188548
188578
188608
188638
188668
188698
189040
189070
189100
189130
189160
189190
189220
189250
189280
189310
189340
189370
189400
189747
189777
189807
189837
189867
189897
189927
189957
189987
190017
190047
190400
19041
190430
190460
190490
190520
190550
190580
190610
190640
190670
190700
19071
190730
19101
191088
191118
191148
191178
191208
191238
191268
191298
19131
191328
191358
191388
191418
19161
191781
191811
191841
191871
191901
19191
191931
191961
191991
192021
192051
192081
192450
192480
192510
192540
192570
192600
192630
192660
192690
192720
192750
193124
193154
193184
193214
193244
193274
193304
193334
193364
193394
193424
193804
193834
193864
193894
193924
193954
193984
194014
194044
194074
194104
194489
194519
194549
194579
194609
194639
194669
194699
194729
194759
194789
195180
195210
195240
195270
195300
195330
195360
195390
195420
195450
195846
195876
195906
195936
195966
195996
196026
196056
196086
196116
196146
196548
196578
196608
196638
196668
196698
196728
196758
196788
196818
197225
197255
19728
197285
197315
197345
197375
197405
197435
197465
197495
19758
19788
197908
197938
197968
197998
198028
198058
198088
198118
198148
19818
19848
198567
198597
198627
198657
198687
198717
198747
198777
19878
198807
198837
199261
199291
199321
199351
199381
199411
199441
199471
199501
199931
199961
199991
200021
200051
200081
200111
200141
200171
200607
200637
200667
200697
200727
200757
200787
200817
200847
201289
201319
201349
201379
201409
201439
201469
201499
201529
201976
202006
202036
202066
202096
202126
202156
202186
202216
202669
202699
202729
202759
202789
202819
202849
202879
203338
203368
203398
203428
203458
203488
203518
203548
204013
204043
204073
20408
204103
204133
204163
204193
204223
20438
20468
204694
204724
204754
204784
204814
204844
204874
204904
20498
20528
205381
205411
205441
205471
205501
205531
205561
20558
206044
206074
206104
206134
206164
206194
206224
206254
206742
206772
206802
206832
206862
206892
206922
207416
207446
207476
207506
207536
207566
207596
208096
208126
208156
208186
208216
208246
208276
208782
208812
208842
208872
208902
208932
209444
209474
209504
209534
209564
209594
209624
210142
210172
210202
210232
210262
210292
210816
21082
210846
210876
210906
210936
210966
21112
21142
211496
211526
211556
211586
211616
211646
21172
21202
212183
212213
212243
212273
212303
21232
21262
212846
212876
212906
212936
212966
212996
213545
213575
213605
213635
213665
214220
214250
214280
214310
214340
214901
214931
214961
214991
215021
215588
215618
215648
215678
216251
216281
216311
216341
216920
216950
216980
217010
217040
217626
217656
217686
217716
21780
21810
218308
218338
218368
21840
21870
218966
218996
21900
219026
219056
21930
219660
219690
219720
220330
220360
220390
221007
221037
221067
221690
221720
221750
222379
222409
223044
223074
223104
223746
223776
22442
224424
224454
22472
22502
225108
22532
22562
225768
225798
22592
22622
226465
227138
227817
229164
23128
23158
23188
23218
23248
23278
23308
23808
23838
23868
23898
23928
23958
23988
24482
24512
24542
24572
24602
24632
24662
24692
25180
25210
25240
25270
25300
25330
25360
25843
25873
25903
25933
25963
25993
26023
26053
26530
26560
26590
26620
26650
26680
26710
26740
27211
2722
27241
27271
27301
27331
27361
27391
27421
27886
27916
27946
27976
28006
28036
28066
28096
28126
28585
28615
28645
28675
28705
28735
28765
28795
29248
29278
29308
29338
29368
29398
29428
29458
29488
29935
29965
29995
30025
30055
30085
30115
30145
30175
30617
30647
30677
30707
30737
30767
30797
30827
30857
31293
31323
31353
31383
31413
31443
31473
31503
31533
31963
31993
32023
32053
32083
32113
32143
32173
32203
32233
32657
32687
32717
32747
32777
32807
32837
32867
32897
32927
33346
33376
33406
33436
33466
33496
33526
33556
33586
33616
34029
34059
3407
34089
34119
34149
34179
34209
34239
34269
34299
34706
34736
34766
34796
34826
34856
34886
34916
34946
34976
35378
35408
35438
35468
35498
35528
35558
35588
35618
35648
36044
36074
36104
36134
36164
36194
36224
36254
36284
36314
36344
36735
36765
36795
36825
36855
36885
36915
36945
36975
37005
37035
37420
37450
37480
37510
37540
37570
37600
37630
37660
37690
37720
38100
38130
38160
38190
38220
38250
38280
38310
38340
38370
38400
38774
38804
38834
38864
38894
38924
38954
38984
39014
39044
39074
39443
39473
39503
39533
39563
39593
39623
39653
39683
39713
39743
39773
40136
40166
40196
40226
40256
40286
40316
40346
40376
40406
40436
40466
40824
40854
4086
40884
40914
40944
40974
41004
41034
41064
41094
41124
41154
4116
41507
41537
41567
41597
41627
41657
41687
41717
41747
41777
41807
41837
42184
42214
42244
42274
42304
42334
42364
42394
42424
42454
42484
42514
42856
42886
42916
42946
42976
43006
43036
43066
43096
43126
43156
43186
43523
43553
43583
43613
43643
43673
43703
43733
43763
43793
43823
43853
43883
44214
44244
44274
44304
44334
44364
44394
44424
44454
44484
44514
44544
44574
44900
44930
44960
44990
45020
45050
45080
45110
45140
45170
45200
45230
45260
45581
45611
45641
45671
45701
45731
45761
45791
45821
45851
45881
45911
45941
46257
46287
46317
46347
46377
46407
46437
46467
46497
46527
46557
46587
46617
46928
46958
46988
47018
47048
47078
47108
47138
47168
47198
47228
47258
47288
47318
47624
47654
47684
47714
47744
47774
47804
47834
47864
4789
47894
47924
47954
47984
48285
48315
48345
48375
48405
48435
48465
48495
48525
48555
48585
48615
48645
48675
48971
49001
49031
49061
49091
49121
49151
49181
49211
49241
49271
49301
49331
49361
49652
49682
49712
49742
49772
49802
49832
49862
49892
49922
49952
49982
50012
50042
50328
50358
50388
50418
50448
50478
50508
50538
50568
50598
50628
50658
50688
50718
50748
51029
51059
51089
51119
51149
51179
51209
51239
51269
51299
51329
51359
51389
51419
51695
51725
51755
51785
51815
51845
51875
51905
51935
51965
51995
52025
52055
52085
52115
52386
52416
52446
52476
52506
52536
52566
52596
52626
52656
52686
52716
52746
52776
53042
53072
53102
53132
53162
53192
53222
53252
53282
53312
53342
53372
53402
53432
53462
53724
53754
53784
53814
53844
53874
53904
53934
53964
53994
54024
54054
54084
54114
54144
54401
54431
54461
54491
54521
54551
5456
54581
54611
54641
54671
54701
54731
54761
54791
54821
54851
5486
55103
55133
55163
55193
55223
55253
55283
55313
55343
55373
55403
55433
55463
55493
55523
55771
55801
55831
55861
55891
55921
55951
55981
56011
56041
56071
56101
56131
56161
56191
56221
56464
56494
56524
56554
56584
56614
56644
56674
56704
56734
56764
56794
56824
56854
56884
57123
57153
57183
57213
57243
57273
57303
57333
57363
57393
57423
57453
57483
57513
57543
57573
57807
57837
57867
57897
57927
57957
57987
58017
58047
58077
58107
58137
58167
58197
58227
58257
58487
58517
58547
58577
58607
58637
58667
58697
58727
58757
58787
58817
58847
58877
58907
58937
59162
59192
59222
59252
59282
59312
59342
59372
59402
59432
59462
59492
59522
59552
59582
59612
59642
59863
59893
59923
59953
59983
60013
60043
60073
60103
60133
60163
60193
60223
60253
60283
60313
60530
60560
60590
60620
60650
60680
60710
60740
60770
60800
60830
60860
60890
60920
60950
60980
61010
61222
61252
61282
61312
61342
61372
61402
61432
6146
61462
61492
61522
61552
61582
61612
61642
61672
61880
61910
61940
61970
62000
62030
62060
62090
62120
62150
62180
62210
62240
62270
62300
62330
62360
62564
62594
62624
62654
62684
62714
62744
62774
62804
62834
62864
62894
62924
62954
62984
63014
63044
63244
63274
63304
63334
63364
63394
63424
63454
63484
63514
63544
63574
63604
63634
63664
63694
63724
63754
63949
63979
64009
64039
64069
64099
64129
64159
64189
64219
64249
64279
64309
64339
64369
64399
64429
64620
64650
64680
64710
64740
64770
64800
64830
64860
64890
64920
64950
64980
65010
65040
65070
65100
65287
65317
65347
65377
65407
65437
65467
65497
65527
65557
65587
65617
65647
65677
65707
65737
65767
65797
65980
66010
66040
66070
66100
66130
66160
66190
66220
66250
66280
66310
66340
66370
66400
66430
66460
66490
66669
66699
66729
66759
66789
66819
66849
66879
66909
66939
66969
66999
67029
67059
67089
67119
67149
67325
67355
67385
67415
67445
67475
67505
67535
67565
67595
67625
67655
67685
67715
67745
67775
67805
67835
6800
68007
68037
68067
68097
68127
68157
68187
68217
68247
68277
6830
68307
68337
68367
68397
68427
68457
68487
68517
6860
68685
68715
68745
68775
68805
68835
68865
68895
68925
68955
68985
69015
69045
69075
69105
69135
69165
69195
69225
69389
69419
69449
69479
69509
69539
69569
69599
69629
69659
69689
69719
69749
69779
69809
69839
69869
69899
70059
70089
70119
70149
70179
70209
70239
70269
70299
70329
70359
70389
70419
70449
70479
70509
70539
70569
70726
70756
70786
70816
70846
70876
70906
70936
70966
70996
71026
71056
71086
71116
71146
71176
71206
71236
71266
71419
71449
71479
71509
71539
71569
71599
71629
71659
71689
71719
71749
71779
71809
71839
71869
71899
71929
71959
72109
72139
72169
72199
72229
72259
72289
72319
72349
72379
72409
72439
72469
72499
72529
72559
72589
72619
72765
72795
72825
72855
72885
72915
72945
72975
73005
73035
73065
73095
73125
73155
73185
73215
73245
73275
73305
73447
73477
73507
73537
73567
73597
73627
73657
73687
73717
73747
73777
73807
73837
73867
73897
73927
73957
73987
74126
74156
74186
74216
74246
74276
74306
74336
74366
74396
74426
74456
74486
74516
74546
74576
74606
74636
74666
74802
74832
74862
74892
74922
74952
74982
75012
75042
75072
7508
75102
75132
75162
75192
75222
75252
75282
75312
75342
75372
7538
75504
75534
75564
75594
75624
75654
75684
75714
75744
75774
75804
75834
75864
75894
75924
75954
75984
76014
76044
76173
76203
76233
76263
76293
76323
76353
76383
76413
76443
76473
76503
76533
76563
76593
76623
76653
76683
76713
76743
76869
76899
76929
76959
76989
77019
77049
77079
77109
77139
77169
77199
77229
77259
77289
77319
77349
77379
77409
77532
77562
77592
77622
77652
77682
77712
77742
77772
77802
77832
77862
77892
77922
77952
77982
78012
78042
78072
78102
78222
78252
78282
78312
78342
78372
78402
78432
78462
78492
78522
78552
78582
78612
78642
78672
78702
78732
78762
78792
78908
78938
78968
78998
79028
79058
79088
79118
79148
79178
79208
79238
79268
79298
79328
79358
79388
79418
79448
79561
79591
79621
79651
79681
79711
79741
79771
79801
79831
79861
79891
79921
79951
79981
80011
80041
80071
80101
80131
80241
80271
80301
80331
80361
80391
80421
80451
80481
80511
80541
80571
80601
80631
80661
80691
80721
80751
80781
80811
80841
80948
80978
81008
81038
81068
81098
81128
81158
81188
81218
81248
81278
81308
81338
81368
81398
81428
81458
81488
81518
81623
81653
81683
81713
81743
81773
8180
81803
81833
81863
81893
81923
81953
81983
82013
82043
82073
8210
82103
82133
82163
82193
82295
82325
82355
82385
82415
82445
82475
82505
82535
82565
82595
82625
82655
82685
82715
82745
82775
82805
82835
82865
82964
82994
83024
83054
83084
83114
83144
83174
83204
83234
83264
83294
83324
83354
83384
83414
83444
83474
83504
83534
83564
83660
83690
83720
83750
83780
83810
83840
83870
83900
83930
83960
83990
84020
84050
84080
84110
84140
84170
84200
84230
84324
84354
84384
84414
84444
84474
84504
84534
84564
84594
84624
84654
84684
84714
84744
84774
84804
84834
84864
84894
84924
85015
85045
85075
85105
85135
85165
85195
85225
85255
85285
85315
85345
85375
85405
85435
85465
85495
85525
85555
85585
85615
85703
85733
85763
85793
85823
85853
85883
85913
85943
85973
86003
86033
86063
86093
86123
86153
86183
86213
86243
86273
86303
86389
86419
86449
86479
86509
86539
86569
86599
86629
86659
86689
86719
86749
86779
86809
86839
86869
86899
86929
86959
87042
87072
87102
87132
87162
87192
87222
87252
87282
87312
87342
87372
87402
87432
87462
87492
87522
87552
87582
87612
87642
87723
87753
87783
87813
87843
87873
87903
87933
87963
87993
88023
88053
88083
88113
88143
88173
88203
88233
88263
88293
88323
88402
88432
8845
88462
88492
88522
88552
88582
88612
88642
88672
88702
88732
8875
88762
88792
88822
88852
88882
88912
88942
88972
89002
89032
8905
89108
89138
89168
89198
89228
89258
89288
89318
89348
89378
89408
89438
89468
89498
89528
89558
89588
89618
89648
89678
89708
89782
89812
89842
89872
89902
89932
89962
89992
90022
90052
90082
90112
90142
90172
90202
90232
90262
90292
90322
90352
90382
90454
90484
90514
90544
90574
90604
90634
90664
90694
90724
90754
90784
90814
90844
90874
90904
90934
90964
90994
91024
91054
91124
91154
91184
91214
91244
91274
91304
91334
91364
91394
91424
91454
91484
91514
91544
91574
91604
91634
91664
91694
91724
91754
91822
91852
91882
91912
91942
91972
92002
92032
92062
92092
92122
92152
92182
92212
92242
92272
92302
92332
92362
92392
92422
92488
92518
92548
92578
92608
92638
92668
92698
92728
92758
92788
92818
92848
92878
92908
92938
92968
92998
93028
93058
93088
93118
93182
93212
93242
93272
93302
93332
93362
93392
93422
93452
93482
93512
93542
93572
93602
93632
93662
93692
93722
93752
93782
93844
93874
93904
93934
93964
93994
94024
94054
94084
94114
94144
94174
94204
94234
94264
94294
94324
94354
94384
94414
94444
94474
94534
94564
94594
94624
94654
94684
94714
94744
94774
94804
94834
94864
94894
94924
94954
94984
95014
95044
95074
95104
95134
95164
95222
95252
95282
95312
9534
95342
95372
95402
95432
95462
95492
95522
95552
95582
95612
9564
95642
95672
95702
95732
95762
95792
95822
95852
95908
95938
9594
95968
95998
96028
96058
96088
96118
96148
96178
96208
96238
96268
96298
96328
96358
96388
96418
96448
96478
96508
96563
96593
96623
96653
96683
96713
96743
96773
96803
96833
96863
96893
96923
96953
96983
97013
97043
97073
97103
97133
97163
97193
97246
97276
97306
97336
97366
97396
97426
97456
97486
97516
97546
97576
97606
97636
97666
97696
97726
97756
97786
97816
97846
97876
97928
97958
97988
98018
98048
98078
98108
98138
98168
98198
98228
98258
98288
98318
98348
98378
98408
98438
98468
98498
98528
98558
98608
98638
98668
98698
98728
98758
98788
98818
98848
98878
98908
98938
98968
98998
99028
99058
99088
99118
99148
99178
99208
99238
99287
99317
99347
99377
99407
99437
99467
99497
99527
99557
99587
99617
99647
99677
99707
99737
99767
99797
99827
99857
99887
99917
99964
99994
