100000
100030
100060
100090
100120
100150
100180
100210
100240
100270
100300
100330
100360
100390
100420
100450
100480
100510
100540
100570
100600
100646
100676
100706
100736
100766
100796
100826
100856
100886
100916
100946
100976
101006
101036
101066
101096
101126
101156
101186
101216
101246
101276
101321
101351
101381
101411
101441
101471
101501
101531
101561
101591
101621
101651
101681
101711
101741
101771
101801
101831
101861
101891
101921
101951
101981
102024
102054
102084
102114
102144
102174
102204
10223
102234
102264
102294
102324
102354
102384
102414
102444
102474
102504
10253
102534
102564
102594
102624
102654
102696
102726
102756
102786
102816
10283
102846
102876
102906
102936
102966
102996
103026
103056
103086
103116
103146
103176
103206
103236
103266
103296
103326
103367
103397
103427
103457
103487
103517
103547
103577
103607
103637
103667
103697
103727
103757
103787
103817
103847
103877
103907
103937
103967
103997
104027
104067
104097
104127
104157
104187
104217
104247
104277
104307
104337
104367
104397
104427
104457
104487
104517
104547
104577
104607
104637
104667
104697
104736
104766
104796
104826
104856
104886
104916
104946
104976
105006
105036
105066
105096
105126
105156
105186
105216
105246
105276
105306
105336
105366
105404
105434
105464
105494
105524
105554
105584
105614
105644
105674
105704
105734
105764
105794
105824
105854
105884
105914
105944
105974
106004
106034
106064
106101
106131
106161
106191
106221
106251
106281
106311
106341
106371
106401
106431
106461
106491
106521
106551
106581
106611
106641
106671
106701
106731
106767
106797
106827
106857
106887
106917
106947
106977
107007
107037
107067
107097
107127
107157
107187
107217
107247
107277
107307
107337
107367
107397
107427
107462
107492
107522
107552
107582
107612
107642
107672
107702
107732
107762
107792
107822
107852
107882
107912
107942
107972
108002
108032
108062
108092
108127
108157
108187
108217
108247
108277
108307
108337
108367
108397
108427
108457
108487
108517
108547
108577
108607
108637
108667
108697
108727
108757
108787
108821
108851
108881
108911
108941
108971
10900
109001
109031
109061
109091
109121
109151
109181
109211
109241
109271
10930
109301
109331
109361
109391
109421
109451
109484
109514
109544
109574
10960
109604
109634
109664
109694
109724
109754
109784
109814
109844
109874
109904
109934
109964
109994
110024
110054
110084
110114
110144
110177
110207
110237
110267
110297
110327
110357
110387
110417
110447
110477
110507
110537
110567
110597
110627
110657
110687
110717
110747
110777
110807
110837
110869
110899
110929
110959
110989
111019
111049
111079
111109
111139
111169
111199
111229
111259
111289
111319
111349
111379
111409
111439
111469
111499
111531
111561
111591
111621
111651
111681
111711
111741
111771
111801
111831
111861
111891
111921
111951
111981
112011
112041
112071
112101
112131
112161
112191
112223
112253
112283
112313
112343
112373
112403
112433
112463
112493
112523
112553
112583
112613
112643
112673
112703
112733
112763
112793
112823
112853
112884
112914
112944
112974
113004
113034
113064
113094
113124
113154
113184
113214
113244
113274
113304
113334
113364
113394
113424
113454
113484
113514
113544
113573
113603
113633
113663
113679
113709
113739
113769
113799
113829
113859
113889
113919
113949
113979
114009
114039
114069
114099
114129
114159
114192
114222
114253
114283
114313
114343
114370
114400
114430
114460
114490
114520
114550
114580
114610
114640
114670
114700
114730
114760
114790
114820
114872
114902
114933
114963
114993
115023
115031
115061
115091
115121
115151
115181
115211
115241
115271
115301
115331
115361
115391
115421
115451
115481
115511
115552
115582
115613
115643
115673
11570
115703
115722
115752
115782
115812
115842
115872
115902
115932
115962
115992
11600
116022
116052
116082
116112
116142
116172
116202
116232
116262
116293
11630
116323
116353
116383
116413
116443
116473
116503
116533
116563
116593
11660
116623
116653
116683
116713
116743
116773
116803
116833
116863
116912
116942
116973
117003
117033
117063
117074
117104
117134
117164
117194
117224
117254
117284
117314
117344
117374
117404
117434
117464
117494
117524
117554
117592
117622
117661
117691
117721
117751
117781
117811
117841
117871
117901
117931
117961
117991
118021
118051
118081
118111
118141
118171
118201
118231
118261
118291
118322
118352
118382
118412
118442
118472
118502
118532
118562
118592
118622
118652
118682
118712
118742
118772
118802
118832
118862
118892
118922
118952
118982
119013
119043
119073
119103
119133
119163
119193
119223
119253
119283
119313
119343
119373
119403
119433
119463
119493
119523
119553
119583
119613
119643
119673
119705
119735
119765
119795
119825
119855
119885
119915
119945
119975
120005
120035
120065
120095
120125
120155
120185
120215
120245
120275
120305
120335
120367
120397
120427
120457
120487
120517
120547
120577
120607
120637
120667
120697
120727
120757
120787
120817
120847
120877
120907
120937
120967
120997
121027
121059
121089
121119
121149
121179
121209
121239
121269
121299
121329
121359
121389
121419
121449
121479
121509
121539
121569
121599
121629
121659
121689
121722
121752
121782
121812
121842
121872
121902
121932
121962
121992
122022
122052
122082
122112
122142
122172
122202
122232
122262
122292
122322
122352
122382
122415
122445
122475
122505
122535
122565
122595
122625
12264
122655
122685
122715
122745
122775
122805
122835
122865
122895
122925
12294
122955
122985
123015
123045
123075
123109
123139
123169
123199
123229
12324
123259
123289
123319
123349
123379
123409
123439
123469
123499
123529
123559
123589
123619
123649
123679
123709
123739
123774
123804
123834
123864
123894
123924
123954
123984
124014
124044
124074
124104
124134
124164
124194
124224
124254
124284
124314
124344
124374
124404
124434
124469
124499
124529
124559
124589
124619
124649
124679
124709
124739
124769
124799
124829
124859
124889
124919
124949
124979
125009
125039
125069
125099
125135
125165
125195
125225
125255
125285
125315
125345
125375
125405
125435
125465
125495
125525
125555
125585
125615
125645
125675
125705
125735
125765
125802
125832
125862
125892
125922
125952
125982
126012
126042
126072
126102
126132
126162
126192
126222
126252
126282
126312
126342
126372
126402
126432
126462
126500
126530
126560
126590
126620
126650
126680
126710
126740
126770
126800
126830
126860
126890
126920
126950
126980
127010
127040
127070
127100
127130
127169
127199
127229
127259
127289
127319
127349
127379
127409
127439
127469
127499
127529
127559
127589
127619
127649
127679
127709
127739
127769
127799
127829
127869
127899
127929
127959
127989
128019
128049
128079
128109
128139
128169
128199
128229
128259
128289
128319
128349
128379
128409
128439
128469
128499
128540
128570
128600
128630
128660
128690
128720
128750
128780
128810
128840
128870
128900
128930
128960
128990
129020
129050
129080
129110
129140
129170
129212
12922
129242
129272
129302
129332
129362
129392
129422
129452
129482
129512
12952
129542
129572
129602
129632
129662
129692
129722
129752
129782
129812
12982
129842
129885
129915
129945
129975
130005
130035
130065
130095
13012
130125
130155
130185
130215
130245
130275
130305
130335
130365
130395
130425
130455
130485
130515
130560
130590
130620
130650
130680
130710
130740
130770
130800
130830
130860
130890
130920
130950
130980
131010
131040
131070
131100
131130
131160
131190
131220
131266
131296
131326
131356
131386
131416
131446
131476
131506
131536
131566
131596
131626
131656
131686
131716
131746
131776
131806
131836
131866
131896
131943
131973
132003
132033
132063
132093
132123
132153
132183
132213
132243
132273
132303
132333
132363
132393
132423
132453
132483
132513
132543
132573
132622
132652
132682
132712
132742
132772
132802
132832
132862
132892
132922
132952
132982
133012
133042
133072
133102
133132
133162
133192
133222
133252
133302
133332
133362
133392
133422
133452
133482
133512
133542
133572
133602
133632
133662
133692
133722
133752
133782
133812
133842
133872
133902
133932
133984
134014
134044
134074
134104
134134
134164
134194
134224
134254
134284
134314
134344
134374
134404
134434
134464
134494
134524
134554
134584
134614
134667
134697
134727
134757
134787
134817
134847
134877
134907
134937
134967
134997
135027
135057
135087
135117
135147
135177
135207
135237
135267
135322
135352
135382
135412
135442
135472
135502
135532
135562
135592
135622
135652
135682
135712
135742
135772
135802
135832
135862
135892
135922
135952
136008
136038
13604
136068
136098
136128
136158
136188
136218
136248
136278
136308
136338
13634
136368
136398
136428
136458
136488
136518
136548
136578
136608
136638
13664
136696
136726
136756
136786
1368
136816
136846
136876
136906
136936
13694
136966
136996
137026
137056
137086
137116
137146
137176
137206
137236
137266
137296
137326
137386
137416
137446
137476
137506
137536
137566
137596
137626
137656
137686
137716
137746
137776
137806
137836
137866
137896
137926
137956
137986
138048
138078
138108
138138
138168
138198
138228
138258
138288
138318
138348
138378
138408
138438
138468
138498
138528
138558
138588
138618
138648
138678
138742
138772
138802
138832
138862
138892
138922
138952
138982
139012
139042
139072
139102
139132
139162
139192
139222
139252
139282
139312
139342
139408
139438
139468
139498
139528
139558
139588
139618
139648
139678
139708
139738
139768
139798
139828
139858
139888
139918
139948
139978
140008
140038
140106
140136
140166
140196
140226
140256
140286
140316
140346
140376
140406
140436
140466
140496
140526
140556
140586
140616
140646
140676
140706
140776
140806
140836
140866
140896
140926
140956
140986
141016
141046
141076
141106
141136
141166
141196
141226
141256
141286
141316
141346
141376
141448
141478
141508
141538
141568
141598
141628
141658
141688
141718
141748
141778
141808
141838
141868
141898
141928
141958
141988
142018
142048
142122
142152
142182
142212
142242
142272
142302
142332
142362
142392
142422
142452
142482
142512
142542
142572
142602
142632
142662
142692
142722
142752
14280
142828
142858
142888
142918
142948
142978
143008
143038
143068
143098
14310
143128
143158
143188
143218
143248
143278
143308
143338
143368
143398
14340
143428
143507
143537
143567
143597
143627
143657
143687
14370
143717
143747
143777
143807
143837
143867
143897
143927
143957
143987
14400
144017
144047
144077
144107
144188
144218
144248
144278
144308
144338
144368
144398
144428
144458
144488
144518
144548
144578
144608
144638
144668
144698
144728
144758
144841
144871
144901
144931
144961
144991
145021
145051
145081
145111
145141
145171
145201
145231
145261
145291
145321
145351
145381
145411
145441
145527
145557
145587
145617
145647
145677
145707
145737
145767
145797
145827
145857
145887
145917
145947
145977
146007
146037
146067
146097
146127
146215
146245
146275
146305
146335
146365
146395
146425
146455
146485
146515
146545
146575
146605
146635
146665
146695
146725
146755
146785
146815
146906
146936
146966
146996
147026
147056
147086
147116
147146
147176
147206
147236
147266
147296
147326
147356
147386
147416
147446
147476
147570
147600
147630
147660
147690
147720
147750
147780
147810
147840
147870
147900
147930
147960
147990
148020
148050
148080
148110
148140
148170
148266
148296
148326
148356
148386
148416
148446
148476
148506
148536
148566
148596
148626
148656
148686
148716
148746
148776
148806
148836
148935
148965
148995
149025
149055
149085
149115
149145
149175
149205
149235
149265
149295
149325
149355
149385
149415
149445
149475
149505
149607
149637
149667
149697
149727
149757
149787
14979
149817
149847
149877
149907
149937
149967
149997
150027
150057
150087
15009
150117
150147
150177
150282
150312
150342
150372
15039
150402
150432
150462
150492
150522
150552
150582
150612
150642
150672
15069
150702
150732
150762
150792
150822
150852
150882
150989
151019
151049
151079
151109
151139
151169
151199
151229
151259
151289
151319
151349
151379
151409
151439
151469
151499
151529
151559
151669
151699
151729
151759
151789
151819
151849
151879
151909
151939
151969
151999
152029
152059
152089
152119
152149
152179
152209
152322
152352
152382
152412
152442
152472
152502
152532
152562
152592
152622
152652
152682
152712
152742
152772
152802
152832
152862
152892
153008
153038
153068
153098
153128
153158
153188
153218
153248
153278
153308
153338
153368
153398
153428
153458
153488
153518
153548
153578
153698
153728
153758
153788
153818
153848
153878
153908
153938
153968
153998
154028
154058
154088
154118
154148
154178
154208
154238
154361
154391
154421
154451
154481
154511
154541
154571
154601
154631
154661
154691
154721
154751
154781
154811
154841
154871
154901
154931
155057
155087
155117
155147
155177
155207
155237
155267
155297
155327
155357
155387
155417
155447
155477
155507
155537
155567
155597
155726
155756
155786
155816
155846
155876
155906
155936
155966
155996
156026
156056
156086
156116
156146
156176
156206
156236
156266
156296
15642
156428
156458
156488
156518
156548
156578
156608
156638
156668
156698
15672
156728
156758
156788
156818
156848
156878
156908
156938
156968
15702
157104
157134
157164
157194
157224
157254
157284
157314
15732
157344
157374
157404
157434
157464
157494
157524
157554
157584
157614
15762
157644
157783
157813
157843
157873
157903
157933
157963
157993
158023
158053
158083
158113
158143
158173
158203
158233
158263
158293
158323
158465
158495
158525
158555
158585
158615
158645
158675
158705
158735
158765
158795
158825
158855
158885
158915
158945
158975
159121
159151
159181
159211
159241
159271
159301
159331
159361
159391
159421
159451
159481
159511
159541
159571
159601
159631
159661
159811
159841
159871
159901
159931
159961
159991
160021
160051
160081
160111
160141
160171
160201
160231
160261
160291
160321
160351
160504
160534
160564
160594
160624
160654
160684
160714
160744
160774
160804
160834
160864
160894
160924
160954
160984
161014
161171
161201
161231
161261
161291
161321
161351
161381
161411
161441
161471
161501
161531
161561
161591
161621
161651
161681
161841
161871
161901
161931
161961
161991
162021
162051
162081
162111
162141
162171
162201
162231
162261
162291
162321
162351
162381
162545
162575
162605
162635
162665
162695
162725
162755
162785
162815
162845
162875
162905
162935
162965
162995
163025
163055
163223
163253
163283
16329
163313
163343
163373
163403
163433
163463
163493
163523
163553
163583
16359
163613
163643
163673
163703
163733
16389
163905
163935
163965
163995
164025
164055
164085
164115
164145
164175
16419
164205
164235
164265
164295
164325
164355
164385
16449
164561
164591
164621
164651
164681
164711
164741
164771
164801
164831
164861
164891
164921
164951
164981
165011
165041
165071
165250
165280
165310
165340
165370
165400
165430
165460
165490
165520
165550
165580
165610
165640
165670
165700
165730
165760
165943
165973
166003
166033
166063
166093
166123
166153
166183
166213
166243
166273
166303
166333
166363
166393
166423
166610
166640
166670
166700
166730
166760
166790
166820
166850
166880
166910
166940
166970
167000
167030
167060
167090
167281
167311
167341
167371
167401
167431
167461
167491
167521
167551
167581
167611
167641
167671
167701
167731
167761
167791
167986
168016
168046
168076
168106
168136
168166
168196
168226
168256
168286
168316
168346
168376
168406
168436
168466
168666
168696
168726
168756
168786
168816
168846
168876
168906
168936
168966
168996
169026
169056
169086
169116
169320
169350
169380
169410
169440
169470
169500
169530
169560
169590
169620
169650
169680
169710
169740
169770
169800
170008
170038
170068
170098
17010
170128
170158
170188
170218
170248
170278
170308
170338
170368
170398
17040
170428
170458
170488
17070
170700
170730
170760
170790
170820
170850
170880
170910
170940
170970
17100
171000
171030
171060
171090
171120
171150
17130
171367
171397
171427
171457
171487
171517
171547
171577
171607
171637
171667
171697
171727
171757
171787
171817
171847
172068
172098
172128
172158
172188
172218
172248
172278
172308
172338
172368
172398
172428
172458
172488
172518
172743
172773
172803
172833
172863
172893
172923
172953
172983
173013
173043
173073
173103
173133
173163
173193
173423
173453
173483
173513
173543
173573
173603
173633
173663
173693
173723
173753
173783
173813
173843
173873
174107
174137
174167
174197
174227
174257
174287
174317
174347
174377
174407
174437
174467
174497
174527
174766
174796
174826
174856
174886
174916
174946
174976
175006
175036
175066
175096
175126
175156
175186
175216
175459
175489
175519
175549
175579
175609
175639
175669
175699
175729
175759
175789
175819
175849
175879
176127
176157
176187
176217
176247
176277
176307
176337
176367
176397
176427
176457
176487
176517
176547
176577
176829
17685
176859
176889
176919
176949
176979
177009
177039
177069
177099
177129
17715
177159
177189
177219
177249
17745
177506
177536
177566
177596
177626
177656
177686
177716
177746
17775
177776
177806
177836
177866
177896
177926
17805
178188
178218
178248
178278
178308
178338
17835
178368
178398
178428
178458
178488
178518
178548
178578
178844
178874
178904
178934
178964
178994
179024
179054
179084
179114
179144
179174
179204
179234
179264
179535
179565
179595
179625
179655
179685
179715
179745
179775
179805
179835
179865
179895
179925
180201
180231
180261
180291
180321
180351
180381
180411
180441
180471
180501
180531
180561
180591
180621
180902
180932
180962
180992
181022
181052
181082
181112
181142
181172
181202
181232
181262
181292
181578
181608
181638
181668
181698
181728
181758
181788
181818
181848
181878
181908
181938
181968
182259
182289
182319
182349
182379
182409
182439
182469
182499
182529
182559
182589
182619
182649
182945
182975
183005
183035
183065
183095
183125
183155
183185
183215
183245
183275
183305
183606
183636
183666
183696
183726
183756
183786
183816
18384
183846
183876
183906
183936
183966
183996
18414
184302
184332
184362
184392
184422
18444
184452
184482
184512
184542
184572
184602
184632
184662
18474
184973
185003
185033
18504
185063
185093
185123
185153
185183
185213
185243
185273
185303
185333
185649
185679
185709
185739
185769
185799
185829
185859
185889
185919
185949
185979
186009
186330
186360
186390
186420
186450
186480
186510
186540
186570
186600
186630
186660
186690
187016
187046
187076
187106
187136
187166
187196
187226
187256
187286
187316
187346
187376
187707
187737
187767
187797
187827
187857
187887
187917
187947
187977
188007
188037
188374
188404
188434
188464
188494
188524
188554
188584
188614
188644
188674
188704
189046
189076
189106
189136
189166
189196
189226
189256
189286
189316
189346
189376
189723
189753
189783
189813
189843
189873
189903
189933
189963
189993
190023
190053
190406
190436
190466
19047
190496
190526
190556
190586
190616
190646
190676
190706
190736
19077
19107
191094
191124
191154
191184
191214
191244
191274
191304
191334
191364
19137
191394
191424
19167
191787
191817
191847
191877
191907
191937
191967
19197
191997
192027
192057
192087
192456
192486
192516
192546
192576
192606
192636
192666
192696
192726
192756
193130
193160
193190
193220
193250
193280
193310
193340
193370
193400
193430
193810
193840
193870
193900
193930
193960
193990
194020
194050
194080
194110
194495
194525
194555
194585
194615
194645
194675
194705
194735
194765
194795
195186
195216
195246
195276
195306
195336
195366
195396
195426
195456
195852
195882
195912
195942
195972
196002
196032
196062
196092
196122
196524
196554
196584
196614
196644
196674
196704
196734
196764
196794
197201
197231
197261
197291
197321
19734
197351
197381
197411
197441
197471
19764
197884
197914
19794
197944
197974
198004
198034
198064
198094
198124
198154
19824
19854
198573
198603
198633
198663
198693
198723
198753
198783
198813
19884
198843
199267
199297
199327
199357
199387
199417
199447
199477
199507
199937
199967
199997
200027
200057
200087
200117
200147
200177
200613
200643
200673
200703
200733
200763
200793
200823
200853
201295
201325
201355
201385
201415
201445
201475
201505
201535
201982
202012
202042
202072
202102
202132
202162
202192
202645
202675
202705
202735
202765
202795
202825
202855
202885
203344
203374
203404
203434
203464
203494
203524
203554
204019
204049
204079
204109
204139
20414
204169
204199
204229
20444
204700
204730
20474
204760
204790
204820
204850
204880
204910
20504
20534
205387
205417
205447
205477
205507
205537
205567
20564
206050
206080
206110
206140
206170
206200
206230
206260
206748
206778
206808
206838
206868
206898
206928
207422
207452
207482
207512
207542
207572
207602
208102
208132
208162
208192
208222
208252
208282
208788
208818
208848
208878
208908
208938
209450
209480
209510
209540
209570
209600
209630
210148
210178
210208
210238
210268
210298
210822
210852
21088
210882
210912
210942
210972
21118
21148
211502
211532
211562
211592
211622
211652
21178
21208
212189
212219
212249
212279
212309
21238
21268
212852
212882
212912
212942
212972
213521
213551
213581
213611
213641
213671
214226
214256
214286
214316
214346
214907
214937
214967
214997
215564
215594
215624
215654
215684
216257
216287
216317
216347
216926
216956
216986
217016
217602
217632
217662
217692
21786
21816
218284
218314
218344
218374
21846
21876
218972
219002
219032
21906
219062
21936
219666
219696
219726
220336
220366
220396
221013
221043
221073
221696
221726
221756
222385
222415
223050
223080
223722
223752
224400
224430
22448
22478
22508
225084
225114
22538
22568
225774
22598
22628
226441
226471
227144
227823
229170
23134
23164
23194
23224
23254
23284
23314
23814
23844
23874
23904
23934
23964
23994
24488
24518
24548
24578
24608
24638
24668
24698
25186
25216
25246
25276
25306
25336
25366
25849
25879
25909
25939
25969
25999
26029
26059
26536
26566
26596
26626
26656
26686
26716
26746
27217
27247
27277
2728
27307
27337
27367
27397
27427
27892
27922
27952
27982
28012
28042
28072
28102
28561
28591
28621
28651
28681
28711
28741
28771
28801
29254
29284
29314
29344
29374
29404
29434
29464
29494
29941
29971
30001
30031
30061
30091
30121
30151
30181
30623
30653
30683
30713
30743
30773
30803
30833
30863
31299
31329
31359
31389
31419
31449
31479
31509
31539
31969
31999
32029
32059
32089
32119
32149
32179
32209
32239
32663
32693
32723
32753
32783
32813
32843
32873
32903
33322
33352
33382
33412
33442
33472
33502
33532
33562
33592
34005
34035
34065
34095
34125
3413
34155
34185
34215
34245
34275
34682
34712
34742
34772
34802
34832
34862
34892
34922
34952
34982
35384
35414
35444
35474
35504
35534
35564
35594
35624
35654
36050
36080
36110
36140
36170
36200
36230
36260
36290
36320
36350
36741
36771
36801
36831
36861
36891
36921
36951
36981
37011
37041
37426
37456
37486
37516
37546
37576
37606
37636
37666
37696
37726
38106
38136
38166
38196
38226
38256
38286
38316
38346
38376
38406
38780
38810
38840
38870
38900
38930
38960
38990
39020
39050
39080
39449
39479
39509
39539
39569
39599
39629
39659
39689
39719
39749
39779
40142
40172
40202
40232
40262
40292
40322
40352
40382
40412
40442
40800
40830
40860
40890
4092
40920
40950
40980
41010
41040
41070
41100
41130
41483
41513
41543
41573
41603
41633
41663
41693
41723
41753
41783
41813
42160
42190
42220
42250
42280
42310
42340
42370
42400
42430
42460
42490
42520
42862
42892
42922
42952
42982
43012
43042
43072
43102
43132
43162
43192
43529
43559
43589
43619
43649
43679
43709
43739
43769
43799
43829
43859
43889
44220
44250
44280
44310
44340
44370
44400
44430
44460
44490
44520
44550
44580
44906
44936
44966
44996
45026
45056
45086
45116
45146
45176
45206
45236
45266
45587
45617
45647
45677
45707
45737
45767
45797
45827
45857
45887
45917
45947
46263
46293
46323
46353
46383
46413
46443
46473
46503
46533
46563
46593
46623
46934
46964
46994
47024
47054
47084
47114
47144
47174
47204
47234
47264
47294
47600
47630
4765
47660
47690
47720
47750
47780
47810
47840
47870
47900
47930
4795
47960
47990
48291
48321
48351
48381
48411
48441
48471
48501
48531
48561
48591
48621
48651
48681
48977
49007
49037
49067
49097
49127
49157
49187
49217
49247
49277
49307
49337
49367
49658
49688
49718
49748
49778
49808
49838
49868
49898
49928
49958
49988
50018
50048
50334
50364
50394
50424
50454
50484
50514
50544
50574
50604
50634
50664
50694
50724
51005
51035
51065
51095
51125
51155
51185
51215
51245
51275
51305
51335
51365
51395
51425
51701
51731
51761
51791
51821
51851
51881
51911
51941
51971
52001
52031
52061
52091
52362
52392
52422
52452
52482
52512
52542
52572
52602
52632
52662
52692
52722
52752
52782
53048
53078
53108
53138
53168
53198
53228
53258
53288
53318
53348
53378
53408
53438
53468
53730
53760
53790
53820
53850
53880
53910
53940
53970
54000
54030
54060
54090
54120
54150
54407
54437
54467
54497
54527
54557
54587
54617
5462
54647
54677
54707
54737
54767
54797
54827
54857
55109
55139
55169
55199
55229
55259
55289
55319
55349
55379
55409
55439
55469
55499
55529
55777
55807
55837
55867
55897
55927
55957
55987
56017
56047
56077
56107
56137
56167
56197
56440
56470
56500
56530
56560
56590
56620
56650
56680
56710
56740
56770
56800
56830
56860
56890
57129
57159
57189
57219
57249
57279
57309
57339
57369
57399
57429
57459
57489
57519
57549
57579
57813
57843
57873
57903
57933
57963
57993
58023
58053
58083
58113
58143
58173
58203
58233
58263
58493
58523
58553
58583
58613
58643
58673
58703
58733
58763
58793
58823
58853
58883
58913
58943
59168
59198
59228
59258
59288
59318
59348
59378
59408
59438
59468
59498
59528
59558
59588
59618
59648
59869
59899
59929
59959
59989
60019
60049
60079
60109
60139
60169
60199
60229
60259
60289
60319
60536
60566
60596
60626
60656
60686
60716
60746
60776
60806
60836
60866
60896
60926
60956
60986
61016
6122
61228
61258
61288
61318
61348
61378
61408
61438
61468
61498
6152
61528
61558
61588
61618
61648
61678
61886
61916
61946
61976
62006
62036
62066
62096
62126
62156
62186
62216
62246
62276
62306
62336
62366
62570
62600
62630
62660
62690
62720
62750
62780
62810
62840
62870
62900
62930
62960
62990
63020
63050
63250
63280
63310
63340
63370
63400
63430
63460
63490
63520
63550
63580
63610
63640
63670
63700
63730
63925
63955
63985
64015
64045
64075
64105
64135
64165
64195
64225
64255
64285
64315
64345
64375
64405
64435
64626
64656
64686
64716
64746
64776
64806
64836
64866
64896
64926
64956
64986
65016
65046
65076
65106
65293
65323
65353
65383
65413
65443
65473
65503
65533
65563
65593
65623
65653
65683
65713
65743
65773
65803
65986
66016
66046
66076
66106
66136
66166
66196
66226
66256
66286
66316
66346
66376
66406
66436
66466
66645
66675
66705
66735
66765
66795
66825
66855
66885
66915
66945
66975
67005
67035
67065
67095
67125
67155
67331
67361
67391
67421
67451
67481
67511
67541
67571
67601
67631
67661
67691
67721
67751
67781
67811
67841
68013
68043
6806
68073
68103
68133
68163
68193
68223
68253
68283
68313
68343
6836
68373
68403
68433
68463
68493
68523
68691
68721
68751
68781
68811
68841
68871
68901
68931
68961
68991
69021
69051
69081
69111
69141
69171
69201
69365
69395
69425
69455
69485
69515
69545
69575
69605
69635
69665
69695
69725
69755
69785
69815
69845
69875
69905
70065
70095
70125
70155
70185
70215
70245
70275
70305
70335
70365
70395
70425
70455
70485
70515
70545
70575
70732
70762
70792
70822
70852
70882
70912
70942
70972
71002
71032
71062
71092
71122
71152
71182
71212
71242
71272
71425
71455
71485
71515
71545
71575
71605
71635
71665
71695
71725
71755
71785
71815
71845
71875
71905
71935
72085
72115
72145
72175
72205
72235
72265
72295
72325
72355
72385
72415
72445
72475
72505
72535
72565
72595
72625
72771
72801
72831
72861
72891
72921
72951
72981
73011
73041
73071
73101
73131
73161
73191
73221
73251
73281
73311
73453
73483
73513
73543
73573
73603
73633
73663
73693
73723
73753
73783
73813
73843
73873
73903
73933
73963
73993
74132
74162
74192
74222
74252
74282
74312
74342
74372
74402
74432
74462
74492
74522
74552
74582
74612
74642
74672
74808
74838
7484
74868
74898
74928
74958
74988
75018
75048
75078
75108
75138
7514
75168
75198
75228
75258
75288
75318
75348
7544
75480
75510
75540
75570
75600
75630
75660
75690
75720
75750
75780
75810
75840
75870
75900
75930
75960
75990
76020
76050
76179
76209
76239
76269
76299
76329
76359
76389
76419
76449
76479
76509
76539
76569
76599
76629
76659
76689
76719
76845
76875
76905
76935
76965
76995
77025
77055
77085
77115
77145
77175
77205
77235
77265
77295
77325
77355
77385
77415
77538
77568
77598
77628
77658
77688
77718
77748
77778
77808
77838
77868
77898
77928
77958
77988
78018
78048
78078
78108
78228
78258
78288
78318
78348
78378
78408
78438
78468
78498
78528
78558
78588
78618
78648
78678
78708
78738
78768
78884
78914
78944
78974
79004
79034
79064
79094
79124
79154
79184
79214
79244
79274
79304
79334
79364
79394
79424
79454
79567
79597
79627
79657
79687
79717
79747
79777
79807
79837
79867
79897
79927
79957
79987
80017
80047
80077
80107
80137
80247
80277
80307
80337
80367
80397
80427
80457
80487
80517
80547
80577
80607
80637
80667
80697
80727
80757
80787
80817
80924
80954
80984
81014
81044
81074
81104
81134
81164
81194
81224
81254
81284
81314
81344
81374
81404
81434
81464
81494
81524
81629
81659
81689
81719
81749
81779
81809
81839
8186
81869
81899
81929
81959
81989
82019
82049
82079
82109
82139
8216
82169
82199
82301
82331
82361
82391
82421
82451
82481
82511
82541
82571
82601
82631
82661
82691
82721
82751
82781
82811
82841
82871
82970
83000
83030
83060
83090
83120
83150
83180
83210
83240
83270
83300
83330
83360
83390
83420
83450
83480
83510
83540
83570
83666
83696
83726
83756
83786
83816
83846
83876
83906
83936
83966
83996
84026
84056
84086
84116
84146
84176
84206
84236
84330
84360
84390
84420
84450
84480
84510
84540
84570
84600
84630
84660
84690
84720
84750
84780
84810
84840
84870
84900
84930
85021
85051
85081
85111
85141
85171
85201
85231
85261
85291
85321
85351
85381
85411
85441
85471
85501
85531
85561
85591
85621
85709
85739
85769
85799
85829
85859
85889
85919
85949
85979
86009
86039
86069
86099
86129
86159
86189
86219
86249
86279
86365
86395
86425
86455
86485
86515
86545
86575
86605
86635
86665
86695
86725
86755
86785
86815
86845
86875
86905
86935
86965
87048
87078
87108
87138
87168
87198
87228
87258
87288
87318
87348
87378
87408
87438
87468
87498
87528
87558
87588
87618
87648
87729
87759
87789
87819
87849
87879
87909
87939
87969
87999
88029
88059
88089
88119
88149
88179
88209
88239
88269
88299
88329
88408
88438
88468
88498
8851
88528
88558
88588
88618
88648
88678
88708
88738
88768
88798
8881
88828
88858
88888
88918
88948
88978
89008
89084
8911
89114
89144
89174
89204
89234
89264
89294
89324
89354
89384
89414
89444
89474
89504
89534
89564
89594
89624
89654
89684
89714
89788
89818
89848
89878
89908
89938
89968
89998
90028
90058
90088
90118
90148
90178
90208
90238
90268
90298
90328
90358
90388
90460
90490
90520
90550
90580
90610
90640
90670
90700
90730
90760
90790
90820
90850
90880
90910
90940
90970
91000
91030
91060
91130
91160
91190
91220
91250
91280
91310
91340
91370
91400
91430
91460
91490
91520
91550
91580
91610
91640
91670
91700
91730
91760
91828
91858
91888
91918
91948
91978
92008
92038
92068
92098
92128
92158
92188
92218
92248
92278
92308
92338
92368
92398
92428
92494
92524
92554
92584
92614
92644
92674
92704
92734
92764
92794
92824
92854
92884
92914
92944
92974
93004
93034
93064
93094
93124
93188
93218
93248
93278
93308
93338
93368
93398
93428
93458
93488
93518
93548
93578
93608
93638
93668
93698
93728
93758
93788
93850
93880
93910
93940
93970
94000
94030
94060
94090
94120
94150
94180
94210
94240
94270
94300
94330
94360
94390
94420
94450
94480
94540
94570
94600
94630
94660
94690
94720
94750
94780
94810
94840
94870
94900
94930
94960
94990
95020
95050
95080
95110
95140
95170
95228
95258
95288
95318
95348
95378
9540
95408
95438
95468
95498
95528
95558
95588
95618
95648
95678
9570
95708
95738
95768
95798
95828
95884
95914
95944
95974
9600
96004
96034
96064
96094
96124
96154
96184
96214
96244
96274
96304
96334
96364
96394
96424
96454
96484
96514
96569
96599
96629
96659
96689
96719
96749
96779
96809
96839
96869
96899
96929
96959
96989
97019
97049
97079
97109
97139
97169
97199
97252
97282
97312
97342
97372
97402
97432
97462
97492
97522
97552
97582
97612
97642
97672
97702
97732
97762
97792
97822
97852
97882
97934
97964
97994
98024
98054
98084
98114
98144
98174
98204
98234
98264
98294
98324
98354
98384
98414
98444
98474
98504
98534
98564
98614
98644
98674
98704
98734
98764
98794
98824
98854
98884
98914
98944
98974
99004
99034
99064
99094
99124
99154
99184
99214
99244
99293
99323
99353
99383
99413
99443
99473
99503
99533
99563
99593
99623
99653
99683
99713
99743
99773
99803
99833
99863
99893
99923
99970
