100013
100043
100073
100103
100133
100163
100193
100223
100253
100283
100313
100343
100373
100403
100433
100463
100493
100523
100553
100583
100613
100659
100689
100719
100749
100779
100809
100839
100869
100899
100929
100959
100989
101019
101049
101079
101109
101139
101169
101199
101229
101259
101289
101334
101364
101394
101424
101454
101484
101514
101544
101574
101604
101634
101664
101694
101724
101754
101784
101814
101844
101874
101904
101934
101964
102007
102037
10206
102067
102097
102127
102157
102187
102217
102247
102277
102307
102337
10236
102367
102397
102427
102457
102487
102517
102547
102577
102607
102637
10266
102667
102709
102739
102769
102799
102829
102859
102889
102919
102949
102979
103009
103039
103069
103099
103129
103159
103189
103219
103249
103279
103309
103339
103380
103410
103440
103470
103500
103530
103560
103590
103620
103650
103680
103710
103740
103770
103800
103830
103860
103890
103920
103950
103980
104010
104050
104080
104110
104140
104170
104200
104230
104260
104290
104320
104350
104380
104410
104440
104470
104500
104530
104560
104590
104620
104650
104680
104710
104749
104779
104809
104839
104869
104899
104929
104959
104989
105019
105049
105079
105109
105139
105169
105199
105229
105259
105289
105319
105349
105379
105417
105447
105477
105507
105537
105567
105597
105627
105657
105687
105717
105747
105777
105807
105837
105867
105897
105927
105957
105987
106017
106047
106084
106114
106144
106174
106204
106234
106264
106294
106324
106354
106384
106414
106444
106474
106504
106534
106564
106594
106624
106654
106684
106714
106744
106780
106810
106840
106870
106900
106930
106960
106990
107020
107050
107080
107110
107140
107170
107200
107230
107260
107290
107320
107350
107380
107410
107445
107475
107505
107535
107565
107595
107625
107655
107685
107715
107745
107775
107805
107835
107865
107895
107925
107955
107985
108015
108045
108075
108105
108140
108170
108200
108230
108260
108290
108320
108350
108380
108410
108440
108470
108500
108530
108560
108590
108620
108650
108680
108710
108740
108770
108804
10883
108834
108864
108894
108924
108954
108984
109014
109044
109074
109104
10913
109134
109164
109194
109224
109254
109284
109314
109344
109374
109404
10943
109434
109464
109497
109527
109557
109587
109617
109647
109677
109707
10973
109737
109767
109797
109827
109857
109887
109917
109947
109977
110007
110037
110067
110097
110127
110160
110190
110220
110250
110280
110310
110340
110370
110400
110430
110460
110490
110520
110550
110580
110610
110640
110670
110700
110730
110760
110790
110820
110852
110882
110912
110942
110972
111002
111032
111062
111092
111122
111152
111182
111212
111242
111272
111302
111332
111362
111392
111422
111452
111482
111512
111544
111574
111604
111634
111664
111694
111724
111754
111784
111814
111844
111874
111904
111934
111964
111994
112024
112054
112084
112114
112144
112174
112206
112236
112266
112296
112326
112356
112386
112416
112446
112476
112506
112536
112566
112596
112626
112656
112686
112716
112746
112776
112806
112836
112866
112897
112927
112957
112987
113017
113047
113077
113107
113137
113167
113197
113227
113257
113287
113317
113347
113377
113407
113437
113467
113497
113527
113557
113586
113616
113646
113692
113722
113752
113782
113812
113842
113872
113902
113932
113962
113992
114022
114052
114082
114112
114142
114175
114205
114235
114266
114296
114326
114353
114383
114413
114443
114473
114503
114533
114563
114593
114623
114653
114683
114713
114743
114773
114803
114833
114855
114885
114915
114946
114976
115006
115044
115074
115104
115134
115164
115194
115224
115254
115284
115314
115344
115374
115404
115434
115464
115494
115535
115565
115595
115626
115656
115686
115705
115735
115765
115795
115825
11583
115855
115885
115915
115945
115975
116005
116035
116065
116095
116125
11613
116155
116185
116215
116245
116275
116306
116336
116366
116396
116426
11643
116456
116486
116516
116546
116576
116606
116636
116666
116696
116726
116756
116786
116816
116846
116876
116895
116925
116955
116986
117016
117046
117087
117117
117147
117177
117207
117237
117267
117297
117327
117357
117387
117417
117447
117477
117507
117537
117575
117605
117635
117644
117674
117704
117734
117764
117794
117824
117854
117884
117914
117944
117974
118004
118034
118064
118094
118124
118154
118184
118214
118244
118274
118304
118335
118365
118395
118425
118455
118485
118515
118545
118575
118605
118635
118665
118695
118725
118755
118785
118815
118845
118875
118905
118935
118965
118995
119026
119056
119086
119116
119146
119176
119206
119236
119266
119296
119326
119356
119386
119416
119446
119476
119506
119536
119566
119596
119626
119656
119688
119718
119748
119778
119808
119838
119868
119898
119928
119958
119988
120018
120048
120078
120108
120138
120168
120198
120228
120258
120288
120318
120348
120380
120410
120440
120470
120500
120530
120560
120590
120620
120650
120680
120710
120740
120770
120800
120830
120860
120890
120920
120950
120980
121010
121042
121072
121102
121132
121162
121192
121222
121252
121282
121312
121342
121372
121402
121432
121462
121492
121522
121552
121582
121612
121642
121672
121702
121735
121765
121795
121825
121855
121885
121915
121945
121975
122005
122035
122065
122095
122125
122155
122185
122215
122245
122275
122305
122335
122365
122395
122428
122458
12247
122488
122518
122548
122578
122608
122638
122668
122698
122728
122758
12277
122788
122818
122848
122878
122908
122938
122968
122998
123028
123058
12307
123092
123122
123152
123182
123212
123242
123272
123302
123332
123362
12337
123392
123422
123452
123482
123512
123542
123572
123602
123632
123662
123692
123722
123752
123787
123817
123847
123877
123907
123937
123967
123997
124027
124057
124087
124117
124147
124177
124207
124237
124267
124297
124327
124357
124387
124417
124452
124482
124512
124542
124572
124602
124632
124662
124692
124722
124752
124782
124812
124842
124872
124902
124932
124962
124992
125022
125052
125082
125112
125148
125178
125208
125238
125268
125298
125328
125358
125388
125418
125448
125478
125508
125538
125568
125598
125628
125658
125688
125718
125748
125778
125815
125845
125875
125905
125935
125965
125995
126025
126055
126085
126115
126145
126175
126205
126235
126265
126295
126325
126355
126385
126415
126445
126483
126513
126543
126573
126603
126633
126663
126693
126723
126753
126783
126813
126843
126873
126903
126933
126963
126993
127023
127053
127083
127113
127143
127182
127212
127242
127272
127302
127332
127362
127392
127422
127452
127482
127512
127542
127572
127602
127632
127662
127692
127722
127752
127782
127812
127852
127882
127912
127942
127972
128002
128032
128062
128092
128122
128152
128182
128212
128242
128272
128302
128332
128362
128392
128422
128452
128482
128523
128553
128583
128613
128643
128673
128703
128733
128763
128793
128823
128853
128883
128913
128943
128973
129003
129033
129063
129093
129123
129153
129183
129225
129255
129285
129315
129345
12935
129375
129405
129435
129465
129495
129525
129555
129585
129615
129645
12965
129675
129705
129735
129765
129795
129825
129855
129898
129928
12995
129958
129988
130018
130048
130078
130108
130138
130168
130198
130228
13025
130258
130288
130318
130348
130378
130408
130438
130468
130498
130528
130573
130603
130633
130663
130693
130723
130753
130783
130813
130843
130873
130903
130933
130963
130993
131023
131053
131083
131113
131143
131173
131203
131249
131279
131309
131339
131369
131399
131429
131459
131489
131519
131549
131579
131609
131639
131669
131699
131729
131759
131789
131819
131849
131879
131926
131956
131986
132016
132046
132076
132106
132136
132166
132196
132226
132256
132286
132316
132346
132376
132406
132436
132466
132496
132526
132556
132605
132635
132665
132695
132725
132755
132785
132815
132845
132875
132905
132935
132965
132995
133025
133055
133085
133115
133145
133175
133205
133235
133285
133315
133345
133375
133405
133435
133465
133495
133525
133555
133585
133615
133645
133675
133705
133735
133765
133795
133825
133855
133885
133915
133967
133997
134027
134057
134087
134117
134147
134177
134207
134237
134267
134297
134327
134357
134387
134417
134447
134477
134507
134537
134567
134597
134650
134680
134710
134740
134770
134800
134830
134860
134890
134920
134950
134980
135010
135040
135070
135100
135130
135160
135190
135220
135250
135280
135335
135365
135395
135425
135455
135485
135515
135545
135575
135605
135635
135665
135695
135725
135755
135785
135815
135845
135875
135905
135935
135965
136021
136051
136081
136111
136141
13617
136171
136201
136231
136261
136291
136321
136351
136381
136411
136441
13647
136471
136501
136531
136561
136591
136621
136651
136709
136739
136769
13677
136799
136829
136859
136889
136919
136949
136979
137009
137039
137069
13707
137099
137129
137159
137189
137219
137249
137279
137309
137369
137399
137429
137459
137489
137519
137549
137579
137609
137639
137669
137699
137729
137759
137789
137819
137849
137879
137909
137939
137969
137999
138061
138091
138121
138151
138181
138211
138241
138271
138301
138331
138361
138391
138421
138451
138481
138511
138541
138571
138601
138631
138661
138725
138755
138785
138815
138845
138875
138905
138935
138965
138995
139025
139055
139085
139115
139145
139175
139205
139235
139265
139295
139325
139355
139421
139451
139481
139511
139541
139571
139601
139631
139661
139691
139721
139751
139781
139811
139841
139871
139901
139931
139961
139991
140021
140089
140119
140149
140179
140209
140239
140269
140299
140329
140359
140389
140419
140449
140479
140509
140539
140569
140599
140629
140659
140689
140719
140789
140819
140849
140879
140909
140939
140969
140999
141029
141059
141089
141119
141149
141179
141209
141239
141269
141299
141329
141359
141389
141461
141491
141521
141551
141581
141611
141641
141671
141701
141731
141761
141791
141821
141851
141881
141911
141941
141971
142001
142031
142061
142135
142165
142195
142225
142255
142285
142315
142345
142375
142405
142435
142465
142495
142525
142555
142585
142615
142645
142675
142705
142735
142811
142841
142871
142901
14293
142931
142961
142991
143021
143051
143081
143111
143141
143171
143201
14323
143231
143261
143291
143321
143351
143381
143411
143490
143520
14353
143550
143580
143610
143640
143670
143700
143730
143760
143790
143820
14383
143850
143880
143910
143940
143970
144000
144030
144060
144090
144171
144201
144231
144261
144291
144321
144351
144381
144411
144441
144471
144501
144531
144561
144591
144621
144651
144681
144711
144741
144771
144854
144884
144914
144944
144974
145004
145034
145064
145094
145124
145154
145184
145214
145244
145274
145304
145334
145364
145394
145424
145454
145540
145570
145600
145630
145660
145690
145720
145750
145780
145810
145840
145870
145900
145930
145960
145990
146020
146050
146080
146110
146140
146228
146258
146288
146318
146348
146378
146408
146438
146468
146498
146528
146558
146588
146618
146648
146678
146708
146738
146768
146798
146889
146919
146949
146979
147009
147039
147069
147099
147129
147159
147189
147219
147249
147279
147309
147339
147369
147399
147429
147459
147489
147583
147613
147643
147673
147703
147733
147763
147793
147823
147853
147883
147913
147943
147973
148003
148033
148063
148093
148123
148153
148249
148279
148309
148339
148369
148399
148429
148459
148489
148519
148549
148579
148609
148639
148669
148699
148729
148759
148789
148819
148849
148948
148978
149008
149038
149068
149098
149128
149158
149188
149218
149248
149278
149308
149338
149368
149398
149428
149458
149488
149518
14962
149620
149650
149680
149710
149740
149770
149800
149830
149860
149890
14992
149920
149950
149980
150010
150040
150070
150100
150130
150160
150190
15022
150295
150325
150355
150385
150415
150445
150475
150505
15052
150535
150565
150595
150625
150655
150685
150715
150745
150775
150805
15082
150835
150865
150972
151002
151032
151062
151092
151122
151152
151182
151212
151242
151272
151302
151332
151362
151392
151422
151452
151482
151512
151542
151652
151682
151712
151742
151772
151802
151832
151862
151892
151922
151952
151982
152012
152042
152072
152102
152132
152162
152192
152222
152335
152365
152395
152425
152455
152485
152515
152545
152575
152605
152635
152665
152695
152725
152755
152785
152815
152845
152875
152905
153021
153051
153081
153111
153141
153171
153201
153231
153261
153291
153321
153351
153381
153411
153441
153471
153501
153531
153561
153681
153711
153741
153771
153801
153831
153861
153891
153921
153951
153981
154011
154041
154071
154101
154131
154161
154191
154221
154251
154374
154404
154434
154464
154494
154524
154554
154584
154614
154644
154674
154704
154734
154764
154794
154824
154854
154884
154914
155040
155070
155100
155130
155160
155190
155220
155250
155280
155310
155340
155370
155400
155430
155460
155490
155520
155550
155580
155610
155739
155769
155799
155829
155859
155889
155919
155949
155979
156009
156039
156069
156099
156129
156159
156189
156219
156249
156279
156411
156441
156471
156501
156531
15655
156561
156591
156621
156651
156681
156711
156741
156771
156801
156831
15685
156861
156891
156921
156951
157087
157117
157147
15715
157177
157207
157237
157267
157297
157327
157357
157387
157417
157447
15745
157477
157507
157537
157567
157597
157627
15775
157766
157796
157826
157856
157886
157916
157946
157976
158006
158036
158066
158096
158126
158156
158186
158216
158246
158276
158306
158448
158478
158508
158538
158568
158598
158628
158658
158688
158718
158748
158778
158808
158838
158868
158898
158928
158958
158988
159134
159164
159194
159224
159254
159284
159314
159344
159374
159404
159434
159464
159494
159524
159554
159584
159614
159644
159674
159824
159854
159884
159914
159944
159974
160004
160034
160064
160094
160124
160154
160184
160214
160244
160274
160304
160334
160487
160517
160547
160577
160607
160637
160667
160697
160727
160757
160787
160817
160847
160877
160907
160937
160967
160997
161027
161184
161214
161244
161274
161304
161334
161364
161394
161424
161454
161484
161514
161544
161574
161604
161634
161664
161694
161854
161884
161914
161944
161974
162004
162034
162064
162094
162124
162154
162184
162214
162244
162274
162304
162334
162364
162528
162558
162588
162618
162648
162678
162708
162738
162768
162798
162828
162858
162888
162918
162948
162978
163008
163038
163206
163236
163266
163296
163326
163356
163386
163416
16342
163446
163476
163506
163536
163566
163596
163626
163656
163686
163716
16372
163888
163918
163948
163978
164008
16402
164038
164068
164098
164128
164158
164188
164218
164248
164278
164308
16432
164338
164368
164398
164574
164604
16462
164634
164664
164694
164724
164754
164784
164814
164844
164874
164904
164934
164964
164994
165024
165054
165084
165263
165293
165323
165353
165383
165413
165443
165473
165503
165533
165563
165593
165623
165653
165683
165713
165743
165926
165956
165986
166016
166046
166076
166106
166136
166166
166196
166226
166256
166286
166316
166346
166376
166406
166436
166623
166653
166683
166713
166743
166773
166803
166833
166863
166893
166923
166953
166983
167013
167043
167073
167103
167294
167324
167354
167384
167414
167444
167474
167504
167534
167564
167594
167624
167654
167684
167714
167744
167774
167969
167999
168029
168059
168089
168119
168149
168179
168209
168239
168269
168299
168329
168359
168389
168419
168449
168649
168679
168709
168739
168769
168799
168829
168859
168889
168919
168949
168979
169009
169039
169069
169099
169129
169333
169363
169393
169423
169453
169483
169513
169543
169573
169603
169633
169663
169693
169723
169753
169783
169813
170021
170051
170081
170111
170141
170171
170201
17023
170231
170261
170291
170321
170351
170381
170411
170441
170471
17053
170683
170713
170743
170773
170803
17083
170833
170863
170893
170923
170953
170983
171013
171043
171073
171103
17113
171133
171163
171380
171410
17143
171440
171470
171500
171530
171560
171590
171620
171650
171680
171710
171740
171770
171800
171830
172051
172081
172111
172141
172171
172201
172231
172261
172291
172321
172351
172381
172411
172441
172471
172501
172726
172756
172786
172816
172846
172876
172906
172936
172966
172996
173026
173056
173086
173116
173146
173176
173406
173436
173466
173496
173526
173556
173586
173616
173646
173676
173706
173736
173766
173796
173826
173856
174090
174120
174150
174180
174210
174240
174270
174300
174330
174360
174390
174420
174450
174480
174510
174540
174779
174809
174839
174869
174899
174929
174959
174989
175019
175049
175079
175109
175139
175169
175199
175442
175472
175502
175532
175562
175592
175622
175652
175682
175712
175742
175772
175802
175832
175862
175892
176140
176170
176200
176230
176260
176290
176320
176350
176380
176410
176440
176470
176500
176530
176560
176812
176842
176872
176902
176932
176962
17698
176992
177022
177052
177082
177112
177142
177172
177202
177232
17728
177489
177519
177549
177579
17758
177609
177639
177669
177699
177729
177759
177789
177819
177849
177879
17788
177909
178171
17818
178201
178231
178261
178291
178321
178351
178381
178411
178441
178471
178501
178531
178561
178591
178857
178887
178917
178947
178977
179007
179037
179067
179097
179127
179157
179187
179217
179247
179277
179548
179578
179608
179638
179668
179698
179728
179758
179788
179818
179848
179878
179908
179938
180214
180244
180274
180304
180334
180364
180394
180424
180454
180484
180514
180544
180574
180604
180885
180915
180945
180975
181005
181035
181065
181095
181125
181155
181185
181215
181245
181275
181561
181591
181621
181651
181681
181711
181741
181771
181801
181831
181861
181891
181921
181951
182242
182272
182302
182332
182362
182392
182422
182452
182482
182512
182542
182572
182602
182632
182928
182958
182988
183018
183048
183078
183108
183138
183168
183198
183228
183258
183288
183318
183619
183649
18367
183679
183709
183739
183769
183799
183829
183859
183889
183919
183949
18397
183979
18427
184285
184315
184345
184375
184405
184435
184465
184495
184525
184555
18457
184585
184615
184645
184675
18487
184986
185016
185046
185076
185106
185136
185166
18517
185196
185226
185256
185286
185316
185346
185662
185692
185722
185752
185782
185812
185842
185872
185902
185932
185962
185992
186022
186343
186373
186403
186433
186463
186493
186523
186553
186583
186613
186643
186673
186703
187029
187059
187089
187119
187149
187179
187209
187239
187269
187299
187329
187359
187690
187720
187750
187780
187810
187840
187870
187900
187930
187960
187990
188020
188050
188387
188417
188447
188477
188507
188537
188567
188597
188627
188657
188687
188717
189059
189089
189119
189149
189179
189209
189239
189269
189299
189329
189359
189389
189736
189766
189796
189826
189856
189886
189916
189946
189976
190006
190036
190066
190419
190449
190479
190509
190539
190569
190599
19060
190629
190659
190689
190719
190749
19090
191107
191137
191167
191197
19120
191227
191257
191287
191317
191347
191377
191407
19150
191770
19180
191800
191830
191860
191890
191920
191950
191980
192010
192040
192070
19210
192100
192469
192499
192529
192559
192589
192619
192649
192679
192709
192739
192769
193143
193173
193203
193233
193263
193293
193323
193353
193383
193413
193443
193823
193853
193883
193913
193943
193973
194003
194033
194063
194093
194123
194508
194538
194568
194598
194628
194658
194688
194718
194748
194778
195169
195199
195229
195259
195289
195319
195349
195379
195409
195439
195469
195865
195895
195925
195955
195985
196015
196045
196075
196105
196135
196537
196567
196597
196627
196657
196687
196717
196747
196777
196807
197214
197244
197274
197304
197334
197364
197394
197424
197454
19747
197484
19777
197897
197927
197957
197987
198017
198047
19807
198077
198107
198137
198167
19837
198586
198616
198646
19867
198676
198706
198736
198766
198796
198826
19897
199250
199280
199310
199340
199370
199400
199430
199460
199490
199920
199950
199980
200010
200040
200070
200100
200130
200160
200190
200626
200656
200686
200716
200746
200776
200806
200836
200866
201308
201338
201368
201398
201428
201458
201488
201518
201965
201995
202025
202055
202085
202115
202145
202175
202205
202658
202688
202718
202748
202778
202808
202838
202868
203327
203357
203387
203417
203447
203477
203507
203537
204002
204032
204062
204092
204122
204152
204182
204212
20427
20457
204683
204713
204743
204773
204803
204833
204863
20487
204893
2049
20517
205370
205400
205430
205460
20547
205490
205520
205550
205580
20577
206063
206093
206123
206153
206183
206213
206243
206731
206761
206791
206821
206851
206881
206911
207405
207435
207465
207495
207525
207555
207585
208085
208115
208145
208175
208205
208235
208265
208771
208801
208831
208861
208891
208921
208951
209463
209493
209523
209553
209583
209613
210131
210161
210191
210221
210251
210281
210805
210835
210865
210895
210925
210955
21101
21131
211485
211515
211545
211575
211605
21161
211635
21191
212172
212202
21221
212232
212262
212292
212322
21251
212865
212895
212925
212955
212985
213534
213564
213594
213624
213654
214209
214239
214269
214299
214329
214890
214920
214950
214980
215010
215577
215607
215637
215667
216240
216270
216300
216330
216360
216939
216969
216999
217029
217615
217645
217675
21769
217705
21799
21829
218297
218327
218357
218387
21859
21889
218985
219015
219045
21919
21949
219649
219679
219709
219739
220349
220379
220409
221026
221056
221086
221709
221739
222368
222398
222428
223063
223093
223735
223765
224413
224443
22461
22491
225097
225127
22521
22551
225787
22581
22611
22641
226454
227127
227806
228491
23147
23177
23207
23237
23267
23297
23327
23827
23857
23887
23917
23947
23977
24007
24501
24531
24561
24591
24621
24651
24681
25169
25199
25229
25259
25289
25319
25349
25379
25862
25892
25922
25952
25982
26012
26042
26072
26549
26579
26609
26639
26669
26699
26729
27200
27230
27260
27290
27320
27350
27380
2741
27410
27440
27905
27935
27965
27995
28025
28055
28085
28115
28574
28604
28634
28664
28694
28724
28754
28784
28814
29267
29297
29327
29357
29387
29417
29447
29477
29924
29954
29984
30014
30044
30074
30104
30134
30164
30606
30636
30666
30696
30726
30756
30786
30816
30846
31282
31312
31342
31372
31402
31432
31462
31492
31522
31552
31982
32012
32042
32072
32102
32132
32162
32192
32222
32646
32676
32706
32736
32766
32796
32826
32856
32886
32916
33335
33365
33395
33425
33455
33485
33515
33545
33575
33605
34018
34048
34078
34108
34138
34168
34198
34228
34258
3426
34288
34695
34725
34755
34785
34815
34845
34875
34905
34935
34965
35367
35397
35427
35457
35487
35517
35547
35577
35607
35637
35667
36063
36093
36123
36153
36183
36213
36243
36273
36303
36333
36724
36754
36784
36814
36844
36874
36904
36934
36964
36994
37024
37409
37439
37469
37499
37529
37559
37589
37619
37649
37679
37709
38089
38119
38149
38179
38209
38239
38269
38299
38329
38359
38389
38763
38793
38823
38853
38883
38913
38943
38973
39003
39033
39063
39093
39462
39492
39522
39552
39582
39612
39642
39672
39702
39732
39762
40125
40155
40185
40215
40245
40275
40305
40335
40365
40395
40425
40455
40813
40843
40873
40903
40933
40963
40993
41023
4105
41053
41083
41113
41143
41496
41526
41556
41586
41616
41646
41676
41706
41736
41766
41796
41826
42173
42203
42233
42263
42293
42323
42353
42383
42413
42443
42473
42503
42845
42875
42905
42935
42965
42995
43025
43055
43085
43115
43145
43175
43205
43542
43572
43602
43632
43662
43692
43722
43752
43782
43812
43842
43872
44203
44233
44263
44293
44323
44353
44383
44413
44443
44473
44503
44533
44563
44889
44919
44949
44979
45009
45039
45069
45099
45129
45159
45189
45219
45249
45570
45600
45630
45660
45690
45720
45750
45780
45810
45840
45870
45900
45930
46246
46276
46306
46336
46366
46396
46426
46456
46486
46516
46546
46576
46606
46636
46947
46977
47007
47037
47067
47097
47127
47157
47187
47217
47247
47277
47307
47613
47643
47673
47703
47733
47763
4778
47793
47823
47853
47883
47913
47943
47973
48003
48304
48334
48364
48394
48424
48454
48484
48514
48544
48574
48604
48634
48664
48960
48990
49020
49050
49080
49110
49140
49170
49200
49230
49260
49290
49320
49350
49641
49671
49701
49731
49761
49791
49821
49851
49881
49911
49941
49971
50001
50031
50061
50347
50377
50407
50437
50467
50497
50527
50557
50587
50617
50647
50677
50707
50737
51018
51048
51078
51108
51138
51168
51198
51228
51258
51288
51318
51348
51378
51408
51684
51714
51744
51774
51804
51834
51864
51894
51924
51954
51984
52014
52044
52074
52104
52375
52405
52435
52465
52495
52525
52555
52585
52615
52645
52675
52705
52735
52765
52795
53061
53091
53121
53151
53181
53211
53241
53271
53301
53331
53361
53391
53421
53451
53481
53743
53773
53803
53833
53863
53893
53923
53953
53983
54013
54043
54073
54103
54133
54163
54420
5445
54450
54480
54510
54540
54570
54600
54630
54660
54690
54720
5475
54750
54780
54810
54840
55092
55122
55152
55182
55212
55242
55272
55302
55332
55362
55392
55422
55452
55482
55512
55760
55790
55820
55850
55880
55910
55940
55970
56000
56030
56060
56090
56120
56150
56180
56210
56453
56483
56513
56543
56573
56603
56633
56663
56693
56723
56753
56783
56813
56843
56873
56903
57142
57172
57202
57232
57262
57292
57322
57352
57382
57412
57442
57472
57502
57532
57562
57592
57826
57856
57886
57916
57946
57976
58006
58036
58066
58096
58126
58156
58186
58216
58246
58276
58506
58536
58566
58596
58626
58656
58686
58716
58746
58776
58806
58836
58866
58896
58926
58956
59181
59211
59241
59271
59301
59331
59361
59391
59421
59451
59481
59511
59541
59571
59601
59631
59852
59882
59912
59942
59972
60002
60032
60062
60092
60122
60152
60182
60212
60242
60272
60302
60332
60549
60579
60609
60639
60669
60699
60729
60759
60789
60819
60849
60879
60909
60939
60969
60999
61211
61241
61271
61301
61331
6135
61361
61391
61421
61451
61481
61511
61541
61571
61601
61631
6165
61661
61691
61899
61929
61959
61989
62019
62049
62079
62109
62139
62169
62199
62229
62259
62289
62319
62349
62379
62583
62613
62643
62673
62703
62733
62763
62793
62823
62853
62883
62913
62943
62973
63003
63033
63063
63263
63293
63323
63353
63383
63413
63443
63473
63503
63533
63563
63593
63623
63653
63683
63713
63743
63938
63968
63998
64028
64058
64088
64118
64148
64178
64208
64238
64268
64298
64328
64358
64388
64418
64609
64639
64669
64699
64729
64759
64789
64819
64849
64879
64909
64939
64969
64999
65029
65059
65089
65119
65306
65336
65366
65396
65426
65456
65486
65516
65546
65576
65606
65636
65666
65696
65726
65756
65786
65969
65999
66029
66059
66089
66119
66149
66179
66209
66239
66269
66299
66329
66359
66389
66419
66449
66479
66658
66688
66718
66748
66778
66808
66838
66868
66898
66928
66958
66988
67018
67048
67078
67108
67138
67168
67344
67374
67404
67434
67464
67494
67524
67554
67584
67614
67644
67674
67704
67734
67764
67794
67824
67854
68026
68056
68086
68116
68146
68176
6819
68206
68236
68266
68296
68326
68356
68386
68416
68446
68476
6849
68506
68536
68704
68734
68764
68794
68824
68854
68884
68914
68944
68974
69004
69034
69064
69094
69124
69154
69184
69214
69378
69408
69438
69468
69498
69528
69558
69588
69618
69648
69678
69708
69738
69768
69798
69828
69858
69888
70048
70078
70108
70138
70168
70198
70228
70258
70288
70318
70348
70378
70408
70438
70468
70498
70528
70558
70588
70745
70775
70805
70835
70865
70895
70925
70955
70985
71015
71045
71075
71105
71135
71165
71195
71225
71255
71408
71438
71468
71498
71528
71558
71588
71618
71648
71678
71708
71738
71768
71798
71828
71858
71888
71918
71948
72098
72128
72158
72188
72218
72248
72278
72308
72338
72368
72398
72428
72458
72488
72518
72548
72578
72608
72638
72784
72814
72844
72874
72904
72934
72964
72994
73024
73054
73084
73114
73144
73174
73204
73234
73264
73294
73324
73466
73496
73526
73556
73586
73616
73646
73676
73706
73736
73766
73796
73826
73856
73886
73916
73946
73976
74006
74145
74175
74205
74235
74265
74295
74325
74355
74385
74415
74445
74475
74505
74535
74565
74595
74625
74655
74685
74821
74851
74881
74911
74941
7497
74971
75001
75031
75061
75091
75121
75151
75181
75211
75241
7527
75271
75301
75331
75361
75493
75523
75553
75583
75613
75643
75673
75703
75733
75763
75793
75823
75853
75883
75913
75943
75973
76003
76033
76162
76192
76222
76252
76282
76312
76342
76372
76402
76432
76462
76492
76522
76552
76582
76612
76642
76672
76702
76732
76858
76888
76918
76948
76978
77008
77038
77068
77098
77128
77158
77188
77218
77248
77278
77308
77338
77368
77398
77521
77551
77581
77611
77641
77671
77701
77731
77761
77791
77821
77851
77881
77911
77941
77971
78001
78031
78061
78091
78211
78241
78271
78301
78331
78361
78391
78421
78451
78481
78511
78541
78571
78601
78631
78661
78691
78721
78751
78781
78897
78927
78957
78987
79017
79047
79077
79107
79137
79167
79197
79227
79257
79287
79317
79347
79377
79407
79437
79467
79580
79610
79640
79670
79700
79730
79760
79790
79820
79850
79880
79910
79940
79970
80000
80030
80060
80090
80120
80150
80260
80290
80320
80350
80380
80410
80440
80470
80500
80530
80560
80590
80620
80650
80680
80710
80740
80770
80800
80830
80937
80967
80997
81027
81057
81087
81117
81147
81177
81207
81237
81267
81297
81327
81357
81387
81417
81447
81477
81507
81612
81642
81672
8169
81702
81732
81762
81792
81822
81852
81882
81912
81942
81972
8199
82002
82032
82062
82092
82122
82152
82182
82284
8229
82314
82344
82374
82404
82434
82464
82494
82524
82554
82584
82614
82644
82674
82704
82734
82764
82794
82824
82854
82884
82983
83013
83043
83073
83103
83133
83163
83193
83223
83253
83283
83313
83343
83373
83403
83433
83463
83493
83523
83553
83649
83679
83709
83739
83769
83799
83829
83859
83889
83919
83949
83979
84009
84039
84069
84099
84129
84159
84189
84219
84249
84343
84373
84403
84433
84463
84493
84523
84553
84583
84613
84643
84673
84703
84733
84763
84793
84823
84853
84883
84913
85004
85034
85064
85094
85124
85154
85184
85214
85244
85274
85304
85334
85364
85394
85424
85454
85484
85514
85544
85574
85604
85692
85722
85752
85782
85812
85842
85872
85902
85932
85962
85992
86022
86052
86082
86112
86142
86172
86202
86232
86262
86292
86378
86408
86438
86468
86498
86528
86558
86588
86618
86648
86678
86708
86738
86768
86798
86828
86858
86888
86918
86948
86978
87061
87091
87121
87151
87181
87211
87241
87271
87301
87331
87361
87391
87421
87451
87481
87511
87541
87571
87601
87631
87661
87742
87772
87802
87832
87862
87892
87922
87952
87982
88012
88042
88072
88102
88132
88162
88192
88222
88252
88282
88312
88342
88421
88451
88481
88511
88541
88571
88601
88631
8864
88661
88691
88721
88751
88781
88811
88841
88871
88901
88931
8894
88961
88991
89021
89097
89127
89157
89187
89217
89247
89277
89307
89337
89367
89397
89427
89457
89487
89517
89547
89577
89607
89637
89667
89697
89771
89801
89831
89861
89891
89921
89951
89981
90011
90041
90071
90101
90131
90161
90191
90221
90251
90281
90311
90341
90371
90443
90473
90503
90533
90563
90593
90623
90653
90683
90713
90743
90773
90803
90833
90863
90893
90923
90953
90983
91013
91043
91073
91143
91173
91203
91233
91263
91293
91323
91353
91383
91413
91443
91473
91503
91533
91563
91593
91623
91653
91683
91713
91743
91811
91841
91871
91901
91931
91961
91991
92021
92051
92081
92111
92141
92171
92201
92231
92261
92291
92321
92351
92381
92411
92441
92507
92537
92567
92597
92627
92657
92687
92717
92747
92777
92807
92837
92867
92897
92927
92957
92987
93017
93047
93077
93107
93171
93201
93231
93261
93291
93321
93351
93381
93411
93441
93471
93501
93531
93561
93591
93621
93651
93681
93711
93741
93771
93801
93863
93893
93923
93953
93983
94013
94043
94073
94103
94133
94163
94193
94223
94253
94283
94313
94343
94373
94403
94433
94463
94523
94553
94583
94613
94643
94673
94703
94733
94763
94793
94823
94853
94883
94913
94943
94973
95003
95033
95063
95093
95123
95153
95211
9523
95241
95271
95301
95331
95361
95391
95421
95451
95481
95511
9553
95541
95571
95601
95631
95661
95691
95721
95751
95781
95811
9583
95841
95897
95927
95957
95987
96017
96047
96077
96107
96137
96167
96197
96227
96257
96287
96317
96347
96377
96407
96437
96467
96497
96527
96582
96612
96642
96672
96702
96732
96762
96792
96822
96852
96882
96912
96942
96972
97002
97032
97062
97092
97122
97152
97182
97212
97265
97295
97325
97355
97385
97415
97445
97475
97505
97535
97565
97595
97625
97655
97685
97715
97745
97775
97805
97835
97865
97895
97947
97977
98007
98037
98067
98097
98127
98157
98187
98217
98247
98277
98307
98337
98367
98397
98427
98457
98487
98517
98547
98577
98627
98657
98687
98717
98747
98777
98807
98837
98867
98897
98927
98957
98987
99017
99047
99077
99107
99137
99167
99197
99227
99257
99306
99336
99366
99396
99426
99456
99486
99516
99546
99576
99606
99636
99666
99696
99726
99756
99786
99816
99846
99876
99906
99936
99983
