100006
100036
100066
100096
100126
100156
100186
100216
100246
100276
100306
100336
100366
100396
100426
100456
100486
100516
100546
100576
100606
100652
100682
100712
100742
100772
100802
100832
100862
100892
100922
100952
100982
101012
101042
101072
101102
101132
101162
101192
101222
101252
101282
101327
101357
101387
101417
101447
101477
101507
101537
101567
101597
101627
101657
101687
101717
101747
101777
101807
101837
101867
101897
101927
101957
102000
102030
102060
102090
102120
102150
102180
102210
102240
102270
10229
102300
102330
102360
102390
102420
102450
102480
102510
102540
102570
10259
102600
102630
102660
102702
102732
102762
102792
102822
102852
102882
10289
102912
102942
102972
103002
103032
103062
103092
103122
103152
103182
103212
103242
103272
103302
103332
103373
103403
103433
103463
103493
103523
103553
103583
103613
103643
103673
103703
103733
103763
103793
103823
103853
103883
103913
103943
103973
104003
104043
104073
104103
104133
104163
104193
104223
104253
104283
104313
104343
104373
104403
104433
104463
104493
104523
104553
104583
104613
104643
104673
104703
104742
104772
104802
104832
104862
104892
104922
104952
104982
105012
105042
105072
105102
105132
105162
105192
105222
105252
105282
105312
105342
105372
105410
105440
105470
105500
105530
105560
105590
105620
105650
105680
105710
105740
105770
105800
105830
105860
105890
105920
105950
105980
106010
106040
106070
106107
106137
106167
106197
106227
106257
106287
106317
106347
106377
106407
106437
106467
106497
106527
106557
106587
106617
106647
106677
106707
106737
106773
106803
106833
106863
106893
106923
106953
106983
107013
107043
107073
107103
107133
107163
107193
107223
107253
107283
107313
107343
107373
107403
107433
107468
107498
107528
107558
107588
107618
107648
107678
107708
107738
107768
107798
107828
107858
107888
107918
107948
107978
108008
108038
108068
108098
108133
108163
108193
108223
108253
108283
108313
108343
108373
108403
108433
108463
108493
108523
108553
108583
108613
108643
108673
108703
108733
108763
108793
108827
108857
108887
108917
108947
108977
109007
109037
10906
109067
109097
109127
109157
109187
109217
109247
109277
109307
109337
10936
109367
109397
109427
109457
109490
109520
109550
109580
109610
109640
10966
109670
109700
109730
109760
109790
109820
109850
109880
109910
109940
109970
110000
110030
110060
110090
110120
110150
110183
110213
110243
110273
110303
110333
110363
110393
110423
110453
110483
110513
110543
110573
110603
110633
110663
110693
110723
110753
110783
110813
110845
110875
110905
110935
110965
110995
111025
111055
111085
111115
111145
111175
111205
111235
111265
111295
111325
111355
111385
111415
111445
111475
111505
111537
111567
111597
111627
111657
111687
111717
111747
111777
111807
111837
111867
111897
111927
111957
111987
112017
112047
112077
112107
112137
112167
112197
112229
112259
112289
112319
112349
112379
112409
112439
112469
112499
112529
112559
112589
112619
112649
112679
112709
112739
112769
112799
112829
112859
112890
112920
112950
112980
113010
113040
113070
113100
113130
113160
113190
113220
113250
113280
113310
113340
113370
113400
113430
113460
113490
113520
113550
113579
113609
113639
113685
113715
113745
113775
113805
113835
113865
113895
113925
113955
113985
114015
114045
114075
114105
114135
114168
114198
114228
114259
114289
114319
114346
114376
114406
114436
114466
114496
114526
114556
114586
114616
114646
114676
114706
114736
114766
114796
114826
114848
114878
114908
114939
114969
114999
115037
115067
115097
115127
115157
115187
115217
115247
115277
115307
115337
115367
115397
115427
115457
115487
115517
115528
115558
115588
115619
115649
115679
115728
115758
11576
115788
115818
115848
115878
115908
115938
115968
115998
116028
116058
11606
116088
116118
116148
116178
116208
116238
116268
116299
116329
116359
11636
116389
116419
116449
116479
116509
116539
116569
116599
116629
116659
116689
116719
116749
116779
116809
116839
116869
116888
116918
116948
116979
117009
117039
117080
117110
117140
117170
117200
117230
117260
117290
117320
117350
117380
117410
117440
117470
117500
117530
117560
117568
117598
117628
117667
117697
117727
117757
117787
117817
117847
117877
117907
117937
117967
117997
118027
118057
118087
118117
118147
118177
118207
118237
118267
118297
118328
118358
118388
118418
118448
118478
118508
118538
118568
118598
118628
118658
118688
118718
118748
118778
118808
118838
118868
118898
118928
118958
118988
119019
119049
119079
119109
119139
119169
119199
119229
119259
119289
119319
119349
119379
119409
119439
119469
119499
119529
119559
119589
119619
119649
119681
119711
119741
119771
119801
119831
119861
119891
119921
119951
119981
120011
120041
120071
120101
120131
120161
120191
120221
120251
120281
120311
120341
120373
120403
120433
120463
120493
120523
120553
120583
120613
120643
120673
120703
120733
120763
120793
120823
120853
120883
120913
120943
120973
121003
121033
121065
121095
121125
121155
121185
121215
121245
121275
121305
121335
121365
121395
121425
121455
121485
121515
121545
121575
121605
121635
121665
121695
121728
121758
121788
121818
121848
121878
121908
121938
121968
121998
122028
122058
122088
122118
122148
122178
122208
122238
122268
122298
122328
122358
122388
12240
122421
122451
122481
122511
122541
122571
122601
122631
122661
122691
12270
122721
122751
122781
122811
122841
122871
122901
122931
122961
122991
12300
123021
123051
123085
123115
123145
123175
123205
123235
123265
123295
12330
123325
123355
123385
123415
123445
123475
123505
123535
123565
123595
123625
123655
123685
123715
123745
123780
123810
123840
123870
123900
123930
123960
123990
124020
124050
124080
124110
124140
124170
124200
124230
124260
124290
124320
124350
124380
124410
124445
124475
124505
124535
124565
124595
124625
124655
124685
124715
124745
124775
124805
124835
124865
124895
124925
124955
124985
125015
125045
125075
125105
125141
125171
125201
125231
125261
125291
125321
125351
125381
125411
125441
125471
125501
125531
125561
125591
125621
125651
125681
125711
125741
125771
125808
125838
125868
125898
125928
125958
125988
126018
126048
126078
126108
126138
126168
126198
126228
126258
126288
126318
126348
126378
126408
126438
126468
126506
126536
126566
126596
126626
126656
126686
126716
126746
126776
126806
126836
126866
126896
126926
126956
126986
127016
127046
127076
127106
127136
127175
127205
127235
127265
127295
127325
127355
127385
127415
127445
127475
127505
127535
127565
127595
127625
127655
127685
127715
127745
127775
127805
127845
127875
127905
127935
127965
127995
128025
128055
128085
128115
128145
128175
128205
128235
128265
128295
128325
128355
128385
128415
128445
128475
128505
128546
128576
128606
128636
128666
128696
128726
128756
128786
128816
128846
128876
128906
128936
128966
128996
129026
129056
129086
129116
129146
129176
129218
129248
129278
12928
129308
129338
129368
129398
129428
129458
129488
129518
129548
129578
12958
129608
129638
129668
129698
129728
129758
129788
129818
129848
12988
129891
129921
129951
129981
130011
130041
130071
130101
130131
130161
13018
130191
130221
130251
130281
130311
130341
130371
130401
130431
130461
130491
130521
130566
130596
130626
130656
130686
130716
130746
130776
130806
130836
130866
130896
130926
130956
130986
131016
131046
131076
131106
131136
131166
131196
131242
131272
131302
131332
131362
131392
131422
131452
131482
131512
131542
131572
131602
131632
131662
131692
131722
131752
131782
131812
131842
131872
131902
131949
131979
132009
132039
132069
132099
132129
132159
132189
132219
132249
132279
132309
132339
132369
132399
132429
132459
132489
132519
132549
132579
132628
132658
132688
132718
132748
132778
132808
132838
132868
132898
132928
132958
132988
133018
133048
133078
133108
133138
133168
133198
133228
133258
133308
133338
133368
133398
133428
133458
133488
133518
133548
133578
133608
133638
133668
133698
133728
133758
133788
133818
133848
133878
133908
133960
133990
134020
134050
134080
134110
134140
134170
134200
134230
134260
134290
134320
134350
134380
134410
134440
134470
134500
134530
134560
134590
134643
134673
134703
134733
134763
134793
134823
134853
134883
134913
134943
134973
135003
135033
135063
135093
135123
135153
135183
135213
135243
135273
135328
135358
135388
135418
135448
135478
135508
135538
135568
135598
135628
135658
135688
135718
135748
135778
135808
135838
135868
135898
135928
135958
136014
136044
136074
13610
136104
136134
136164
136194
136224
136254
136284
136314
136344
136374
13640
136404
136434
136464
136494
136524
136554
136584
136614
136644
13670
136702
136732
136762
136792
136822
136852
136882
136912
136942
136972
13700
137002
137032
137062
137092
137122
137152
137182
137212
137242
137272
137302
137362
137392
137422
137452
137482
137512
137542
137572
137602
137632
137662
137692
137722
137752
137782
137812
137842
137872
137902
137932
137962
137992
138054
138084
138114
138144
138174
138204
138234
138264
138294
138324
138354
138384
138414
138444
138474
138504
138534
138564
138594
138624
138654
138684
138748
138778
138808
138838
138868
138898
138928
138958
138988
139018
139048
139078
139108
139138
139168
139198
139228
139258
139288
139318
139348
139414
139444
139474
139504
139534
139564
139594
139624
139654
139684
139714
139744
139774
139804
139834
139864
139894
139924
139954
139984
140014
140082
140112
140142
140172
140202
140232
140262
140292
140322
140352
140382
140412
140442
140472
140502
140532
140562
140592
140622
140652
140682
140712
140782
140812
140842
140872
140902
140932
140962
140992
141022
141052
141082
141112
141142
141172
141202
141232
141262
141292
141322
141352
141382
141454
141484
141514
141544
141574
141604
141634
141664
141694
141724
141754
141784
141814
141844
141874
141904
141934
141964
141994
142024
142054
142128
142158
142188
142218
142248
142278
142308
142338
142368
142398
142428
142458
142488
142518
142548
142578
142608
142638
142668
142698
142728
142804
142834
14286
142864
142894
142924
142954
142984
143014
143044
143074
143104
143134
14316
143164
143194
143224
143254
143284
143314
143344
143374
143404
14346
143483
143513
143543
143573
143603
143633
143663
143693
143723
143753
14376
143783
143813
143843
143873
143903
143933
143963
143993
144023
144053
14406
144083
144164
144194
144224
144254
144284
144314
144344
144374
144404
144434
144464
144494
144524
144554
144584
144614
144644
144674
144704
144734
144764
144847
144877
144907
144937
144967
144997
145027
145057
145087
145117
145147
145177
145207
145237
145267
145297
145327
145357
145387
145417
145447
145533
145563
145593
145623
145653
145683
145713
145743
145773
145803
145833
145863
145893
145923
145953
145983
146013
146043
146073
146103
146133
146221
146251
146281
146311
146341
146371
146401
146431
146461
146491
146521
146551
146581
146611
146641
146671
146701
146731
146761
146791
146882
146912
146942
146972
147002
147032
147062
147092
147122
147152
147182
147212
147242
147272
147302
147332
147362
147392
147422
147452
147482
147576
147606
147636
147666
147696
147726
147756
147786
147816
147846
147876
147906
147936
147966
147996
148026
148056
148086
148116
148146
148242
148272
148302
148332
148362
148392
148422
148452
148482
148512
148542
148572
148602
148632
148662
148692
148722
148752
148782
148812
148842
148941
148971
149001
149031
149061
149091
149121
149151
149181
149211
149241
149271
149301
149331
149361
149391
149421
149451
149481
149511
149613
149643
149673
149703
149733
149763
149793
149823
14985
149853
149883
149913
149943
149973
150003
150033
150063
150093
150123
15015
150153
150183
150288
150318
150348
150378
150408
150438
15045
150468
150498
150528
150558
150588
150618
150648
150678
150708
150738
15075
150768
150798
150828
150858
150965
150995
151025
151055
151085
151115
151145
151175
151205
151235
151265
151295
151325
151355
151385
151415
151445
151475
151505
151535
151645
151675
151705
151735
151765
151795
151825
151855
151885
151915
151945
151975
152005
152035
152065
152095
152125
152155
152185
152215
152328
152358
152388
152418
152448
152478
152508
152538
152568
152598
152628
152658
152688
152718
152748
152778
152808
152838
152868
152898
153014
153044
153074
153104
153134
153164
153194
153224
153254
153284
153314
153344
153374
153404
153434
153464
153494
153524
153554
153584
153704
153734
153764
153794
153824
153854
153884
153914
153944
153974
154004
154034
154064
154094
154124
154154
154184
154214
154244
154367
154397
154427
154457
154487
154517
154547
154577
154607
154637
154667
154697
154727
154757
154787
154817
154847
154877
154907
154937
155063
155093
155123
155153
155183
155213
155243
155273
155303
155333
155363
155393
155423
155453
155483
155513
155543
155573
155603
155732
155762
155792
155822
155852
155882
155912
155942
155972
156002
156032
156062
156092
156122
156152
156182
156212
156242
156272
156404
156434
156464
15648
156494
156524
156554
156584
156614
156644
156674
156704
156734
156764
15678
156794
156824
156854
156884
156914
156944
15708
157080
157110
157140
157170
157200
157230
157260
157290
157320
157350
15738
157380
157410
157440
157470
157500
157530
157560
157590
157620
157650
15768
157789
157819
157849
157879
157909
157939
157969
157999
158029
158059
158089
158119
158149
158179
158209
158239
158269
158299
158441
158471
158501
158531
158561
158591
158621
158651
158681
158711
158741
158771
158801
158831
158861
158891
158921
158951
158981
159127
159157
159187
159217
159247
159277
159307
159337
159367
159397
159427
159457
159487
159517
159547
159577
159607
159637
159667
159817
159847
159877
159907
159937
159967
159997
160027
160057
160087
160117
160147
160177
160207
160237
160267
160297
160327
160480
160510
160540
160570
160600
160630
160660
160690
160720
160750
160780
160810
160840
160870
160900
160930
160960
160990
161020
161177
161207
161237
161267
161297
161327
161357
161387
161417
161447
161477
161507
161537
161567
161597
161627
161657
161687
161847
161877
161907
161937
161967
161997
162027
162057
162087
162117
162147
162177
162207
162237
162267
162297
162327
162357
162521
162551
162581
162611
162641
162671
162701
162731
162761
162791
162821
162851
162881
162911
162941
162971
163001
163031
163061
163229
163259
163289
163319
163349
16335
163379
163409
163439
163469
163499
163529
163559
163589
163619
163649
16365
163679
163709
163881
163911
163941
16395
163971
164001
164031
164061
164091
164121
164151
164181
164211
164241
16425
164271
164301
164331
164361
164391
16455
164567
164597
164627
164657
164687
164717
164747
164777
164807
164837
164867
164897
164927
164957
164987
165017
165047
165077
165256
165286
165316
165346
165376
165406
165436
165466
165496
165526
165556
165586
165616
165646
165676
165706
165736
165766
165949
165979
166009
166039
166069
166099
166129
166159
166189
166219
166249
166279
166309
166339
166369
166399
166429
166616
166646
166676
166706
166736
166766
166796
166826
166856
166886
166916
166946
166976
167006
167036
167066
167096
167287
167317
167347
167377
167407
167437
167467
167497
167527
167557
167587
167617
167647
167677
167707
167737
167767
167962
167992
168022
168052
168082
168112
168142
168172
168202
168232
168262
168292
168322
168352
168382
168412
168442
168642
168672
168702
168732
168762
168792
168822
168852
168882
168912
168942
168972
169002
169032
169062
169092
169122
169326
169356
169386
169416
169446
169476
169506
169536
169566
169596
169626
169656
169686
169716
169746
169776
169806
170014
170044
170074
170104
170134
17016
170164
170194
170224
170254
170284
170314
170344
170374
170404
170434
17046
170464
170494
170706
170736
17076
170766
170796
170826
170856
170886
170916
170946
170976
171006
171036
17106
171066
171096
171126
171156
17136
171373
171403
171433
171463
171493
171523
171553
171583
171613
171643
171673
171703
171733
171763
171793
171823
172044
172074
172104
172134
172164
172194
172224
172254
172284
172314
172344
172374
172404
172434
172464
172494
172524
172749
172779
172809
172839
172869
172899
172929
172959
172989
173019
173049
173079
173109
173139
173169
173199
173429
173459
173489
173519
173549
173579
173609
173639
173669
173699
173729
173759
173789
173819
173849
174083
174113
174143
174173
174203
174233
174263
174293
174323
174353
174383
174413
174443
174473
174503
174533
174772
174802
174832
174862
174892
174922
174952
174982
175012
175042
175072
175102
175132
175162
175192
175222
175465
175495
175525
175555
175585
175615
175645
175675
175705
175735
175765
175795
175825
175855
175885
176133
176163
176193
176223
176253
176283
176313
176343
176373
176403
176433
176463
176493
176523
176553
176805
176835
176865
176895
17691
176925
176955
176985
177015
177045
177075
177105
177135
177165
177195
17721
177225
177482
17751
177512
177542
177572
177602
177632
177662
177692
177722
177752
177782
17781
177812
177842
177872
177902
17811
178164
178194
178224
178254
178284
178314
178344
178374
178404
178434
178464
178494
178524
178554
178584
178850
178880
178910
178940
178970
179000
179030
179060
179090
179120
179150
179180
179210
179240
179270
179541
179571
179601
179631
179661
179691
179721
179751
179781
179811
179841
179871
179901
179931
180207
180237
180267
180297
180327
180357
180387
180417
180447
180477
180507
180537
180567
180597
180627
180908
180938
180968
180998
181028
181058
181088
181118
181148
181178
181208
181238
181268
181298
181584
181614
181644
181674
181704
181734
181764
181794
181824
181854
181884
181914
181944
181974
182265
182295
182325
182355
182385
182415
182445
182475
182505
182535
182565
182595
182625
182921
182951
182981
183011
183041
183071
183101
183131
183161
183191
183221
183251
183281
183311
18360
183612
183642
183672
183702
183732
183762
183792
183822
183852
183882
18390
183912
183942
183972
184002
18420
184308
184338
184368
184398
184428
184458
184488
18450
184518
184548
184578
184608
184638
184668
18480
184979
185009
185039
185069
185099
18510
185129
185159
185189
185219
185249
185279
185309
185339
185655
185685
185715
185745
185775
185805
185835
185865
185895
185925
185955
185985
186015
186336
186366
186396
186426
186456
186486
186516
186546
186576
186606
186636
186666
186696
187022
187052
187082
187112
187142
187172
187202
187232
187262
187292
187322
187352
187683
187713
187743
187773
187803
187833
187863
187893
187923
187953
187983
188013
188043
188380
188410
188440
188470
188500
188530
188560
188590
188620
188650
188680
188710
189052
189082
189112
189142
189172
189202
189232
189262
189292
189322
189352
189382
189729
189759
189789
189819
189849
189879
189909
189939
189969
189999
190029
190059
190412
190442
190472
190502
19053
190532
190562
190592
190622
190652
190682
190712
190742
19083
191100
19113
191130
191160
191190
191220
191250
191280
191310
191340
191370
191400
19143
19173
191763
191793
191823
191853
191883
191913
191943
191973
192003
19203
192033
192063
192093
192462
192492
192522
192552
192582
192612
192642
192672
192702
192732
192762
193136
193166
193196
193226
193256
193286
193316
193346
193376
193406
193436
193816
193846
193876
193906
193936
193966
193996
194026
194056
194086
194116
194501
194531
194561
194591
194621
194651
194681
194711
194741
194771
195162
195192
195222
195252
195282
195312
195342
195372
195402
195432
195462
195858
195888
195918
195948
195978
196008
196038
196068
196098
196128
196530
196560
196590
196620
196650
196680
196710
196740
196770
196800
197207
197237
197267
197297
197327
197357
197387
19740
197417
197447
197477
19770
197890
197920
197950
197980
19800
198010
198040
198070
198100
198130
198160
19830
198579
19860
198609
198639
198669
198699
198729
198759
198789
198819
19890
199243
199273
199303
199333
199363
199393
199423
199453
199483
199513
199943
199973
200003
200033
200063
200093
200123
200153
200183
200619
200649
200679
200709
200739
200769
200799
200829
200859
201301
201331
201361
201391
201421
201451
201481
201511
201541
201988
202018
202048
202078
202108
202138
202168
202198
202651
202681
202711
202741
202771
202801
202831
202861
203320
203350
203380
203410
203440
203470
203500
203530
203560
204025
204055
204085
204115
204145
204175
2042
20420
204205
204235
20450
204706
204736
204766
204796
20480
204826
204856
204886
20510
205363
205393
20540
205423
205453
205483
205513
205543
205573
20570
206056
206086
206116
206146
206176
206206
206236
206724
206754
206784
206814
206844
206874
206904
206934
207428
207458
207488
207518
207548
207578
207608
208108
208138
208168
208198
208228
208258
208764
208794
208824
208854
208884
208914
208944
209456
209486
209516
209546
209576
209606
210124
210154
210184
210214
210244
210274
210304
210828
210858
210888
210918
21094
210948
210978
21124
211508
211538
21154
211568
211598
211628
21184
21214
212165
212195
212225
212255
212285
212315
21244
212858
212888
212918
212948
212978
213527
213557
213587
213617
213647
214202
214232
214262
214292
214322
214883
214913
214943
214973
215003
215570
215600
215630
215660
215690
216263
216293
216323
216353
216932
216962
216992
217022
217608
21762
217638
217668
217698
21792
21822
218290
218320
218350
218380
21852
21882
218978
219008
219038
21912
21942
219642
219672
219702
219732
220342
220372
220402
221019
221049
221079
221702
221732
222361
222391
222421
223056
223086
223728
223758
224406
224436
22454
22484
225090
225120
22514
22544
22574
225780
22604
22634
226447
227120
227150
228484
229844
23140
23170
23200
23230
23260
23290
23320
23820
23850
23880
23910
23940
23970
24000
24494
24524
24554
24584
24614
24644
24674
25162
25192
25222
25252
25282
25312
25342
25372
25855
25885
25915
25945
25975
26005
26035
26065
26542
26572
26602
26632
26662
26692
26722
26752
27223
27253
27283
27313
2734
27343
27373
27403
27433
27898
27928
27958
27988
28018
28048
28078
28108
28567
28597
28627
28657
28687
28717
28747
28777
28807
29260
29290
29320
29350
29380
29410
29440
29470
29500
29947
29977
30007
30037
30067
30097
30127
30157
30187
30629
30659
30689
30719
30749
30779
30809
30839
30869
31305
31335
31365
31395
31425
31455
31485
31515
31545
31975
32005
32035
32065
32095
32125
32155
32185
32215
32245
32669
32699
32729
32759
32789
32819
32849
32879
32909
33328
33358
33388
33418
33448
33478
33508
33538
33568
33598
34011
34041
34071
34101
34131
34161
3419
34191
34221
34251
34281
34688
34718
34748
34778
34808
34838
34868
34898
34928
34958
35360
35390
35420
35450
35480
35510
35540
35570
35600
35630
35660
36056
36086
36116
36146
36176
36206
36236
36266
36296
36326
36356
36747
36777
36807
36837
36867
36897
36927
36957
36987
37017
37402
37432
37462
37492
37522
37552
37582
37612
37642
37672
37702
38082
38112
38142
38172
38202
38232
38262
38292
38322
38352
38382
38412
38786
38816
38846
38876
38906
38936
38966
38996
39026
39056
39086
39455
39485
39515
39545
39575
39605
39635
39665
39695
39725
39755
39785
40148
40178
40208
40238
40268
40298
40328
40358
40388
40418
40448
40806
40836
40866
40896
40926
40956
4098
40986
41016
41046
41076
41106
41136
41489
41519
41549
41579
41609
41639
41669
41699
41729
41759
41789
41819
42166
42196
42226
42256
42286
42316
42346
42376
42406
42436
42466
42496
42526
42868
42898
42928
42958
42988
43018
43048
43078
43108
43138
43168
43198
43535
43565
43595
43625
43655
43685
43715
43745
43775
43805
43835
43865
43895
44226
44256
44286
44316
44346
44376
44406
44436
44466
44496
44526
44556
44882
44912
44942
44972
45002
45032
45062
45092
45122
45152
45182
45212
45242
45563
45593
45623
45653
45683
45713
45743
45773
45803
45833
45863
45893
45923
45953
46269
46299
46329
46359
46389
46419
46449
46479
46509
46539
46569
46599
46629
46940
46970
47000
47030
47060
47090
47120
47150
47180
47210
47240
47270
47300
47606
47636
47666
47696
4771
47726
47756
47786
47816
47846
47876
47906
47936
47966
47996
4801
48297
48327
48357
48387
48417
48447
48477
48507
48537
48567
48597
48627
48657
48687
48983
49013
49043
49073
49103
49133
49163
49193
49223
49253
49283
49313
49343
49373
49664
49694
49724
49754
49784
49814
49844
49874
49904
49934
49964
49994
50024
50054
50340
50370
50400
50430
50460
50490
50520
50550
50580
50610
50640
50670
50700
50730
51011
51041
51071
51101
51131
51161
51191
51221
51251
51281
51311
51341
51371
51401
51431
51707
51737
51767
51797
51827
51857
51887
51917
51947
51977
52007
52037
52067
52097
52368
52398
52428
52458
52488
52518
52548
52578
52608
52638
52668
52698
52728
52758
52788
53054
53084
53114
53144
53174
53204
53234
53264
53294
53324
53354
53384
53414
53444
53474
53736
53766
53796
53826
53856
53886
53916
53946
53976
54006
54036
54066
54096
54126
54156
54413
54443
54473
54503
54533
54563
54593
54623
54653
5468
54683
54713
54743
54773
54803
54833
55085
55115
55145
55175
55205
55235
55265
55295
55325
55355
55385
55415
55445
55475
55505
55535
55783
55813
55843
55873
55903
55933
55963
55993
56023
56053
56083
56113
56143
56173
56203
56446
56476
56506
56536
56566
56596
56626
56656
56686
56716
56746
56776
56806
56836
56866
56896
57135
57165
57195
57225
57255
57285
57315
57345
57375
57405
57435
57465
57495
57525
57555
57585
57819
57849
57879
57909
57939
57969
57999
58029
58059
58089
58119
58149
58179
58209
58239
58269
58499
58529
58559
58589
58619
58649
58679
58709
58739
58769
58799
58829
58859
58889
58919
58949
59174
59204
59234
59264
59294
59324
59354
59384
59414
59444
59474
59504
59534
59564
59594
59624
59845
59875
59905
59935
59965
59995
60025
60055
60085
60115
60145
60175
60205
60235
60265
60295
60325
60542
60572
60602
60632
60662
60692
60722
60752
60782
60812
60842
60872
60902
60932
60962
60992
61204
61234
61264
6128
61294
61324
61354
61384
61414
61444
61474
61504
61534
61564
6158
61594
61624
61654
61684
61892
61922
61952
61982
62012
62042
62072
62102
62132
62162
62192
62222
62252
62282
62312
62342
62372
62576
62606
62636
62666
62696
62726
62756
62786
62816
62846
62876
62906
62936
62966
62996
63026
63056
63256
63286
63316
63346
63376
63406
63436
63466
63496
63526
63556
63586
63616
63646
63676
63706
63736
63931
63961
63991
64021
64051
64081
64111
64141
64171
64201
64231
64261
64291
64321
64351
64381
64411
64602
64632
64662
64692
64722
64752
64782
64812
64842
64872
64902
64932
64962
64992
65022
65052
65082
65112
65299
65329
65359
65389
65419
65449
65479
65509
65539
65569
65599
65629
65659
65689
65719
65749
65779
65962
65992
66022
66052
66082
66112
66142
66172
66202
66232
66262
66292
66322
66352
66382
66412
66442
66472
66651
66681
66711
66741
66771
66801
66831
66861
66891
66921
66951
66981
67011
67041
67071
67101
67131
67161
67337
67367
67397
67427
67457
67487
67517
67547
67577
67607
67637
67667
67697
67727
67757
67787
67817
67847
68019
68049
68079
68109
6812
68139
68169
68199
68229
68259
68289
68319
68349
68379
68409
6842
68439
68469
68499
68529
68697
68727
68757
68787
68817
68847
68877
68907
68937
68967
68997
69027
69057
69087
69117
69147
69177
69207
69371
69401
69431
69461
69491
69521
69551
69581
69611
69641
69671
69701
69731
69761
69791
69821
69851
69881
70041
70071
70101
70131
70161
70191
70221
70251
70281
70311
70341
70371
70401
70431
70461
70491
70521
70551
70581
70738
70768
70798
70828
70858
70888
70918
70948
70978
71008
71038
71068
71098
71128
71158
71188
71218
71248
71401
71431
71461
71491
71521
71551
71581
71611
71641
71671
71701
71731
71761
71791
71821
71851
71881
71911
71941
72091
72121
72151
72181
72211
72241
72271
72301
72331
72361
72391
72421
72451
72481
72511
72541
72571
72601
72631
72777
72807
72837
72867
72897
72927
72957
72987
73017
73047
73077
73107
73137
73167
73197
73227
73257
73287
73317
73459
73489
73519
73549
73579
73609
73639
73669
73699
73729
73759
73789
73819
73849
73879
73909
73939
73969
73999
74138
74168
74198
74228
74258
74288
74318
74348
74378
74408
74438
74468
74498
74528
74558
74588
74618
74648
74678
74814
74844
74874
7490
74904
74934
74964
74994
75024
75054
75084
75114
75144
75174
7520
75204
75234
75264
75294
75324
75354
75486
75516
75546
75576
75606
75636
75666
75696
75726
75756
75786
75816
75846
75876
75906
75936
75966
75996
76026
76056
76185
76215
76245
76275
76305
76335
76365
76395
76425
76455
76485
76515
76545
76575
76605
76635
76665
76695
76725
76851
76881
76911
76941
76971
77001
77031
77061
77091
77121
77151
77181
77211
77241
77271
77301
77331
77361
77391
77421
77544
77574
77604
77634
77664
77694
77724
77754
77784
77814
77844
77874
77904
77934
77964
77994
78024
78054
78084
78204
78234
78264
78294
78324
78354
78384
78414
78444
78474
78504
78534
78564
78594
78624
78654
78684
78714
78744
78774
78890
78920
78950
78980
79010
79040
79070
79100
79130
79160
79190
79220
79250
79280
79310
79340
79370
79400
79430
79460
79573
79603
79633
79663
79693
79723
79753
79783
79813
79843
79873
79903
79933
79963
79993
80023
80053
80083
80113
80143
80253
80283
80313
80343
80373
80403
80433
80463
80493
80523
80553
80583
80613
80643
80673
80703
80733
80763
80793
80823
80930
80960
80990
81020
81050
81080
81110
81140
81170
81200
81230
81260
81290
81320
81350
81380
81410
81440
81470
81500
81605
8162
81635
81665
81695
81725
81755
81785
81815
81845
81875
81905
8192
81935
81965
81995
82025
82055
82085
82115
82145
82175
82205
8222
82307
82337
82367
82397
82427
82457
82487
82517
82547
82577
82607
82637
82667
82697
82727
82757
82787
82817
82847
82877
82976
83006
83036
83066
83096
83126
83156
83186
83216
83246
83276
83306
83336
83366
83396
83426
83456
83486
83516
83546
83642
83672
83702
83732
83762
83792
83822
83852
83882
83912
83942
83972
84002
84032
84062
84092
84122
84152
84182
84212
84242
84336
84366
84396
84426
84456
84486
84516
84546
84576
84606
84636
84666
84696
84726
84756
84786
84816
84846
84876
84906
84936
85027
85057
85087
85117
85147
85177
85207
85237
85267
85297
85327
85357
85387
85417
85447
85477
85507
85537
85567
85597
85685
85715
85745
85775
85805
85835
85865
85895
85925
85955
85985
86015
86045
86075
86105
86135
86165
86195
86225
86255
86285
86371
86401
86431
86461
86491
86521
86551
86581
86611
86641
86671
86701
86731
86761
86791
86821
86851
86881
86911
86941
86971
87054
87084
87114
87144
87174
87204
87234
87264
87294
87324
87354
87384
87414
87444
87474
87504
87534
87564
87594
87624
87654
87735
87765
87795
87825
87855
87885
87915
87945
87975
88005
88035
88065
88095
88125
88155
88185
88215
88245
88275
88305
88335
88414
88444
88474
88504
88534
88564
8857
88594
88624
88654
88684
88714
88744
88774
88804
88834
88864
8887
88894
88924
88954
88984
89014
89090
89120
89150
8917
89180
89210
89240
89270
89300
89330
89360
89390
89420
89450
89480
89510
89540
89570
89600
89630
89660
89690
89764
89794
89824
89854
89884
89914
89944
89974
90004
90034
90064
90094
90124
90154
90184
90214
90244
90274
90304
90334
90364
90394
90466
90496
90526
90556
90586
90616
90646
90676
90706
90736
90766
90796
90826
90856
90886
90916
90946
90976
91006
91036
91066
91136
91166
91196
91226
91256
91286
91316
91346
91376
91406
91436
91466
91496
91526
91556
91586
91616
91646
91676
91706
91736
91804
91834
91864
91894
91924
91954
91984
92014
92044
92074
92104
92134
92164
92194
92224
92254
92284
92314
92344
92374
92404
92434
92500
92530
92560
92590
92620
92650
92680
92710
92740
92770
92800
92830
92860
92890
92920
92950
92980
93010
93040
93070
93100
93164
93194
93224
93254
93284
93314
93344
93374
93404
93434
93464
93494
93524
93554
93584
93614
93644
93674
93704
93734
93764
93794
93856
93886
93916
93946
93976
94006
94036
94066
94096
94126
94156
94186
94216
94246
94276
94306
94336
94366
94396
94426
94456
94486
94546
94576
94606
94636
94666
94696
94726
94756
94786
94816
94846
94876
94906
94936
94966
94996
95026
95056
95086
95116
95146
95204
95234
95264
95294
95324
95354
95384
95414
95444
9546
95474
95504
95534
95564
95594
95624
95654
95684
95714
95744
9576
95774
95804
95834
95890
95920
95950
95980
96010
96040
9606
96070
96100
96130
96160
96190
96220
96250
96280
96310
96340
96370
96400
96430
96460
96490
96520
96575
96605
96635
96665
96695
96725
96755
96785
96815
96845
96875
96905
96935
96965
96995
97025
97055
97085
97115
97145
97175
97205
97258
97288
97318
97348
97378
97408
97438
97468
97498
97528
97558
97588
97618
97648
97678
97708
97738
97768
97798
97828
97858
97888
97940
97970
98000
98030
98060
98090
98120
98150
98180
98210
98240
98270
98300
98330
98360
98390
98420
98450
98480
98510
98540
98570
98620
98650
98680
98710
98740
98770
98800
98830
98860
98890
98920
98950
98980
99010
99040
99070
99100
99130
99160
99190
99220
99250
99299
99329
99359
99389
99419
99449
99479
99509
99539
99569
99599
99629
99659
99689
99719
99749
99779
99809
99839
99869
99899
99929
99976
