100002
100032
100062
100092
100122
100152
100182
100212
100242
100272
100302
100332
100362
100392
100422
100452
100482
100512
100542
100572
100602
100648
100678
100708
100738
100768
100798
100828
100858
100888
100918
100948
100978
101008
101038
101068
101098
101128
101158
101188
101218
101248
101278
101323
101353
101383
101413
101443
101473
101503
101533
101563
101593
101623
101653
101683
101713
101743
101773
101803
101833
101863
101893
101923
101953
101983
102026
102056
102086
102116
102146
102176
102206
102236
10225
102266
102296
102326
102356
102386
102416
102446
102476
102506
102536
10255
102566
102596
102626
102656
102698
102728
102758
102788
102818
102848
10285
102878
102908
102938
102968
102998
103028
103058
103088
103118
103148
103178
103208
103238
103268
103298
103328
103369
103399
103429
103459
103489
103519
103549
103579
103609
103639
103669
103699
103729
103759
103789
103819
103849
103879
103909
103939
103969
103999
104029
104069
104099
104129
104159
104189
104219
104249
104279
104309
104339
104369
104399
104429
104459
104489
104519
104549
104579
104609
104639
104669
104699
104738
104768
104798
104828
104858
104888
104918
104948
104978
105008
105038
105068
105098
105128
105158
105188
105218
105248
105278
105308
105338
105368
105406
105436
105466
105496
105526
105556
105586
105616
105646
105676
105706
105736
105766
105796
105826
105856
105886
105916
105946
105976
106006
106036
106066
106103
106133
106163
106193
106223
106253
106283
106313
106343
106373
106403
106433
106463
106493
106523
106553
106583
106613
106643
106673
106703
106733
106769
106799
106829
106859
106889
106919
106949
106979
107009
107039
107069
107099
107129
107159
107189
107219
107249
107279
107309
107339
107369
107399
107429
107464
107494
107524
107554
107584
107614
107644
107674
107704
107734
107764
107794
107824
107854
107884
107914
107944
107974
108004
108034
108064
108094
108129
108159
108189
108219
108249
108279
108309
108339
108369
108399
108429
108459
108489
108519
108549
108579
108609
108639
108669
108699
108729
108759
108789
108823
108853
108883
108913
108943
108973
109003
10902
109033
109063
109093
109123
109153
109183
109213
109243
109273
109303
10932
109333
109363
109393
109423
109453
109486
109516
109546
109576
109606
10962
109636
109666
109696
109726
109756
109786
109816
109846
109876
109906
109936
109966
109996
110026
110056
110086
110116
110146
110179
110209
110239
110269
110299
110329
110359
110389
110419
110449
110479
110509
110539
110569
110599
110629
110659
110689
110719
110749
110779
110809
110841
110871
110901
110931
110961
110991
111021
111051
111081
111111
111141
111171
111201
111231
111261
111291
111321
111351
111381
111411
111441
111471
111501
111533
111563
111593
111623
111653
111683
111713
111743
111773
111803
111833
111863
111893
111923
111953
111983
112013
112043
112073
112103
112133
112163
112193
112225
112255
112285
112315
112345
112375
112405
112435
112465
112495
112525
112555
112585
112615
112645
112675
112705
112735
112765
112795
112825
112855
112886
112916
112946
112976
113006
113036
113066
113096
113126
113156
113186
113216
113246
113276
113306
113336
113366
113396
113426
113456
113486
113516
113546
113575
113605
113635
113681
113711
113741
113771
113801
113831
113861
113891
113921
113951
113981
114011
114041
114071
114101
114131
114161
114164
114194
114224
114255
114285
114315
114372
114402
114432
114462
114492
114522
114552
114582
114612
114642
114672
114702
114732
114762
114792
114822
114844
114874
114904
114935
114965
114995
115033
115063
115093
115123
115153
115183
115213
115243
115273
115303
115333
115363
115393
115423
115453
115483
115513
115524
115554
115584
115615
115645
115675
11572
115724
115754
115784
115814
115844
115874
115904
115934
115964
115994
11602
116024
116054
116084
116114
116144
116174
116204
116234
116264
116295
11632
116325
116355
116385
116415
116445
116475
116505
116535
116565
116595
11662
116625
116655
116685
116715
116745
116775
116805
116835
116865
116884
116914
116944
116975
117005
117035
117076
117106
117136
117166
117196
117226
117256
117286
117316
117346
117376
117406
117436
117466
117496
117526
117556
117564
117594
117624
117663
117693
117723
117753
117783
117813
117843
117873
117903
117933
117963
117993
118023
118053
118083
118113
118143
118173
118203
118233
118263
118293
118324
118354
118384
118414
118444
118474
118504
118534
118564
118594
118624
118654
118684
118714
118744
118774
118804
118834
118864
118894
118924
118954
118984
119015
119045
119075
119105
119135
119165
119195
119225
119255
119285
119315
119345
119375
119405
119435
119465
119495
119525
119555
119585
119615
119645
119675
119707
119737
119767
119797
119827
119857
119887
119917
119947
119977
120007
120037
120067
120097
120127
120157
120187
120217
120247
120277
120307
120337
120369
120399
120429
120459
120489
120519
120549
120579
120609
120639
120669
120699
120729
120759
120789
120819
120849
120879
120909
120939
120969
120999
121029
121061
121091
121121
121151
121181
121211
121241
121271
121301
121331
121361
121391
121421
121451
121481
121511
121541
121571
121601
121631
121661
121691
121724
121754
121784
121814
121844
121874
121904
121934
121964
121994
122024
122054
122084
122114
122144
122174
122204
122234
122264
122294
122324
122354
122384
122417
122447
122477
122507
122537
122567
122597
122627
122657
12266
122687
122717
122747
122777
122807
122837
122867
122897
122927
122957
12296
122987
123017
123047
123081
123111
123141
123171
123201
123231
12326
123261
123291
123321
123351
123381
123411
123441
123471
123501
123531
123561
123591
123621
123651
123681
123711
123741
123776
123806
123836
123866
123896
123926
123956
123986
124016
124046
124076
124106
124136
124166
124196
124226
124256
124286
124316
124346
124376
124406
124441
124471
124501
124531
124561
124591
124621
124651
124681
124711
124741
124771
124801
124831
124861
124891
124921
124951
124981
125011
125041
125071
125101
125137
125167
125197
125227
125257
125287
125317
125347
125377
125407
125437
125467
125497
125527
125557
125587
125617
125647
125677
125707
125737
125767
125804
125834
125864
125894
125924
125954
125984
126014
126044
126074
126104
126134
126164
126194
126224
126254
126284
126314
126344
126374
126404
126434
126464
126502
126532
126562
126592
126622
126652
126682
126712
126742
126772
126802
126832
126862
126892
126922
126952
126982
127012
127042
127072
127102
127132
127171
127201
127231
127261
127291
127321
127351
127381
127411
127441
127471
127501
127531
127561
127591
127621
127651
127681
127711
127741
127771
127801
127841
127871
127901
127931
127961
127991
128021
128051
128081
128111
128141
128171
128201
128231
128261
128291
128321
128351
128381
128411
128441
128471
128501
128542
128572
128602
128632
128662
128692
128722
128752
128782
128812
128842
128872
128902
128932
128962
128992
129022
129052
129082
129112
129142
129172
129214
12924
129244
129274
129304
129334
129364
129394
129424
129454
129484
129514
12954
129544
129574
129604
129634
129664
129694
129724
129754
129784
129814
12984
129844
129887
129917
129947
129977
130007
130037
130067
130097
130127
13014
130157
130187
130217
130247
130277
130307
130337
130367
130397
130427
130457
130487
130517
130562
130592
130622
130652
130682
130712
130742
130772
130802
130832
130862
130892
130922
130952
130982
131012
131042
131072
131102
131132
131162
131192
131222
131268
131298
131328
131358
131388
131418
131448
131478
131508
131538
131568
131598
131628
131658
131688
131718
131748
131778
131808
131838
131868
131898
131945
131975
132005
132035
132065
132095
132125
132155
132185
132215
132245
132275
132305
132335
132365
132395
132425
132455
132485
132515
132545
132575
132624
132654
132684
132714
132744
132774
132804
132834
132864
132894
132924
132954
132984
133014
133044
133074
133104
133134
133164
133194
133224
133254
133304
133334
133364
133394
133424
133454
133484
133514
133544
133574
133604
133634
133664
133694
133724
133754
133784
133814
133844
133874
133904
133934
133986
134016
134046
134076
134106
134136
134166
134196
134226
134256
134286
134316
134346
134376
134406
134436
134466
134496
134526
134556
134586
134616
134669
134699
134729
134759
134789
134819
134849
134879
134909
134939
134969
134999
135029
135059
135089
135119
135149
135179
135209
135239
135269
135324
135354
135384
135414
135444
135474
135504
135534
135564
135594
135624
135654
135684
135714
135744
135774
135804
135834
135864
135894
135924
135954
136010
136040
13606
136070
136100
136130
136160
136190
136220
136250
136280
136310
136340
13636
136370
136400
136430
136460
136490
136520
136550
136580
136610
136640
13666
136698
136728
136758
136788
136818
136848
136878
136908
136938
13696
136968
136998
1370
137028
137058
137088
137118
137148
137178
137208
137238
137268
137298
137328
137388
137418
137448
137478
137508
137538
137568
137598
137628
137658
137688
137718
137748
137778
137808
137838
137868
137898
137928
137958
137988
138050
138080
138110
138140
138170
138200
138230
138260
138290
138320
138350
138380
138410
138440
138470
138500
138530
138560
138590
138620
138650
138680
138744
138774
138804
138834
138864
138894
138924
138954
138984
139014
139044
139074
139104
139134
139164
139194
139224
139254
139284
139314
139344
139410
139440
139470
139500
139530
139560
139590
139620
139650
139680
139710
139740
139770
139800
139830
139860
139890
139920
139950
139980
140010
140040
140108
140138
140168
140198
140228
140258
140288
140318
140348
140378
140408
140438
140468
140498
140528
140558
140588
140618
140648
140678
140708
140778
140808
140838
140868
140898
140928
140958
140988
141018
141048
141078
141108
141138
141168
141198
141228
141258
141288
141318
141348
141378
141450
141480
141510
141540
141570
141600
141630
141660
141690
141720
141750
141780
141810
141840
141870
141900
141930
141960
141990
142020
142050
142124
142154
142184
142214
142244
142274
142304
142334
142364
142394
142424
142454
142484
142514
142544
142574
142604
142634
142664
142694
142724
142800
14282
142830
142860
142890
142920
142950
142980
143010
143040
143070
143100
14312
143130
143160
143190
143220
143250
143280
143310
143340
143370
143400
14342
143430
143509
143539
143569
143599
143629
143659
143689
143719
14372
143749
143779
143809
143839
143869
143899
143929
143959
143989
144019
14402
144049
144079
144160
144190
144220
144250
144280
144310
144340
144370
144400
144430
144460
144490
144520
144550
144580
144610
144640
144670
144700
144730
144760
144843
144873
144903
144933
144963
144993
145023
145053
145083
145113
145143
145173
145203
145233
145263
145293
145323
145353
145383
145413
145443
145529
145559
145589
145619
145649
145679
145709
145739
145769
145799
145829
145859
145889
145919
145949
145979
146009
146039
146069
146099
146129
146217
146247
146277
146307
146337
146367
146397
146427
146457
146487
146517
146547
146577
146607
146637
146667
146697
146727
146757
146787
146817
146908
146938
146968
146998
147028
147058
147088
147118
147148
147178
147208
147238
147268
147298
147328
147358
147388
147418
147448
147478
147572
147602
147632
147662
147692
147722
147752
147782
147812
147842
147872
147902
147932
147962
147992
148022
148052
148082
148112
148142
148172
148268
148298
148328
148358
148388
148418
148448
148478
148508
148538
148568
148598
148628
148658
148688
148718
148748
148778
148808
148838
148937
148967
148997
149027
149057
149087
149117
149147
149177
149207
149237
149267
149297
149327
149357
149387
149417
149447
149477
149507
149609
149639
149669
149699
149729
149759
149789
14981
149819
149849
149879
149909
149939
149969
149999
150029
150059
150089
15011
150119
150149
150179
150284
150314
150344
150374
150404
15041
150434
150464
150494
150524
150554
150584
150614
150644
150674
150704
15071
150734
150764
150794
150824
150854
150961
150991
151021
151051
151081
151111
151141
151171
151201
151231
151261
151291
151321
151351
151381
151411
151441
151471
151501
151531
151641
151671
151701
151731
151761
151791
151821
151851
151881
151911
151941
151971
152001
152031
152061
152091
152121
152151
152181
152211
152324
152354
152384
152414
152444
152474
152504
152534
152564
152594
152624
152654
152684
152714
152744
152774
152804
152834
152864
152894
153010
153040
153070
153100
153130
153160
153190
153220
153250
153280
153310
153340
153370
153400
153430
153460
153490
153520
153550
153580
153700
153730
153760
153790
153820
153850
153880
153910
153940
153970
154000
154030
154060
154090
154120
154150
154180
154210
154240
154363
154393
154423
154453
154483
154513
154543
154573
154603
154633
154663
154693
154723
154753
154783
154813
154843
154873
154903
154933
155059
155089
155119
155149
155179
155209
155239
155269
155299
155329
155359
155389
155419
155449
155479
155509
155539
155569
155599
155728
155758
155788
155818
155848
155878
155908
155938
155968
155998
156028
156058
156088
156118
156148
156178
156208
156238
156268
156400
156430
15644
156460
156490
156520
156550
156580
156610
156640
156670
156700
156730
15674
156760
156790
156820
156850
156880
156910
156940
156970
15704
157106
157136
157166
157196
157226
157256
157286
157316
15734
157346
157376
157406
157436
157466
157496
157526
157556
157586
157616
15764
157646
157785
157815
157845
157875
157905
157935
157965
157995
158025
158055
158085
158115
158145
158175
158205
158235
158265
158295
158325
158467
158497
158527
158557
158587
158617
158647
158677
158707
158737
158767
158797
158827
158857
158887
158917
158947
158977
159123
159153
159183
159213
159243
159273
159303
159333
159363
159393
159423
159453
159483
159513
159543
159573
159603
159633
159663
159813
159843
159873
159903
159933
159963
159993
160023
160053
160083
160113
160143
160173
160203
160233
160263
160293
160323
160353
160506
160536
160566
160596
160626
160656
160686
160716
160746
160776
160806
160836
160866
160896
160926
160956
160986
161016
161173
161203
161233
161263
161293
161323
161353
161383
161413
161443
161473
161503
161533
161563
161593
161623
161653
161683
161843
161873
161903
161933
161963
161993
162023
162053
162083
162113
162143
162173
162203
162233
162263
162293
162323
162353
162383
162547
162577
162607
162637
162667
162697
162727
162757
162787
162817
162847
162877
162907
162937
162967
162997
163027
163057
163225
163255
163285
16331
163315
163345
163375
163405
163435
163465
163495
163525
163555
163585
16361
163615
163645
163675
163705
163735
163907
16391
163937
163967
163997
164027
164057
164087
164117
164147
164177
164207
16421
164237
164267
164297
164327
164357
164387
16451
164563
164593
164623
164653
164683
164713
164743
164773
164803
164833
164863
164893
164923
164953
164983
165013
165043
165073
165252
165282
165312
165342
165372
165402
165432
165462
165492
165522
165552
165582
165612
165642
165672
165702
165732
165762
165945
165975
166005
166035
166065
166095
166125
166155
166185
166215
166245
166275
166305
166335
166365
166395
166425
166612
166642
166672
166702
166732
166762
166792
166822
166852
166882
166912
166942
166972
167002
167032
167062
167092
167283
167313
167343
167373
167403
167433
167463
167493
167523
167553
167583
167613
167643
167673
167703
167733
167763
167793
167988
168018
168048
168078
168108
168138
168168
168198
168228
168258
168288
168318
168348
168378
168408
168438
168468
168668
168698
168728
168758
168788
168818
168848
168878
168908
168938
168968
168998
169028
169058
169088
169118
169322
169352
169382
169412
169442
169472
169502
169532
169562
169592
169622
169652
169682
169712
169742
169772
169802
170010
170040
170070
170100
17012
170130
170160
170190
170220
170250
170280
170310
170340
170370
170400
17042
170430
170460
170490
170702
17072
170732
170762
170792
170822
170852
170882
170912
170942
170972
171002
17102
171032
171062
171092
171122
171152
17132
171369
171399
171429
171459
171489
171519
171549
171579
171609
171639
171669
171699
171729
171759
171789
171819
172040
172070
172100
172130
172160
172190
172220
172250
172280
172310
172340
172370
172400
172430
172460
172490
172520
172745
172775
172805
172835
172865
172895
172925
172955
172985
173015
173045
173075
173105
173135
173165
173195
173425
173455
173485
173515
173545
173575
173605
173635
173665
173695
173725
173755
173785
173815
173845
173875
174109
174139
174169
174199
174229
174259
174289
174319
174349
174379
174409
174439
174469
174499
174529
174768
174798
174828
174858
174888
174918
174948
174978
175008
175038
175068
175098
175128
175158
175188
175218
175461
175491
175521
175551
175581
175611
175641
175671
175701
175731
175761
175791
175821
175851
175881
176129
176159
176189
176219
176249
176279
176309
176339
176369
176399
176429
176459
176489
176519
176549
176801
176831
176861
17687
176891
176921
176951
176981
177011
177041
177071
177101
177131
177161
17717
177191
177221
177251
17747
177508
177538
177568
177598
177628
177658
177688
177718
177748
17777
177778
177808
177838
177868
177898
17807
178160
178190
178220
178250
178280
178310
178340
17837
178370
178400
178430
178460
178490
178520
178550
178580
178846
178876
178906
178936
178966
178996
179026
179056
179086
179116
179146
179176
179206
179236
179266
179537
179567
179597
179627
179657
179687
179717
179747
179777
179807
179837
179867
179897
179927
180203
180233
180263
180293
180323
180353
180383
180413
180443
180473
180503
180533
180563
180593
180623
180904
180934
180964
180994
181024
181054
181084
181114
181144
181174
181204
181234
181264
181294
181580
181610
181640
181670
181700
181730
181760
181790
181820
181850
181880
181910
181940
181970
182261
182291
182321
182351
182381
182411
182441
182471
182501
182531
182561
182591
182621
182651
182947
182977
183007
183037
183067
183097
183127
183157
183187
183217
183247
183277
183307
183608
183638
183668
183698
183728
183758
183788
183818
183848
18386
183878
183908
183938
183968
183998
18416
184304
184334
184364
184394
184424
184454
18446
184484
184514
184544
184574
184604
184634
184664
18476
184975
185005
185035
18506
185065
185095
185125
185155
185185
185215
185245
185275
185305
185335
185651
185681
185711
185741
185771
185801
185831
185861
185891
185921
185951
185981
186011
186332
186362
186392
186422
186452
186482
186512
186542
186572
186602
186632
186662
186692
187018
187048
187078
187108
187138
187168
187198
187228
187258
187288
187318
187348
187378
187709
187739
187769
187799
187829
187859
187889
187919
187949
187979
188009
188039
188376
188406
188436
188466
188496
188526
188556
188586
188616
188646
188676
188706
189048
189078
189108
189138
189168
189198
189228
189258
189288
189318
189348
189378
189725
189755
189785
189815
189845
189875
189905
189935
189965
189995
190025
190055
190408
190438
190468
19049
190498
190528
190558
190588
190618
190648
190678
190708
190738
19079
19109
191096
191126
191156
191186
191216
191246
191276
191306
191336
191366
19139
191396
191426
19169
191789
191819
191849
191879
191909
191939
191969
19199
191999
192029
192059
192089
192458
192488
192518
192548
192578
192608
192638
192668
192698
192728
192758
193132
193162
193192
193222
193252
193282
193312
193342
193372
193402
193432
193812
193842
193872
193902
193932
193962
193992
194022
194052
194082
194112
194497
194527
194557
194587
194617
194647
194677
194707
194737
194767
194797
195188
195218
195248
195278
195308
195338
195368
195398
195428
195458
195854
195884
195914
195944
195974
196004
196034
196064
196094
196124
196526
196556
196586
196616
196646
196676
196706
196736
196766
196796
197203
197233
197263
197293
197323
197353
19736
197383
197413
197443
197473
19766
197886
197916
197946
19796
197976
198006
198036
198066
198096
198126
198156
19826
19856
198575
198605
198635
198665
198695
198725
198755
198785
198815
198845
19886
199269
199299
199329
199359
199389
199419
199449
199479
199509
199939
199969
199999
200029
200059
200089
200119
200149
200179
200615
200645
200675
200705
200735
200765
200795
200825
200855
201297
201327
201357
201387
201417
201447
201477
201507
201537
201984
202014
202044
202074
202104
202134
202164
202194
202647
202677
202707
202737
202767
202797
202827
202857
202887
203346
203376
203406
203436
203466
203496
203526
203556
204021
204051
204081
204111
204141
20416
204171
204201
204231
20446
204702
204732
20476
204762
204792
204822
204852
204882
204912
20506
20536
205389
205419
205449
205479
205509
205539
205569
20566
206052
206082
206112
206142
206172
206202
206232
206720
206750
206780
206810
206840
206870
206900
206930
207424
207454
207484
207514
207544
207574
207604
208104
208134
208164
208194
208224
208254
208760
208790
208820
208850
208880
208910
208940
209452
209482
209512
209542
209572
209602
210120
210150
210180
210210
210240
210270
210300
210824
210854
210884
21090
210914
210944
210974
21120
21150
211504
211534
211564
211594
211624
21180
21210
212161
212191
212221
212251
212281
212311
21240
21270
212854
212884
212914
212944
212974
213523
213553
213583
213613
213643
213673
214228
214258
214288
214318
214348
214909
214939
214969
214999
215566
215596
215626
215656
215686
216259
216289
216319
216349
216928
216958
216988
217018
217604
217634
217664
217694
21788
21818
218286
218316
218346
218376
21848
21878
218974
219004
219034
219064
21908
21938
219668
219698
219728
220338
220368
220398
221015
221045
221075
221698
221728
221758
222387
222417
223052
223082
223724
223754
224402
224432
22450
22480
225086
22510
225116
22540
22570
225776
22600
22630
226443
226473
227146
228480
229840
23136
23166
23196
23226
23256
23286
23316
23816
23846
23876
23906
23936
23966
23996
24490
24520
24550
24580
24610
24640
24670
24700
25188
25218
25248
25278
25308
25338
25368
25851
25881
25911
25941
25971
26001
26031
26061
26538
26568
26598
26628
26658
26688
26718
26748
27219
27249
27279
2730
27309
27339
27369
27399
27429
27894
27924
27954
27984
28014
28044
28074
28104
28563
28593
28623
28653
28683
28713
28743
28773
28803
29256
29286
29316
29346
29376
29406
29436
29466
29496
29943
29973
30003
30033
30063
30093
30123
30153
30183
30625
30655
30685
30715
30745
30775
30805
30835
30865
31301
31331
31361
31391
31421
31451
31481
31511
31541
31971
32001
32031
32061
32091
32121
32151
32181
32211
32241
32665
32695
32725
32755
32785
32815
32845
32875
32905
33324
33354
33384
33414
33444
33474
33504
33534
33564
33594
34007
34037
34067
34097
34127
3415
34157
34187
34217
34247
34277
34684
34714
34744
34774
34804
34834
34864
34894
34924
34954
34984
35386
35416
35446
35476
35506
35536
35566
35596
35626
35656
36052
36082
36112
36142
36172
36202
36232
36262
36292
36322
36352
36743
36773
36803
36833
36863
36893
36923
36953
36983
37013
37043
37428
37458
37488
37518
37548
37578
37608
37638
37668
37698
37728
38108
38138
38168
38198
38228
38258
38288
38318
38348
38378
38408
38782
38812
38842
38872
38902
38932
38962
38992
39022
39052
39082
39451
39481
39511
39541
39571
39601
39631
39661
39691
39721
39751
39781
40144
40174
40204
40234
40264
40294
40324
40354
40384
40414
40444
40802
40832
40862
40892
40922
4094
40952
40982
41012
41042
41072
41102
41132
41485
41515
41545
41575
41605
41635
41665
41695
41725
41755
41785
41815
42162
42192
42222
42252
42282
42312
42342
42372
42402
42432
42462
42492
42522
42864
42894
42924
42954
42984
43014
43044
43074
43104
43134
43164
43194
43531
43561
43591
43621
43651
43681
43711
43741
43771
43801
43831
43861
43891
44222
44252
44282
44312
44342
44372
44402
44432
44462
44492
44522
44552
44582
44908
44938
44968
44998
45028
45058
45088
45118
45148
45178
45208
45238
45268
45589
45619
45649
45679
45709
45739
45769
45799
45829
45859
45889
45919
45949
46265
46295
46325
46355
46385
46415
46445
46475
46505
46535
46565
46595
46625
46936
46966
46996
47026
47056
47086
47116
47146
47176
47206
47236
47266
47296
47602
47632
47662
4767
47692
47722
47752
47782
47812
47842
47872
47902
47932
47962
4797
47992
48293
48323
48353
48383
48413
48443
48473
48503
48533
48563
48593
48623
48653
48683
48979
49009
49039
49069
49099
49129
49159
49189
49219
49249
49279
49309
49339
49369
49660
49690
49720
49750
49780
49810
49840
49870
49900
49930
49960
49990
50020
50050
50336
50366
50396
50426
50456
50486
50516
50546
50576
50606
50636
50666
50696
50726
51007
51037
51067
51097
51127
51157
51187
51217
51247
51277
51307
51337
51367
51397
51427
51703
51733
51763
51793
51823
51853
51883
51913
51943
51973
52003
52033
52063
52093
52364
52394
52424
52454
52484
52514
52544
52574
52604
52634
52664
52694
52724
52754
52784
53050
53080
53110
53140
53170
53200
53230
53260
53290
53320
53350
53380
53410
53440
53470
53732
53762
53792
53822
53852
53882
53912
53942
53972
54002
54032
54062
54092
54122
54152
54409
54439
54469
54499
54529
54559
54589
54619
5464
54649
54679
54709
54739
54769
54799
54829
55081
55111
55141
55171
55201
55231
55261
55291
55321
55351
55381
55411
55441
55471
55501
55531
55779
55809
55839
55869
55899
55929
55959
55989
56019
56049
56079
56109
56139
56169
56199
56442
56472
56502
56532
56562
56592
56622
56652
56682
56712
56742
56772
56802
56832
56862
56892
57131
57161
57191
57221
57251
57281
57311
57341
57371
57401
57431
57461
57491
57521
57551
57581
57815
57845
57875
57905
57935
57965
57995
58025
58055
58085
58115
58145
58175
58205
58235
58265
58495
58525
58555
58585
58615
58645
58675
58705
58735
58765
58795
58825
58855
58885
58915
58945
59170
59200
59230
59260
59290
59320
59350
59380
59410
59440
59470
59500
59530
59560
59590
59620
59841
59871
59901
59931
59961
59991
60021
60051
60081
60111
60141
60171
60201
60231
60261
60291
60321
60538
60568
60598
60628
60658
60688
60718
60748
60778
60808
60838
60868
60898
60928
60958
60988
61200
61230
6124
61260
61290
61320
61350
61380
61410
61440
61470
61500
61530
6154
61560
61590
61620
61650
61680
61888
61918
61948
61978
62008
62038
62068
62098
62128
62158
62188
62218
62248
62278
62308
62338
62368
62572
62602
62632
62662
62692
62722
62752
62782
62812
62842
62872
62902
62932
62962
62992
63022
63052
63252
63282
63312
63342
63372
63402
63432
63462
63492
63522
63552
63582
63612
63642
63672
63702
63732
63927
63957
63987
64017
64047
64077
64107
64137
64167
64197
64227
64257
64287
64317
64347
64377
64407
64437
64628
64658
64688
64718
64748
64778
64808
64838
64868
64898
64928
64958
64988
65018
65048
65078
65108
65295
65325
65355
65385
65415
65445
65475
65505
65535
65565
65595
65625
65655
65685
65715
65745
65775
65805
65988
66018
66048
66078
66108
66138
66168
66198
66228
66258
66288
66318
66348
66378
66408
66438
66468
66647
66677
66707
66737
66767
66797
66827
66857
66887
66917
66947
66977
67007
67037
67067
67097
67127
67157
67333
67363
67393
67423
67453
67483
67513
67543
67573
67603
67633
67663
67693
67723
67753
67783
67813
67843
68015
68045
68075
6808
68105
68135
68165
68195
68225
68255
68285
68315
68345
68375
6838
68405
68435
68465
68495
68525
68693
68723
68753
68783
68813
68843
68873
68903
68933
68963
68993
69023
69053
69083
69113
69143
69173
69203
69367
69397
69427
69457
69487
69517
69547
69577
69607
69637
69667
69697
69727
69757
69787
69817
69847
69877
69907
70067
70097
70127
70157
70187
70217
70247
70277
70307
70337
70367
70397
70427
70457
70487
70517
70547
70577
70734
70764
70794
70824
70854
70884
70914
70944
70974
71004
71034
71064
71094
71124
71154
71184
71214
71244
71274
71427
71457
71487
71517
71547
71577
71607
71637
71667
71697
71727
71757
71787
71817
71847
71877
71907
71937
72087
72117
72147
72177
72207
72237
72267
72297
72327
72357
72387
72417
72447
72477
72507
72537
72567
72597
72627
72773
72803
72833
72863
72893
72923
72953
72983
73013
73043
73073
73103
73133
73163
73193
73223
73253
73283
73313
73455
73485
73515
73545
73575
73605
73635
73665
73695
73725
73755
73785
73815
73845
73875
73905
73935
73965
73995
74134
74164
74194
74224
74254
74284
74314
74344
74374
74404
74434
74464
74494
74524
74554
74584
74614
74644
74674
74810
74840
7486
74870
74900
74930
74960
74990
75020
75050
75080
75110
75140
7516
75170
75200
75230
75260
75290
75320
75350
7546
75482
75512
75542
75572
75602
75632
75662
75692
75722
75752
75782
75812
75842
75872
75902
75932
75962
75992
76022
76052
76181
76211
76241
76271
76301
76331
76361
76391
76421
76451
76481
76511
76541
76571
76601
76631
76661
76691
76721
76847
76877
76907
76937
76967
76997
77027
77057
77087
77117
77147
77177
77207
77237
77267
77297
77327
77357
77387
77417
77540
77570
77600
77630
77660
77690
77720
77750
77780
77810
77840
77870
77900
77930
77960
77990
78020
78050
78080
78200
78230
78260
78290
78320
78350
78380
78410
78440
78470
78500
78530
78560
78590
78620
78650
78680
78710
78740
78770
78886
78916
78946
78976
79006
79036
79066
79096
79126
79156
79186
79216
79246
79276
79306
79336
79366
79396
79426
79456
79569
79599
79629
79659
79689
79719
79749
79779
79809
79839
79869
79899
79929
79959
79989
80019
80049
80079
80109
80139
80249
80279
80309
80339
80369
80399
80429
80459
80489
80519
80549
80579
80609
80639
80669
80699
80729
80759
80789
80819
80926
80956
80986
81016
81046
81076
81106
81136
81166
81196
81226
81256
81286
81316
81346
81376
81406
81436
81466
81496
81601
81631
81661
81691
81721
81751
81781
81811
81841
81871
8188
81901
81931
81961
81991
82021
82051
82081
82111
82141
82171
8218
82201
82303
82333
82363
82393
82423
82453
82483
82513
82543
82573
82603
82633
82663
82693
82723
82753
82783
82813
82843
82873
82972
83002
83032
83062
83092
83122
83152
83182
83212
83242
83272
83302
83332
83362
83392
83422
83452
83482
83512
83542
83572
83668
83698
83728
83758
83788
83818
83848
83878
83908
83938
83968
83998
84028
84058
84088
84118
84148
84178
84208
84238
84332
84362
84392
84422
84452
84482
84512
84542
84572
84602
84632
84662
84692
84722
84752
84782
84812
84842
84872
84902
84932
85023
85053
85083
85113
85143
85173
85203
85233
85263
85293
85323
85353
85383
85413
85443
85473
85503
85533
85563
85593
85681
85711
85741
85771
85801
85831
85861
85891
85921
85951
85981
86011
86041
86071
86101
86131
86161
86191
86221
86251
86281
86367
86397
86427
86457
86487
86517
86547
86577
86607
86637
86667
86697
86727
86757
86787
86817
86847
86877
86907
86937
86967
87050
87080
87110
87140
87170
87200
87230
87260
87290
87320
87350
87380
87410
87440
87470
87500
87530
87560
87590
87620
87650
87731
87761
87791
87821
87851
87881
87911
87941
87971
88001
88031
88061
88091
88121
88151
88181
88211
88241
88271
88301
88331
88410
88440
88470
88500
8853
88530
88560
88590
88620
88650
88680
88710
88740
88770
88800
8883
88830
88860
88890
88920
88950
88980
89010
89086
89116
8913
89146
89176
89206
89236
89266
89296
89326
89356
89386
89416
89446
89476
89506
89536
89566
89596
89626
89656
89686
89760
89790
89820
89850
89880
89910
89940
89970
90000
90030
90060
90090
90120
90150
90180
90210
90240
90270
90300
90330
90360
90390
90462
90492
90522
90552
90582
90612
90642
90672
90702
90732
90762
90792
90822
90852
90882
90912
90942
90972
91002
91032
91062
91132
91162
91192
91222
91252
91282
91312
91342
91372
91402
91432
91462
91492
91522
91552
91582
91612
91642
91672
91702
91732
91800
91830
91860
91890
91920
91950
91980
92010
92040
92070
92100
92130
92160
92190
92220
92250
92280
92310
92340
92370
92400
92430
92496
92526
92556
92586
92616
92646
92676
92706
92736
92766
92796
92826
92856
92886
92916
92946
92976
93006
93036
93066
93096
93160
93190
93220
93250
93280
93310
93340
93370
93400
93430
93460
93490
93520
93550
93580
93610
93640
93670
93700
93730
93760
93790
93852
93882
93912
93942
93972
94002
94032
94062
94092
94122
94152
94182
94212
94242
94272
94302
94332
94362
94392
94422
94452
94482
94542
94572
94602
94632
94662
94692
94722
94752
94782
94812
94842
94872
94902
94932
94962
94992
95022
95052
95082
95112
95142
95200
95230
95260
95290
95320
95350
95380
95410
9542
95440
95470
95500
95530
95560
95590
95620
95650
95680
95710
9572
95740
95770
95800
95830
95886
95916
95946
95976
96006
9602
96036
96066
96096
96126
96156
96186
96216
96246
96276
96306
96336
96366
96396
96426
96456
96486
96516
96571
96601
96631
96661
96691
96721
96751
96781
96811
96841
96871
96901
96931
96961
96991
97021
97051
97081
97111
97141
97171
97201
97254
97284
97314
97344
97374
97404
97434
97464
97494
97524
97554
97584
97614
97644
97674
97704
97734
97764
97794
97824
97854
97884
97936
97966
97996
98026
98056
98086
98116
98146
98176
98206
98236
98266
98296
98326
98356
98386
98416
98446
98476
98506
98536
98566
98616
98646
98676
98706
98736
98766
98796
98826
98856
98886
98916
98946
98976
99006
99036
99066
99096
99126
99156
99186
99216
99246
99295
99325
99355
99385
99415
99445
99475
99505
99535
99565
99595
99625
99655
99685
99715
99745
99775
99805
99835
99865
99895
99925
99972
