100004
100034
100064
100094
100124
100154
100184
100214
100244
100274
100304
100334
100364
100394
100424
100454
100484
100514
100544
100574
100604
100650
100680
100710
100740
100770
100800
100830
100860
100890
100920
100950
100980
101010
101040
101070
101100
101130
101160
101190
101220
101250
101280
101325
101355
101385
101415
101445
101475
101505
101535
101565
101595
101625
101655
101685
101715
101745
101775
101805
101835
101865
101895
101925
101955
101985
102028
102058
102088
102118
102148
102178
102208
102238
102268
10227
102298
102328
102358
102388
102418
102448
102478
102508
102538
102568
10257
102598
102628
102658
102700
102730
102760
102790
102820
102850
10287
102880
102910
102940
102970
103000
103030
103060
103090
103120
103150
103180
103210
103240
103270
103300
103330
103371
103401
103431
103461
103491
103521
103551
103581
103611
103641
103671
103701
103731
103761
103791
103821
103851
103881
103911
103941
103971
104001
104041
104071
104101
104131
104161
104191
104221
104251
104281
104311
104341
104371
104401
104431
104461
104491
104521
104551
104581
104611
104641
104671
104701
104740
104770
104800
104830
104860
104890
104920
104950
104980
105010
105040
105070
105100
105130
105160
105190
105220
105250
105280
105310
105340
105370
105408
105438
105468
105498
105528
105558
105588
105618
105648
105678
105708
105738
105768
105798
105828
105858
105888
105918
105948
105978
106008
106038
106068
106105
106135
106165
106195
106225
106255
106285
106315
106345
106375
106405
106435
106465
106495
106525
106555
106585
106615
106645
106675
106705
106735
106771
106801
106831
106861
106891
106921
106951
106981
107011
107041
107071
107101
107131
107161
107191
107221
107251
107281
107311
107341
107371
107401
107431
107466
107496
107526
107556
107586
107616
107646
107676
107706
107736
107766
107796
107826
107856
107886
107916
107946
107976
108006
108036
108066
108096
108131
108161
108191
108221
108251
108281
108311
108341
108371
108401
108431
108461
108491
108521
108551
108581
108611
108641
108671
108701
108731
108761
108791
108825
108855
108885
108915
108945
108975
109005
109035
10904
109065
109095
109125
109155
109185
109215
109245
109275
109305
109335
10934
109365
109395
109425
109455
109488
109518
109548
109578
109608
109638
10964
109668
109698
109728
109758
109788
109818
109848
109878
109908
109938
109968
109998
110028
110058
110088
110118
110148
110181
110211
110241
110271
110301
110331
110361
110391
110421
110451
110481
110511
110541
110571
110601
110631
110661
110691
110721
110751
110781
110811
110843
110873
110903
110933
110963
110993
111023
111053
111083
111113
111143
111173
111203
111233
111263
111293
111323
111353
111383
111413
111443
111473
111503
111535
111565
111595
111625
111655
111685
111715
111745
111775
111805
111835
111865
111895
111925
111955
111985
112015
112045
112075
112105
112135
112165
112195
112227
112257
112287
112317
112347
112377
112407
112437
112467
112497
112527
112557
112587
112617
112647
112677
112707
112737
112767
112797
112827
112857
112888
112918
112948
112978
113008
113038
113068
113098
113128
113158
113188
113218
113248
113278
113308
113338
113368
113398
113428
113458
113488
113518
113548
113577
113607
113637
113683
113713
113743
113773
113803
113833
113863
113893
113923
113953
113983
114013
114043
114073
114103
114133
114166
114196
114226
114257
114287
114317
114344
114374
114404
114434
114464
114494
114524
114554
114584
114614
114644
114674
114704
114734
114764
114794
114824
114846
114876
114906
114937
114967
114997
115035
115065
115095
115125
115155
115185
115215
115245
115275
115305
115335
115365
115395
115425
115455
115485
115515
115526
115556
115586
115617
115647
115677
115726
11574
115756
115786
115816
115846
115876
115906
115936
115966
115996
116026
11604
116056
116086
116116
116146
116176
116206
116236
116266
116297
116327
11634
116357
116387
116417
116447
116477
116507
116537
116567
116597
116627
11664
116657
116687
116717
116747
116777
116807
116837
116867
116886
116916
116946
116977
117007
117037
117078
117108
117138
117168
117198
117228
117258
117288
117318
117348
117378
117408
117438
117468
117498
117528
117558
117566
117596
117626
117665
117695
117725
117755
117785
117815
117845
117875
117905
117935
117965
117995
118025
118055
118085
118115
118145
118175
118205
118235
118265
118295
118326
118356
118386
118416
118446
118476
118506
118536
118566
118596
118626
118656
118686
118716
118746
118776
118806
118836
118866
118896
118926
118956
118986
119017
119047
119077
119107
119137
119167
119197
119227
119257
119287
119317
119347
119377
119407
119437
119467
119497
119527
119557
119587
119617
119647
119677
119709
119739
119769
119799
119829
119859
119889
119919
119949
119979
120009
120039
120069
120099
120129
120159
120189
120219
120249
120279
120309
120339
120371
120401
120431
120461
120491
120521
120551
120581
120611
120641
120671
120701
120731
120761
120791
120821
120851
120881
120911
120941
120971
121001
121031
121063
121093
121123
121153
121183
121213
121243
121273
121303
121333
121363
121393
121423
121453
121483
121513
121543
121573
121603
121633
121663
121693
121726
121756
121786
121816
121846
121876
121906
121936
121966
121996
122026
122056
122086
122116
122146
122176
122206
122236
122266
122296
122326
122356
122386
122419
122449
122479
122509
122539
122569
122599
122629
122659
12268
122689
122719
122749
122779
122809
122839
122869
122899
122929
122959
12298
122989
123019
123049
123083
123113
123143
123173
123203
123233
123263
12328
123293
123323
123353
123383
123413
123443
123473
123503
123533
123563
123593
123623
123653
123683
123713
123743
123778
123808
123838
123868
123898
123928
123958
123988
124018
124048
124078
124108
124138
124168
124198
124228
124258
124288
124318
124348
124378
124408
124443
124473
124503
124533
124563
124593
124623
124653
124683
124713
124743
124773
124803
124833
124863
124893
124923
124953
124983
125013
125043
125073
125103
125139
125169
125199
125229
125259
125289
125319
125349
125379
125409
125439
125469
125499
125529
125559
125589
125619
125649
125679
125709
125739
125769
125806
125836
125866
125896
125926
125956
125986
126016
126046
126076
126106
126136
126166
126196
126226
126256
126286
126316
126346
126376
126406
126436
126466
126504
126534
126564
126594
126624
126654
126684
126714
126744
126774
126804
126834
126864
126894
126924
126954
126984
127014
127044
127074
127104
127134
127173
127203
127233
127263
127293
127323
127353
127383
127413
127443
127473
127503
127533
127563
127593
127623
127653
127683
127713
127743
127773
127803
127843
127873
127903
127933
127963
127993
128023
128053
128083
128113
128143
128173
128203
128233
128263
128293
128323
128353
128383
128413
128443
128473
128503
128544
128574
128604
128634
128664
128694
128724
128754
128784
128814
128844
128874
128904
128934
128964
128994
129024
129054
129084
129114
129144
129174
129216
129246
12926
129276
129306
129336
129366
129396
129426
129456
129486
129516
129546
12956
129576
129606
129636
129666
129696
129726
129756
129786
129816
129846
12986
129889
129919
129949
129979
130009
130039
130069
130099
130129
130159
13016
130189
130219
130249
130279
130309
130339
130369
130399
130429
130459
130489
130519
130564
130594
130624
130654
130684
130714
130744
130774
130804
130834
130864
130894
130924
130954
130984
131014
131044
131074
131104
131134
131164
131194
131240
131270
131300
131330
131360
131390
131420
131450
131480
131510
131540
131570
131600
131630
131660
131690
131720
131750
131780
131810
131840
131870
131900
131947
131977
132007
132037
132067
132097
132127
132157
132187
132217
132247
132277
132307
132337
132367
132397
132427
132457
132487
132517
132547
132577
132626
132656
132686
132716
132746
132776
132806
132836
132866
132896
132926
132956
132986
133016
133046
133076
133106
133136
133166
133196
133226
133256
133306
133336
133366
133396
133426
133456
133486
133516
133546
133576
133606
133636
133666
133696
133726
133756
133786
133816
133846
133876
133906
133936
133988
134018
134048
134078
134108
134138
134168
134198
134228
134258
134288
134318
134348
134378
134408
134438
134468
134498
134528
134558
134588
134641
134671
134701
134731
134761
134791
134821
134851
134881
134911
134941
134971
135001
135031
135061
135091
135121
135151
135181
135211
135241
135271
135326
135356
135386
135416
135446
135476
135506
135536
135566
135596
135626
135656
135686
135716
135746
135776
135806
135836
135866
135896
135926
135956
136012
136042
136072
13608
136102
136132
136162
136192
136222
136252
136282
136312
136342
136372
13638
136402
136432
136462
136492
136522
136552
136582
136612
136642
13668
136700
136730
136760
136790
136820
136850
136880
136910
136940
136970
13698
137000
137030
137060
137090
137120
137150
137180
137210
137240
137270
137300
137360
137390
137420
137450
137480
137510
137540
137570
137600
137630
137660
137690
137720
137750
137780
137810
137840
137870
137900
137930
137960
137990
138052
138082
138112
138142
138172
138202
138232
138262
138292
138322
138352
138382
138412
138442
138472
138502
138532
138562
138592
138622
138652
138682
138746
138776
138806
138836
138866
138896
138926
138956
138986
139016
139046
139076
139106
139136
139166
139196
139226
139256
139286
139316
139346
139412
139442
139472
139502
139532
139562
139592
139622
139652
139682
139712
139742
139772
139802
139832
139862
139892
139922
139952
139982
140012
140080
140110
140140
140170
140200
140230
140260
140290
140320
140350
140380
140410
140440
140470
140500
140530
140560
140590
140620
140650
140680
140710
140780
140810
140840
140870
140900
140930
140960
140990
141020
141050
141080
141110
141140
141170
141200
141230
141260
141290
141320
141350
141380
141452
141482
141512
141542
141572
141602
141632
141662
141692
141722
141752
141782
141812
141842
141872
141902
141932
141962
141992
142022
142052
142126
142156
142186
142216
142246
142276
142306
142336
142366
142396
142426
142456
142486
142516
142546
142576
142606
142636
142666
142696
142726
142802
142832
14284
142862
142892
142922
142952
142982
143012
143042
143072
143102
143132
14314
143162
143192
143222
143252
143282
143312
143342
143372
143402
14344
143481
143511
143541
143571
143601
143631
143661
143691
143721
14374
143751
143781
143811
143841
143871
143901
143931
143961
143991
144021
14404
144051
144081
144162
144192
144222
144252
144282
144312
144342
144372
144402
144432
144462
144492
144522
144552
144582
144612
144642
144672
144702
144732
144762
144845
144875
144905
144935
144965
144995
145025
145055
145085
145115
145145
145175
145205
145235
145265
145295
145325
145355
145385
145415
145445
145531
145561
145591
145621
145651
145681
145711
145741
145771
145801
145831
145861
145891
145921
145951
145981
146011
146041
146071
146101
146131
146219
146249
146279
146309
146339
146369
146399
146429
146459
146489
146519
146549
146579
146609
146639
146669
146699
146729
146759
146789
146880
146910
146940
146970
147000
147030
147060
147090
147120
147150
147180
147210
147240
147270
147300
147330
147360
147390
147420
147450
147480
147574
147604
147634
147664
147694
147724
147754
147784
147814
147844
147874
147904
147934
147964
147994
148024
148054
148084
148114
148144
148240
148270
148300
148330
148360
148390
148420
148450
148480
148510
148540
148570
148600
148630
148660
148690
148720
148750
148780
148810
148840
148939
148969
148999
149029
149059
149089
149119
149149
149179
149209
149239
149269
149299
149329
149359
149389
149419
149449
149479
149509
149611
149641
149671
149701
149731
149761
149791
149821
14983
149851
149881
149911
149941
149971
150001
150031
150061
150091
150121
15013
150151
150181
150286
150316
150346
150376
150406
15043
150436
150466
150496
150526
150556
150586
150616
150646
150676
150706
15073
150736
150766
150796
150826
150856
150963
150993
151023
151053
151083
151113
151143
151173
151203
151233
151263
151293
151323
151353
151383
151413
151443
151473
151503
151533
151643
151673
151703
151733
151763
151793
151823
151853
151883
151913
151943
151973
152003
152033
152063
152093
152123
152153
152183
152213
152326
152356
152386
152416
152446
152476
152506
152536
152566
152596
152626
152656
152686
152716
152746
152776
152806
152836
152866
152896
153012
153042
153072
153102
153132
153162
153192
153222
153252
153282
153312
153342
153372
153402
153432
153462
153492
153522
153552
153582
153702
153732
153762
153792
153822
153852
153882
153912
153942
153972
154002
154032
154062
154092
154122
154152
154182
154212
154242
154365
154395
154425
154455
154485
154515
154545
154575
154605
154635
154665
154695
154725
154755
154785
154815
154845
154875
154905
154935
155061
155091
155121
155151
155181
155211
155241
155271
155301
155331
155361
155391
155421
155451
155481
155511
155541
155571
155601
155730
155760
155790
155820
155850
155880
155910
155940
155970
156000
156030
156060
156090
156120
156150
156180
156210
156240
156270
156402
156432
15646
156462
156492
156522
156552
156582
156612
156642
156672
156702
156732
15676
156762
156792
156822
156852
156882
156912
156942
156972
15706
157108
157138
157168
157198
157228
157258
157288
157318
157348
15736
157378
157408
157438
157468
157498
157528
157558
157588
157618
157648
15766
157787
157817
157847
157877
157907
157937
157967
157997
158027
158057
158087
158117
158147
158177
158207
158237
158267
158297
158327
158469
158499
158529
158559
158589
158619
158649
158679
158709
158739
158769
158799
158829
158859
158889
158919
158949
158979
159125
159155
159185
159215
159245
159275
159305
159335
159365
159395
159425
159455
159485
159515
159545
159575
159605
159635
159665
159815
159845
159875
159905
159935
159965
159995
160025
160055
160085
160115
160145
160175
160205
160235
160265
160295
160325
160355
160508
160538
160568
160598
160628
160658
160688
160718
160748
160778
160808
160838
160868
160898
160928
160958
160988
161018
161175
161205
161235
161265
161295
161325
161355
161385
161415
161445
161475
161505
161535
161565
161595
161625
161655
161685
161845
161875
161905
161935
161965
161995
162025
162055
162085
162115
162145
162175
162205
162235
162265
162295
162325
162355
162385
162549
162579
162609
162639
162669
162699
162729
162759
162789
162819
162849
162879
162909
162939
162969
162999
163029
163059
163227
163257
163287
163317
16333
163347
163377
163407
163437
163467
163497
163527
163557
163587
163617
16363
163647
163677
163707
163737
163909
16393
163939
163969
163999
164029
164059
164089
164119
164149
164179
164209
16423
164239
164269
164299
164329
164359
164389
16453
164565
164595
164625
164655
164685
164715
164745
164775
164805
164835
164865
164895
164925
164955
164985
165015
165045
165075
165254
165284
165314
165344
165374
165404
165434
165464
165494
165524
165554
165584
165614
165644
165674
165704
165734
165764
165947
165977
166007
166037
166067
166097
166127
166157
166187
166217
166247
166277
166307
166337
166367
166397
166427
166614
166644
166674
166704
166734
166764
166794
166824
166854
166884
166914
166944
166974
167004
167034
167064
167094
167285
167315
167345
167375
167405
167435
167465
167495
167525
167555
167585
167615
167645
167675
167705
167735
167765
167960
167990
168020
168050
168080
168110
168140
168170
168200
168230
168260
168290
168320
168350
168380
168410
168440
168640
168670
168700
168730
168760
168790
168820
168850
168880
168910
168940
168970
169000
169030
169060
169090
169120
169324
169354
169384
169414
169444
169474
169504
169534
169564
169594
169624
169654
169684
169714
169744
169774
169804
170012
170042
170072
170102
170132
17014
170162
170192
170222
170252
170282
170312
170342
170372
170402
170432
17044
170462
170492
170704
170734
17074
170764
170794
170824
170854
170884
170914
170944
170974
171004
171034
17104
171064
171094
171124
171154
17134
171371
171401
171431
171461
171491
171521
171551
171581
171611
171641
171671
171701
171731
171761
171791
171821
172042
172072
172102
172132
172162
172192
172222
172252
172282
172312
172342
172372
172402
172432
172462
172492
172522
172747
172777
172807
172837
172867
172897
172927
172957
172987
173017
173047
173077
173107
173137
173167
173197
173427
173457
173487
173517
173547
173577
173607
173637
173667
173697
173727
173757
173787
173817
173847
174081
174111
174141
174171
174201
174231
174261
174291
174321
174351
174381
174411
174441
174471
174501
174531
174770
174800
174830
174860
174890
174920
174950
174980
175010
175040
175070
175100
175130
175160
175190
175220
175463
175493
175523
175553
175583
175613
175643
175673
175703
175733
175763
175793
175823
175853
175883
176131
176161
176191
176221
176251
176281
176311
176341
176371
176401
176431
176461
176491
176521
176551
176803
176833
176863
17689
176893
176923
176953
176983
177013
177043
177073
177103
177133
177163
17719
177193
177223
177480
17749
177510
177540
177570
177600
177630
177660
177690
177720
177750
177780
17779
177810
177840
177870
177900
17809
178162
178192
178222
178252
178282
178312
178342
178372
17839
178402
178432
178462
178492
178522
178552
178582
178848
178878
178908
178938
178968
178998
179028
179058
179088
179118
179148
179178
179208
179238
179268
179539
179569
179599
179629
179659
179689
179719
179749
179779
179809
179839
179869
179899
179929
180205
180235
180265
180295
180325
180355
180385
180415
180445
180475
180505
180535
180565
180595
180625
180906
180936
180966
180996
181026
181056
181086
181116
181146
181176
181206
181236
181266
181296
181582
181612
181642
181672
181702
181732
181762
181792
181822
181852
181882
181912
181942
181972
182263
182293
182323
182353
182383
182413
182443
182473
182503
182533
182563
182593
182623
182653
182949
182979
183009
183039
183069
183099
183129
183159
183189
183219
183249
183279
183309
183610
183640
183670
183700
183730
183760
183790
183820
183850
18388
183880
183910
183940
183970
184000
18418
184306
184336
184366
184396
184426
184456
18448
184486
184516
184546
184576
184606
184636
184666
18478
184977
185007
185037
185067
18508
185097
185127
185157
185187
185217
185247
185277
185307
185337
185653
185683
185713
185743
185773
185803
185833
185863
185893
185923
185953
185983
186013
186334
186364
186394
186424
186454
186484
186514
186544
186574
186604
186634
186664
186694
187020
187050
187080
187110
187140
187170
187200
187230
187260
187290
187320
187350
187681
187711
187741
187771
187801
187831
187861
187891
187921
187951
187981
188011
188041
188378
188408
188438
188468
188498
188528
188558
188588
188618
188648
188678
188708
189050
189080
189110
189140
189170
189200
189230
189260
189290
189320
189350
189380
189727
189757
189787
189817
189847
189877
189907
189937
189967
189997
190027
190057
190410
190440
190470
190500
19051
190530
190560
190590
190620
190650
190680
190710
190740
19081
191098
19111
191128
191158
191188
191218
191248
191278
191308
191338
191368
191398
19141
19171
191761
191791
191821
191851
191881
191911
191941
191971
192001
19201
192031
192061
192091
192460
192490
192520
192550
192580
192610
192640
192670
192700
192730
192760
193134
193164
193194
193224
193254
193284
193314
193344
193374
193404
193434
193814
193844
193874
193904
193934
193964
193994
194024
194054
194084
194114
194499
194529
194559
194589
194619
194649
194679
194709
194739
194769
195160
195190
195220
195250
195280
195310
195340
195370
195400
195430
195460
195856
195886
195916
195946
195976
196006
196036
196066
196096
196126
196528
196558
196588
196618
196648
196678
196708
196738
196768
196798
197205
197235
197265
197295
197325
197355
19738
197385
197415
197445
197475
19768
197888
197918
197948
197978
19798
198008
198038
198068
198098
198128
198158
19828
198577
19858
198607
198637
198667
198697
198727
198757
198787
198817
19888
199241
199271
199301
199331
199361
199391
199421
199451
199481
199511
199941
199971
200001
200031
200061
200091
200121
200151
200181
200617
200647
200677
200707
200737
200767
200797
200827
200857
201299
201329
201359
201389
201419
201449
201479
201509
201539
201986
202016
202046
202076
202106
202136
202166
202196
202649
202679
202709
202739
202769
202799
202829
202859
202889
203348
203378
203408
203438
203468
203498
203528
203558
2040
204023
204053
204083
204113
204143
204173
20418
204203
204233
20448
204704
204734
204764
20478
204794
204824
204854
204884
20508
205361
20538
205391
205421
205451
205481
205511
205541
205571
20568
206054
206084
206114
206144
206174
206204
206234
206722
206752
206782
206812
206842
206872
206902
206932
207426
207456
207486
207516
207546
207576
207606
208106
208136
208166
208196
208226
208256
208762
208792
208822
208852
208882
208912
208942
209454
209484
209514
209544
209574
209604
210122
210152
210182
210212
210242
210272
210302
210826
210856
210886
210916
21092
210946
210976
21122
211506
21152
211536
211566
211596
211626
21182
21212
212163
212193
212223
212253
212283
212313
21242
212856
212886
212916
212946
212976
213525
213555
213585
213615
213645
214200
214230
214260
214290
214320
214881
214911
214941
214971
215001
215568
215598
215628
215658
215688
216261
216291
216321
216351
216930
216960
216990
217020
21760
217606
217636
217666
217696
21790
21820
218288
218318
218348
218378
21850
21880
218976
219006
219036
21910
21940
219640
219670
219700
219730
220340
220370
220400
221017
221047
221077
221700
221730
221760
222389
222419
223054
223084
223726
223756
224404
224434
22452
22482
225088
225118
22512
22542
22572
225778
22602
22632
226445
226475
227148
228482
229842
23138
23168
23198
23228
23258
23288
23318
23818
23848
23878
23908
23938
23968
23998
24492
24522
24552
24582
24612
24642
24672
25160
25190
25220
25250
25280
25310
25340
25370
25853
25883
25913
25943
25973
26003
26033
26063
26540
26570
26600
26630
26660
26690
26720
26750
27221
27251
27281
27311
2732
27341
27371
27401
27431
27896
27926
27956
27986
28016
28046
28076
28106
28565
28595
28625
28655
28685
28715
28745
28775
28805
29258
29288
29318
29348
29378
29408
29438
29468
29498
29945
29975
30005
30035
30065
30095
30125
30155
30185
30627
30657
30687
30717
30747
30777
30807
30837
30867
31303
31333
31363
31393
31423
31453
31483
31513
31543
31973
32003
32033
32063
32093
32123
32153
32183
32213
32243
32667
32697
32727
32757
32787
32817
32847
32877
32907
33326
33356
33386
33416
33446
33476
33506
33536
33566
33596
34009
34039
34069
34099
34129
34159
3417
34189
34219
34249
34279
34686
34716
34746
34776
34806
34836
34866
34896
34926
34956
34986
35388
35418
35448
35478
35508
35538
35568
35598
35628
35658
36054
36084
36114
36144
36174
36204
36234
36264
36294
36324
36354
36745
36775
36805
36835
36865
36895
36925
36955
36985
37015
37400
37430
37460
37490
37520
37550
37580
37610
37640
37670
37700
38080
38110
38140
38170
38200
38230
38260
38290
38320
38350
38380
38410
38784
38814
38844
38874
38904
38934
38964
38994
39024
39054
39084
39453
39483
39513
39543
39573
39603
39633
39663
39693
39723
39753
39783
40146
40176
40206
40236
40266
40296
40326
40356
40386
40416
40446
40804
40834
40864
40894
40924
40954
4096
40984
41014
41044
41074
41104
41134
41487
41517
41547
41577
41607
41637
41667
41697
41727
41757
41787
41817
42164
42194
42224
42254
42284
42314
42344
42374
42404
42434
42464
42494
42524
42866
42896
42926
42956
42986
43016
43046
43076
43106
43136
43166
43196
43533
43563
43593
43623
43653
43683
43713
43743
43773
43803
43833
43863
43893
44224
44254
44284
44314
44344
44374
44404
44434
44464
44494
44524
44554
44880
44910
44940
44970
45000
45030
45060
45090
45120
45150
45180
45210
45240
45561
45591
45621
45651
45681
45711
45741
45771
45801
45831
45861
45891
45921
45951
46267
46297
46327
46357
46387
46417
46447
46477
46507
46537
46567
46597
46627
46938
46968
46998
47028
47058
47088
47118
47148
47178
47208
47238
47268
47298
47604
47634
47664
4769
47694
47724
47754
47784
47814
47844
47874
47904
47934
47964
4799
47994
48295
48325
48355
48385
48415
48445
48475
48505
48535
48565
48595
48625
48655
48685
48981
49011
49041
49071
49101
49131
49161
49191
49221
49251
49281
49311
49341
49371
49662
49692
49722
49752
49782
49812
49842
49872
49902
49932
49962
49992
50022
50052
50338
50368
50398
50428
50458
50488
50518
50548
50578
50608
50638
50668
50698
50728
51009
51039
51069
51099
51129
51159
51189
51219
51249
51279
51309
51339
51369
51399
51429
51705
51735
51765
51795
51825
51855
51885
51915
51945
51975
52005
52035
52065
52095
52366
52396
52426
52456
52486
52516
52546
52576
52606
52636
52666
52696
52726
52756
52786
53052
53082
53112
53142
53172
53202
53232
53262
53292
53322
53352
53382
53412
53442
53472
53734
53764
53794
53824
53854
53884
53914
53944
53974
54004
54034
54064
54094
54124
54154
54411
54441
54471
54501
54531
54561
54591
54621
54651
5466
54681
54711
54741
54771
54801
54831
55083
55113
55143
55173
55203
55233
55263
55293
55323
55353
55383
55413
55443
55473
55503
55533
55781
55811
55841
55871
55901
55931
55961
55991
56021
56051
56081
56111
56141
56171
56201
56444
56474
56504
56534
56564
56594
56624
56654
56684
56714
56744
56774
56804
56834
56864
56894
57133
57163
57193
57223
57253
57283
57313
57343
57373
57403
57433
57463
57493
57523
57553
57583
57817
57847
57877
57907
57937
57967
57997
58027
58057
58087
58117
58147
58177
58207
58237
58267
58497
58527
58557
58587
58617
58647
58677
58707
58737
58767
58797
58827
58857
58887
58917
58947
59172
59202
59232
59262
59292
59322
59352
59382
59412
59442
59472
59502
59532
59562
59592
59622
59843
59873
59903
59933
59963
59993
60023
60053
60083
60113
60143
60173
60203
60233
60263
60293
60323
60540
60570
60600
60630
60660
60690
60720
60750
60780
60810
60840
60870
60900
60930
60960
60990
61202
61232
6126
61262
61292
61322
61352
61382
61412
61442
61472
61502
61532
6156
61562
61592
61622
61652
61682
61890
61920
61950
61980
62010
62040
62070
62100
62130
62160
62190
62220
62250
62280
62310
62340
62370
62574
62604
62634
62664
62694
62724
62754
62784
62814
62844
62874
62904
62934
62964
62994
63024
63054
63254
63284
63314
63344
63374
63404
63434
63464
63494
63524
63554
63584
63614
63644
63674
63704
63734
63929
63959
63989
64019
64049
64079
64109
64139
64169
64199
64229
64259
64289
64319
64349
64379
64409
64600
64630
64660
64690
64720
64750
64780
64810
64840
64870
64900
64930
64960
64990
65020
65050
65080
65110
65297
65327
65357
65387
65417
65447
65477
65507
65537
65567
65597
65627
65657
65687
65717
65747
65777
65960
65990
66020
66050
66080
66110
66140
66170
66200
66230
66260
66290
66320
66350
66380
66410
66440
66470
66649
66679
66709
66739
66769
66799
66829
66859
66889
66919
66949
66979
67009
67039
67069
67099
67129
67159
67335
67365
67395
67425
67455
67485
67515
67545
67575
67605
67635
67665
67695
67725
67755
67785
67815
67845
68017
68047
68077
6810
68107
68137
68167
68197
68227
68257
68287
68317
68347
68377
6840
68407
68437
68467
68497
68527
68695
68725
68755
68785
68815
68845
68875
68905
68935
68965
68995
69025
69055
69085
69115
69145
69175
69205
69369
69399
69429
69459
69489
69519
69549
69579
69609
69639
69669
69699
69729
69759
69789
69819
69849
69879
69909
70069
70099
70129
70159
70189
70219
70249
70279
70309
70339
70369
70399
70429
70459
70489
70519
70549
70579
70736
70766
70796
70826
70856
70886
70916
70946
70976
71006
71036
71066
71096
71126
71156
71186
71216
71246
71276
71429
71459
71489
71519
71549
71579
71609
71639
71669
71699
71729
71759
71789
71819
71849
71879
71909
71939
72089
72119
72149
72179
72209
72239
72269
72299
72329
72359
72389
72419
72449
72479
72509
72539
72569
72599
72629
72775
72805
72835
72865
72895
72925
72955
72985
73015
73045
73075
73105
73135
73165
73195
73225
73255
73285
73315
73457
73487
73517
73547
73577
73607
73637
73667
73697
73727
73757
73787
73817
73847
73877
73907
73937
73967
73997
74136
74166
74196
74226
74256
74286
74316
74346
74376
74406
74436
74466
74496
74526
74556
74586
74616
74646
74676
74812
74842
74872
7488
74902
74932
74962
74992
75022
75052
75082
75112
75142
75172
7518
75202
75232
75262
75292
75322
75352
75484
75514
75544
75574
75604
75634
75664
75694
75724
75754
75784
75814
75844
75874
75904
75934
75964
75994
76024
76054
76183
76213
76243
76273
76303
76333
76363
76393
76423
76453
76483
76513
76543
76573
76603
76633
76663
76693
76723
76849
76879
76909
76939
76969
76999
77029
77059
77089
77119
77149
77179
77209
77239
77269
77299
77329
77359
77389
77419
77542
77572
77602
77632
77662
77692
77722
77752
77782
77812
77842
77872
77902
77932
77962
77992
78022
78052
78082
78202
78232
78262
78292
78322
78352
78382
78412
78442
78472
78502
78532
78562
78592
78622
78652
78682
78712
78742
78772
78888
78918
78948
78978
79008
79038
79068
79098
79128
79158
79188
79218
79248
79278
79308
79338
79368
79398
79428
79458
79571
79601
79631
79661
79691
79721
79751
79781
79811
79841
79871
79901
79931
79961
79991
80021
80051
80081
80111
80141
80251
80281
80311
80341
80371
80401
80431
80461
80491
80521
80551
80581
80611
80641
80671
80701
80731
80761
80791
80821
80928
80958
80988
81018
81048
81078
81108
81138
81168
81198
81228
81258
81288
81318
81348
81378
81408
81438
81468
81498
8160
81603
81633
81663
81693
81723
81753
81783
81813
81843
81873
8190
81903
81933
81963
81993
82023
82053
82083
82113
82143
82173
8220
82203
82305
82335
82365
82395
82425
82455
82485
82515
82545
82575
82605
82635
82665
82695
82725
82755
82785
82815
82845
82875
82974
83004
83034
83064
83094
83124
83154
83184
83214
83244
83274
83304
83334
83364
83394
83424
83454
83484
83514
83544
83640
83670
83700
83730
83760
83790
83820
83850
83880
83910
83940
83970
84000
84030
84060
84090
84120
84150
84180
84210
84240
84334
84364
84394
84424
84454
84484
84514
84544
84574
84604
84634
84664
84694
84724
84754
84784
84814
84844
84874
84904
84934
85025
85055
85085
85115
85145
85175
85205
85235
85265
85295
85325
85355
85385
85415
85445
85475
85505
85535
85565
85595
85683
85713
85743
85773
85803
85833
85863
85893
85923
85953
85983
86013
86043
86073
86103
86133
86163
86193
86223
86253
86283
86369
86399
86429
86459
86489
86519
86549
86579
86609
86639
86669
86699
86729
86759
86789
86819
86849
86879
86909
86939
86969
87052
87082
87112
87142
87172
87202
87232
87262
87292
87322
87352
87382
87412
87442
87472
87502
87532
87562
87592
87622
87652
87733
87763
87793
87823
87853
87883
87913
87943
87973
88003
88033
88063
88093
88123
88153
88183
88213
88243
88273
88303
88333
88412
88442
88472
88502
88532
8855
88562
88592
88622
88652
88682
88712
88742
88772
88802
88832
8885
88862
88892
88922
88952
88982
89012
89088
89118
89148
8915
89178
89208
89238
89268
89298
89328
89358
89388
89418
89448
89478
89508
89538
89568
89598
89628
89658
89688
89762
89792
89822
89852
89882
89912
89942
89972
90002
90032
90062
90092
90122
90152
90182
90212
90242
90272
90302
90332
90362
90392
90464
90494
90524
90554
90584
90614
90644
90674
90704
90734
90764
90794
90824
90854
90884
90914
90944
90974
91004
91034
91064
91134
91164
91194
91224
91254
91284
91314
91344
91374
91404
91434
91464
91494
91524
91554
91584
91614
91644
91674
91704
91734
91802
91832
91862
91892
91922
91952
91982
92012
92042
92072
92102
92132
92162
92192
92222
92252
92282
92312
92342
92372
92402
92432
92498
92528
92558
92588
92618
92648
92678
92708
92738
92768
92798
92828
92858
92888
92918
92948
92978
93008
93038
93068
93098
93162
93192
93222
93252
93282
93312
93342
93372
93402
93432
93462
93492
93522
93552
93582
93612
93642
93672
93702
93732
93762
93792
93854
93884
93914
93944
93974
94004
94034
94064
94094
94124
94154
94184
94214
94244
94274
94304
94334
94364
94394
94424
94454
94484
94544
94574
94604
94634
94664
94694
94724
94754
94784
94814
94844
94874
94904
94934
94964
94994
95024
95054
95084
95114
95144
95202
95232
95262
95292
95322
95352
95382
95412
9544
95442
95472
95502
95532
95562
95592
95622
95652
95682
95712
9574
95742
95772
95802
95832
95888
95918
95948
95978
96008
96038
9604
96068
96098
96128
96158
96188
96218
96248
96278
96308
96338
96368
96398
96428
96458
96488
96518
96573
96603
96633
96663
96693
96723
96753
96783
96813
96843
96873
96903
96933
96963
96993
97023
97053
97083
97113
97143
97173
97203
97256
97286
97316
97346
97376
97406
97436
97466
97496
97526
97556
97586
97616
97646
97676
97706
97736
97766
97796
97826
97856
97886
97938
97968
97998
98028
98058
98088
98118
98148
98178
98208
98238
98268
98298
98328
98358
98388
98418
98448
98478
98508
98538
98568
98618
98648
98678
98708
98738
98768
98798
98828
98858
98888
98918
98948
98978
99008
99038
99068
99098
99128
99158
99188
99218
99248
99297
99327
99357
99387
99417
99447
99477
99507
99537
99567
99597
99627
99657
99687
99717
99747
99777
99807
99837
99867
99897
99927
99974
