100001
100031
100061
100091
100121
100151
100181
100211
100241
100271
100301
100331
100361
100391
100421
100451
100481
100511
100541
100571
100601
100647
100677
100707
100737
100767
100797
100827
100857
100887
100917
100947
100977
101007
101037
101067
101097
101127
101157
101187
101217
101247
101277
101322
101352
101382
101412
101442
101472
101502
101532
101562
101592
101622
101652
101682
101712
101742
101772
101802
101832
101862
101892
101922
101952
101982
102025
102055
102085
102115
102145
102175
102205
102235
10224
102265
102295
102325
102355
102385
102415
102445
102475
102505
102535
10254
102565
102595
102625
102655
102697
102727
102757
102787
102817
10284
102847
102877
102907
102937
102967
102997
103027
103057
103087
103117
103147
103177
103207
103237
103267
103297
103327
103368
103398
103428
103458
103488
103518
103548
103578
103608
103638
103668
103698
103728
103758
103788
103818
103848
103878
103908
103938
103968
103998
104028
104068
104098
104128
104158
104188
104218
104248
104278
104308
104338
104368
104398
104428
104458
104488
104518
104548
104578
104608
104638
104668
104698
104737
104767
104797
104827
104857
104887
104917
104947
104977
105007
105037
105067
105097
105127
105157
105187
105217
105247
105277
105307
105337
105367
105405
105435
105465
105495
105525
105555
105585
105615
105645
105675
105705
105735
105765
105795
105825
105855
105885
105915
105945
105975
106005
106035
106065
106102
106132
106162
106192
106222
106252
106282
106312
106342
106372
106402
106432
106462
106492
106522
106552
106582
106612
106642
106672
106702
106732
106768
106798
106828
106858
106888
106918
106948
106978
107008
107038
107068
107098
107128
107158
107188
107218
107248
107278
107308
107338
107368
107398
107428
107463
107493
107523
107553
107583
107613
107643
107673
107703
107733
107763
107793
107823
107853
107883
107913
107943
107973
108003
108033
108063
108093
108128
108158
108188
108218
108248
108278
108308
108338
108368
108398
108428
108458
108488
108518
108548
108578
108608
108638
108668
108698
108728
108758
108788
108822
108852
108882
108912
108942
108972
109002
10901
109032
109062
109092
109122
109152
109182
109212
109242
109272
109302
10931
109332
109362
109392
109422
109452
109485
109515
109545
109575
109605
10961
109635
109665
109695
109725
109755
109785
109815
109845
109875
109905
109935
109965
109995
110025
110055
110085
110115
110145
110178
110208
110238
110268
110298
110328
110358
110388
110418
110448
110478
110508
110538
110568
110598
110628
110658
110688
110718
110748
110778
110808
110840
110870
110900
110930
110960
110990
111020
111050
111080
111110
111140
111170
111200
111230
111260
111290
111320
111350
111380
111410
111440
111470
111500
111532
111562
111592
111622
111652
111682
111712
111742
111772
111802
111832
111862
111892
111922
111952
111982
112012
112042
112072
112102
112132
112162
112192
112224
112254
112284
112314
112344
112374
112404
112434
112464
112494
112524
112554
112584
112614
112644
112674
112704
112734
112764
112794
112824
112854
112885
112915
112945
112975
113005
113035
113065
113095
113125
113155
113185
113215
113245
113275
113305
113335
113365
113395
113425
113455
113485
113515
113545
113574
113604
113634
113680
113710
113740
113770
113800
113830
113860
113890
113920
113950
113980
114010
114040
114070
114100
114130
114160
114163
114193
114223
114254
114284
114314
114371
114401
114431
114461
114491
114521
114551
114581
114611
114641
114671
114701
114731
114761
114791
114821
114843
114873
114903
114934
114964
114994
115032
115062
115092
115122
115152
115182
115212
115242
115272
115302
115332
115362
115392
115422
115452
115482
115512
115523
115553
115583
115614
115644
115674
11571
115723
115753
115783
115813
115843
115873
115903
115933
115963
115993
11601
116023
116053
116083
116113
116143
116173
116203
116233
116263
116294
11631
116324
116354
116384
116414
116444
116474
116504
116534
116564
116594
11661
116624
116654
116684
116714
116744
116774
116804
116834
116864
116883
116913
116943
116974
117004
117034
117075
117105
117135
117165
117195
117225
117255
117285
117315
117345
117375
117405
117435
117465
117495
117525
117555
117563
117593
117623
117662
117692
117722
117752
117782
117812
117842
117872
117902
117932
117962
117992
118022
118052
118082
118112
118142
118172
118202
118232
118262
118292
118323
118353
118383
118413
118443
118473
118503
118533
118563
118593
118623
118653
118683
118713
118743
118773
118803
118833
118863
118893
118923
118953
118983
119014
119044
119074
119104
119134
119164
119194
119224
119254
119284
119314
119344
119374
119404
119434
119464
119494
119524
119554
119584
119614
119644
119674
119706
119736
119766
119796
119826
119856
119886
119916
119946
119976
120006
120036
120066
120096
120126
120156
120186
120216
120246
120276
120306
120336
120368
120398
120428
120458
120488
120518
120548
120578
120608
120638
120668
120698
120728
120758
120788
120818
120848
120878
120908
120938
120968
120998
121028
121060
121090
121120
121150
121180
121210
121240
121270
121300
121330
121360
121390
121420
121450
121480
121510
121540
121570
121600
121630
121660
121690
121723
121753
121783
121813
121843
121873
121903
121933
121963
121993
122023
122053
122083
122113
122143
122173
122203
122233
122263
122293
122323
122353
122383
122416
122446
122476
122506
122536
122566
122596
122626
12265
122656
122686
122716
122746
122776
122806
122836
122866
122896
122926
12295
122956
122986
123016
123046
123080
123110
123140
123170
123200
123230
12325
123260
123290
123320
123350
123380
123410
123440
123470
123500
123530
123560
123590
123620
123650
123680
123710
123740
123775
123805
123835
123865
123895
123925
123955
123985
124015
124045
124075
124105
124135
124165
124195
124225
124255
124285
124315
124345
124375
124405
124440
124470
124500
124530
124560
124590
124620
124650
124680
124710
124740
124770
124800
124830
124860
124890
124920
124950
124980
125010
125040
125070
125100
125136
125166
125196
125226
125256
125286
125316
125346
125376
125406
125436
125466
125496
125526
125556
125586
125616
125646
125676
125706
125736
125766
125803
125833
125863
125893
125923
125953
125983
126013
126043
126073
126103
126133
126163
126193
126223
126253
126283
126313
126343
126373
126403
126433
126463
126501
126531
126561
126591
126621
126651
126681
126711
126741
126771
126801
126831
126861
126891
126921
126951
126981
127011
127041
127071
127101
127131
127170
127200
127230
127260
127290
127320
127350
127380
127410
127440
127470
127500
127530
127560
127590
127620
127650
127680
127710
127740
127770
127800
127840
127870
127900
127930
127960
127990
128020
128050
128080
128110
128140
128170
128200
128230
128260
128290
128320
128350
128380
128410
128440
128470
128500
128541
128571
128601
128631
128661
128691
128721
128751
128781
128811
128841
128871
128901
128931
128961
128991
129021
129051
129081
129111
129141
129171
129213
12923
129243
129273
129303
129333
129363
129393
129423
129453
129483
129513
12953
129543
129573
129603
129633
129663
129693
129723
129753
129783
129813
12983
129843
129886
129916
129946
129976
130006
130036
130066
130096
130126
13013
130156
130186
130216
130246
130276
130306
130336
130366
130396
130426
130456
130486
130516
130561
130591
130621
130651
130681
130711
130741
130771
130801
130831
130861
130891
130921
130951
130981
131011
131041
131071
131101
131131
131161
131191
131221
131267
131297
131327
131357
131387
131417
131447
131477
131507
131537
131567
131597
131627
131657
131687
131717
131747
131777
131807
131837
131867
131897
131944
131974
132004
132034
132064
132094
132124
132154
132184
132214
132244
132274
132304
132334
132364
132394
132424
132454
132484
132514
132544
132574
132623
132653
132683
132713
132743
132773
132803
132833
132863
132893
132923
132953
132983
133013
133043
133073
133103
133133
133163
133193
133223
133253
133303
133333
133363
133393
133423
133453
133483
133513
133543
133573
133603
133633
133663
133693
133723
133753
133783
133813
133843
133873
133903
133933
133985
134015
134045
134075
134105
134135
134165
134195
134225
134255
134285
134315
134345
134375
134405
134435
134465
134495
134525
134555
134585
134615
134668
134698
134728
134758
134788
134818
134848
134878
134908
134938
134968
134998
135028
135058
135088
135118
135148
135178
135208
135238
135268
135323
135353
135383
135413
135443
135473
135503
135533
135563
135593
135623
135653
135683
135713
135743
135773
135803
135833
135863
135893
135923
135953
136009
136039
13605
136069
136099
136129
136159
136189
136219
136249
136279
136309
136339
13635
136369
136399
136429
136459
136489
136519
136549
136579
136609
136639
13665
136697
136727
136757
136787
136817
136847
136877
1369
136907
136937
13695
136967
136997
137027
137057
137087
137117
137147
137177
137207
137237
137267
137297
137327
137387
137417
137447
137477
137507
137537
137567
137597
137627
137657
137687
137717
137747
137777
137807
137837
137867
137897
137927
137957
137987
138049
138079
138109
138139
138169
138199
138229
138259
138289
138319
138349
138379
138409
138439
138469
138499
138529
138559
138589
138619
138649
138679
138743
138773
138803
138833
138863
138893
138923
138953
138983
139013
139043
139073
139103
139133
139163
139193
139223
139253
139283
139313
139343
139409
139439
139469
139499
139529
139559
139589
139619
139649
139679
139709
139739
139769
139799
139829
139859
139889
139919
139949
139979
140009
140039
140107
140137
140167
140197
140227
140257
140287
140317
140347
140377
140407
140437
140467
140497
140527
140557
140587
140617
140647
140677
140707
140777
140807
140837
140867
140897
140927
140957
140987
141017
141047
141077
141107
141137
141167
141197
141227
141257
141287
141317
141347
141377
141449
141479
141509
141539
141569
141599
141629
141659
141689
141719
141749
141779
141809
141839
141869
141899
141929
141959
141989
142019
142049
142123
142153
142183
142213
142243
142273
142303
142333
142363
142393
142423
142453
142483
142513
142543
142573
142603
142633
142663
142693
142723
142753
14281
142829
142859
142889
142919
142949
142979
143009
143039
143069
143099
14311
143129
143159
143189
143219
143249
143279
143309
143339
143369
143399
14341
143429
143508
143538
143568
143598
143628
143658
143688
14371
143718
143748
143778
143808
143838
143868
143898
143928
143958
143988
14401
144018
144048
144078
144108
144189
144219
144249
144279
144309
144339
144369
144399
144429
144459
144489
144519
144549
144579
144609
144639
144669
144699
144729
144759
144842
144872
144902
144932
144962
144992
145022
145052
145082
145112
145142
145172
145202
145232
145262
145292
145322
145352
145382
145412
145442
145528
145558
145588
145618
145648
145678
145708
145738
145768
145798
145828
145858
145888
145918
145948
145978
146008
146038
146068
146098
146128
146216
146246
146276
146306
146336
146366
146396
146426
146456
146486
146516
146546
146576
146606
146636
146666
146696
146726
146756
146786
146816
146907
146937
146967
146997
147027
147057
147087
147117
147147
147177
147207
147237
147267
147297
147327
147357
147387
147417
147447
147477
147571
147601
147631
147661
147691
147721
147751
147781
147811
147841
147871
147901
147931
147961
147991
148021
148051
148081
148111
148141
148171
148267
148297
148327
148357
148387
148417
148447
148477
148507
148537
148567
148597
148627
148657
148687
148717
148747
148777
148807
148837
148936
148966
148996
149026
149056
149086
149116
149146
149176
149206
149236
149266
149296
149326
149356
149386
149416
149446
149476
149506
149608
149638
149668
149698
149728
149758
149788
14980
149818
149848
149878
149908
149938
149968
149998
150028
150058
150088
15010
150118
150148
150178
150283
150313
150343
150373
15040
150403
150433
150463
150493
150523
150553
150583
150613
150643
150673
15070
150703
150733
150763
150793
150823
150853
150960
150990
151020
151050
151080
151110
151140
151170
151200
151230
151260
151290
151320
151350
151380
151410
151440
151470
151500
151530
151640
151670
151700
151730
151760
151790
151820
151850
151880
151910
151940
151970
152000
152030
152060
152090
152120
152150
152180
152210
152323
152353
152383
152413
152443
152473
152503
152533
152563
152593
152623
152653
152683
152713
152743
152773
152803
152833
152863
152893
153009
153039
153069
153099
153129
153159
153189
153219
153249
153279
153309
153339
153369
153399
153429
153459
153489
153519
153549
153579
153699
153729
153759
153789
153819
153849
153879
153909
153939
153969
153999
154029
154059
154089
154119
154149
154179
154209
154239
154362
154392
154422
154452
154482
154512
154542
154572
154602
154632
154662
154692
154722
154752
154782
154812
154842
154872
154902
154932
155058
155088
155118
155148
155178
155208
155238
155268
155298
155328
155358
155388
155418
155448
155478
155508
155538
155568
155598
155727
155757
155787
155817
155847
155877
155907
155937
155967
155997
156027
156057
156087
156117
156147
156177
156207
156237
156267
156297
156429
15643
156459
156489
156519
156549
156579
156609
156639
156669
156699
156729
15673
156759
156789
156819
156849
156879
156909
156939
156969
15703
157105
157135
157165
157195
157225
157255
157285
157315
15733
157345
157375
157405
157435
157465
157495
157525
157555
157585
157615
15763
157645
157784
157814
157844
157874
157904
157934
157964
157994
158024
158054
158084
158114
158144
158174
158204
158234
158264
158294
158324
158466
158496
158526
158556
158586
158616
158646
158676
158706
158736
158766
158796
158826
158856
158886
158916
158946
158976
159122
159152
159182
159212
159242
159272
159302
159332
159362
159392
159422
159452
159482
159512
159542
159572
159602
159632
159662
159812
159842
159872
159902
159932
159962
159992
160022
160052
160082
160112
160142
160172
160202
160232
160262
160292
160322
160352
160505
160535
160565
160595
160625
160655
160685
160715
160745
160775
160805
160835
160865
160895
160925
160955
160985
161015
161172
161202
161232
161262
161292
161322
161352
161382
161412
161442
161472
161502
161532
161562
161592
161622
161652
161682
161842
161872
161902
161932
161962
161992
162022
162052
162082
162112
162142
162172
162202
162232
162262
162292
162322
162352
162382
162546
162576
162606
162636
162666
162696
162726
162756
162786
162816
162846
162876
162906
162936
162966
162996
163026
163056
163224
163254
163284
16330
163314
163344
163374
163404
163434
163464
163494
163524
163554
163584
16360
163614
163644
163674
163704
163734
16390
163906
163936
163966
163996
164026
164056
164086
164116
164146
164176
16420
164206
164236
164266
164296
164326
164356
164386
16450
164562
164592
164622
164652
164682
164712
164742
164772
164802
164832
164862
164892
164922
164952
164982
165012
165042
165072
165251
165281
165311
165341
165371
165401
165431
165461
165491
165521
165551
165581
165611
165641
165671
165701
165731
165761
165944
165974
166004
166034
166064
166094
166124
166154
166184
166214
166244
166274
166304
166334
166364
166394
166424
166611
166641
166671
166701
166731
166761
166791
166821
166851
166881
166911
166941
166971
167001
167031
167061
167091
167282
167312
167342
167372
167402
167432
167462
167492
167522
167552
167582
167612
167642
167672
167702
167732
167762
167792
167987
168017
168047
168077
168107
168137
168167
168197
168227
168257
168287
168317
168347
168377
168407
168437
168467
168667
168697
168727
168757
168787
168817
168847
168877
168907
168937
168967
168997
169027
169057
169087
169117
169321
169351
169381
169411
169441
169471
169501
169531
169561
169591
169621
169651
169681
169711
169741
169771
169801
170009
170039
170069
170099
17011
170129
170159
170189
170219
170249
170279
170309
170339
170369
170399
17041
170429
170459
170489
170701
17071
170731
170761
170791
170821
170851
170881
170911
170941
170971
171001
17101
171031
171061
171091
171121
171151
17131
171368
171398
171428
171458
171488
171518
171548
171578
171608
171638
171668
171698
171728
171758
171788
171818
171848
172069
172099
172129
172159
172189
172219
172249
172279
172309
172339
172369
172399
172429
172459
172489
172519
172744
172774
172804
172834
172864
172894
172924
172954
172984
173014
173044
173074
173104
173134
173164
173194
173424
173454
173484
173514
173544
173574
173604
173634
173664
173694
173724
173754
173784
173814
173844
173874
174108
174138
174168
174198
174228
174258
174288
174318
174348
174378
174408
174438
174468
174498
174528
174767
174797
174827
174857
174887
174917
174947
174977
175007
175037
175067
175097
175127
175157
175187
175217
175460
175490
175520
175550
175580
175610
175640
175670
175700
175730
175760
175790
175820
175850
175880
176128
176158
176188
176218
176248
176278
176308
176338
176368
176398
176428
176458
176488
176518
176548
176800
176830
17686
176860
176890
176920
176950
176980
177010
177040
177070
177100
177130
17716
177160
177190
177220
177250
17746
177507
177537
177567
177597
177627
177657
177687
177717
177747
17776
177777
177807
177837
177867
177897
177927
17806
178189
178219
178249
178279
178309
178339
17836
178369
178399
178429
178459
178489
178519
178549
178579
178845
178875
178905
178935
178965
178995
179025
179055
179085
179115
179145
179175
179205
179235
179265
179536
179566
179596
179626
179656
179686
179716
179746
179776
179806
179836
179866
179896
179926
180202
180232
180262
180292
180322
180352
180382
180412
180442
180472
180502
180532
180562
180592
180622
180903
180933
180963
180993
181023
181053
181083
181113
181143
181173
181203
181233
181263
181293
181579
181609
181639
181669
181699
181729
181759
181789
181819
181849
181879
181909
181939
181969
182260
182290
182320
182350
182380
182410
182440
182470
182500
182530
182560
182590
182620
182650
182946
182976
183006
183036
183066
183096
183126
183156
183186
183216
183246
183276
183306
183607
183637
183667
183697
183727
183757
183787
183817
183847
18385
183877
183907
183937
183967
183997
18415
184303
184333
184363
184393
184423
18445
184453
184483
184513
184543
184573
184603
184633
184663
18475
184974
185004
185034
18505
185064
185094
185124
185154
185184
185214
185244
185274
185304
185334
185650
185680
185710
185740
185770
185800
185830
185860
185890
185920
185950
185980
186010
186331
186361
186391
186421
186451
186481
186511
186541
186571
186601
186631
186661
186691
187017
187047
187077
187107
187137
187167
187197
187227
187257
187287
187317
187347
187377
187708
187738
187768
187798
187828
187858
187888
187918
187948
187978
188008
188038
188375
188405
188435
188465
188495
188525
188555
188585
188615
188645
188675
188705
189047
189077
189107
189137
189167
189197
189227
189257
189287
189317
189347
189377
189724
189754
189784
189814
189844
189874
189904
189934
189964
189994
190024
190054
190407
190437
190467
19048
190497
190527
190557
190587
190617
190647
190677
190707
190737
19078
19108
191095
191125
191155
191185
191215
191245
191275
191305
191335
191365
19138
191395
191425
19168
191788
191818
191848
191878
191908
191938
191968
19198
191998
192028
192058
192088
192457
192487
192517
192547
192577
192607
192637
192667
192697
192727
192757
193131
193161
193191
193221
193251
193281
193311
193341
193371
193401
193431
193811
193841
193871
193901
193931
193961
193991
194021
194051
194081
194111
194496
194526
194556
194586
194616
194646
194676
194706
194736
194766
194796
195187
195217
195247
195277
195307
195337
195367
195397
195427
195457
195853
195883
195913
195943
195973
196003
196033
196063
196093
196123
196525
196555
196585
196615
196645
196675
196705
196735
196765
196795
197202
197232
197262
197292
197322
19735
197352
197382
197412
197442
197472
19765
197885
197915
197945
19795
197975
198005
198035
198065
198095
198125
198155
19825
19855
198574
198604
198634
198664
198694
198724
198754
198784
198814
198844
19885
199268
199298
199328
199358
199388
199418
199448
199478
199508
199938
199968
199998
200028
200058
200088
200118
200148
200178
200614
200644
200674
200704
200734
200764
200794
200824
200854
201296
201326
201356
201386
201416
201446
201476
201506
201536
201983
202013
202043
202073
202103
202133
202163
202193
202646
202676
202706
202736
202766
202796
202826
202856
202886
203345
203375
203405
203435
203465
203495
203525
203555
204020
204050
204080
204110
204140
20415
204170
204200
204230
20445
204701
204731
20475
204761
204791
204821
204851
204881
204911
20505
20535
205388
205418
205448
205478
205508
205538
205568
20565
206051
206081
206111
206141
206171
206201
206231
206261
206749
206779
206809
206839
206869
206899
206929
207423
207453
207483
207513
207543
207573
207603
208103
208133
208163
208193
208223
208253
208283
208789
208819
208849
208879
208909
208939
209451
209481
209511
209541
209571
209601
209631
210149
210179
210209
210239
210269
210299
210823
210853
210883
21089
210913
210943
210973
21119
21149
211503
211533
211563
211593
211623
21179
21209
212160
212190
212220
212250
212280
212310
21239
21269
212853
212883
212913
212943
212973
213522
213552
213582
213612
213642
213672
214227
214257
214287
214317
214347
214908
214938
214968
214998
215565
215595
215625
215655
215685
216258
216288
216318
216348
216927
216957
216987
217017
217603
217633
217663
217693
21787
21817
218285
218315
218345
218375
21847
21877
218973
219003
219033
219063
21907
21937
219667
219697
219727
220337
220367
220397
221014
221044
221074
221697
221727
221757
222386
222416
223051
223081
223723
223753
224401
224431
22449
22479
225085
22509
225115
22539
22569
225775
22599
22629
226442
226472
227145
227824
229171
23135
23165
23195
23225
23255
23285
23315
23815
23845
23875
23905
23935
23965
23995
24489
24519
24549
24579
24609
24639
24669
24699
25187
25217
25247
25277
25307
25337
25367
25850
25880
25910
25940
25970
26000
26030
26060
26537
26567
26597
26627
26657
26687
26717
26747
27218
27248
27278
2729
27308
27338
27368
27398
27428
27893
27923
27953
27983
28013
28043
28073
28103
28562
28592
28622
28652
28682
28712
28742
28772
28802
29255
29285
29315
29345
29375
29405
29435
29465
29495
29942
29972
30002
30032
30062
30092
30122
30152
30182
30624
30654
30684
30714
30744
30774
30804
30834
30864
31300
31330
31360
31390
31420
31450
31480
31510
31540
31970
32000
32030
32060
32090
32120
32150
32180
32210
32240
32664
32694
32724
32754
32784
32814
32844
32874
32904
33323
33353
33383
33413
33443
33473
33503
33533
33563
33593
34006
34036
34066
34096
34126
3414
34156
34186
34216
34246
34276
34683
34713
34743
34773
34803
34833
34863
34893
34923
34953
34983
35385
35415
35445
35475
35505
35535
35565
35595
35625
35655
36051
36081
36111
36141
36171
36201
36231
36261
36291
36321
36351
36742
36772
36802
36832
36862
36892
36922
36952
36982
37012
37042
37427
37457
37487
37517
37547
37577
37607
37637
37667
37697
37727
38107
38137
38167
38197
38227
38257
38287
38317
38347
38377
38407
38781
38811
38841
38871
38901
38931
38961
38991
39021
39051
39081
39450
39480
39510
39540
39570
39600
39630
39660
39690
39720
39750
39780
40143
40173
40203
40233
40263
40293
40323
40353
40383
40413
40443
40801
40831
40861
40891
40921
4093
40951
40981
41011
41041
41071
41101
41131
41484
41514
41544
41574
41604
41634
41664
41694
41724
41754
41784
41814
42161
42191
42221
42251
42281
42311
42341
42371
42401
42431
42461
42491
42521
42863
42893
42923
42953
42983
43013
43043
43073
43103
43133
43163
43193
43530
43560
43590
43620
43650
43680
43710
43740
43770
43800
43830
43860
43890
44221
44251
44281
44311
44341
44371
44401
44431
44461
44491
44521
44551
44581
44907
44937
44967
44997
45027
45057
45087
45117
45147
45177
45207
45237
45267
45588
45618
45648
45678
45708
45738
45768
45798
45828
45858
45888
45918
45948
46264
46294
46324
46354
46384
46414
46444
46474
46504
46534
46564
46594
46624
46935
46965
46995
47025
47055
47085
47115
47145
47175
47205
47235
47265
47295
47601
47631
4766
47661
47691
47721
47751
47781
47811
47841
47871
47901
47931
4796
47961
47991
48292
48322
48352
48382
48412
48442
48472
48502
48532
48562
48592
48622
48652
48682
48978
49008
49038
49068
49098
49128
49158
49188
49218
49248
49278
49308
49338
49368
49659
49689
49719
49749
49779
49809
49839
49869
49899
49929
49959
49989
50019
50049
50335
50365
50395
50425
50455
50485
50515
50545
50575
50605
50635
50665
50695
50725
51006
51036
51066
51096
51126
51156
51186
51216
51246
51276
51306
51336
51366
51396
51426
51702
51732
51762
51792
51822
51852
51882
51912
51942
51972
52002
52032
52062
52092
52363
52393
52423
52453
52483
52513
52543
52573
52603
52633
52663
52693
52723
52753
52783
53049
53079
53109
53139
53169
53199
53229
53259
53289
53319
53349
53379
53409
53439
53469
53731
53761
53791
53821
53851
53881
53911
53941
53971
54001
54031
54061
54091
54121
54151
54408
54438
54468
54498
54528
54558
54588
54618
5463
54648
54678
54708
54738
54768
54798
54828
55080
55110
55140
55170
55200
55230
55260
55290
55320
55350
55380
55410
55440
55470
55500
55530
55778
55808
55838
55868
55898
55928
55958
55988
56018
56048
56078
56108
56138
56168
56198
56441
56471
56501
56531
56561
56591
56621
56651
56681
56711
56741
56771
56801
56831
56861
56891
57130
57160
57190
57220
57250
57280
57310
57340
57370
57400
57430
57460
57490
57520
57550
57580
57814
57844
57874
57904
57934
57964
57994
58024
58054
58084
58114
58144
58174
58204
58234
58264
58494
58524
58554
58584
58614
58644
58674
58704
58734
58764
58794
58824
58854
58884
58914
58944
59169
59199
59229
59259
59289
59319
59349
59379
59409
59439
59469
59499
59529
59559
59589
59619
59840
59870
59900
59930
59960
59990
60020
60050
60080
60110
60140
60170
60200
60230
60260
60290
60320
60537
60567
60597
60627
60657
60687
60717
60747
60777
60807
60837
60867
60897
60927
60957
60987
61017
61229
6123
61259
61289
61319
61349
61379
61409
61439
61469
61499
61529
6153
61559
61589
61619
61649
61679
61887
61917
61947
61977
62007
62037
62067
62097
62127
62157
62187
62217
62247
62277
62307
62337
62367
62571
62601
62631
62661
62691
62721
62751
62781
62811
62841
62871
62901
62931
62961
62991
63021
63051
63251
63281
63311
63341
63371
63401
63431
63461
63491
63521
63551
63581
63611
63641
63671
63701
63731
63926
63956
63986
64016
64046
64076
64106
64136
64166
64196
64226
64256
64286
64316
64346
64376
64406
64436
64627
64657
64687
64717
64747
64777
64807
64837
64867
64897
64927
64957
64987
65017
65047
65077
65107
65294
65324
65354
65384
65414
65444
65474
65504
65534
65564
65594
65624
65654
65684
65714
65744
65774
65804
65987
66017
66047
66077
66107
66137
66167
66197
66227
66257
66287
66317
66347
66377
66407
66437
66467
66646
66676
66706
66736
66766
66796
66826
66856
66886
66916
66946
66976
67006
67036
67066
67096
67126
67156
67332
67362
67392
67422
67452
67482
67512
67542
67572
67602
67632
67662
67692
67722
67752
67782
67812
67842
68014
68044
6807
68074
68104
68134
68164
68194
68224
68254
68284
68314
68344
6837
68374
68404
68434
68464
68494
68524
68692
68722
68752
68782
68812
68842
68872
68902
68932
68962
68992
69022
69052
69082
69112
69142
69172
69202
69366
69396
69426
69456
69486
69516
69546
69576
69606
69636
69666
69696
69726
69756
69786
69816
69846
69876
69906
70066
70096
70126
70156
70186
70216
70246
70276
70306
70336
70366
70396
70426
70456
70486
70516
70546
70576
70733
70763
70793
70823
70853
70883
70913
70943
70973
71003
71033
71063
71093
71123
71153
71183
71213
71243
71273
71426
71456
71486
71516
71546
71576
71606
71636
71666
71696
71726
71756
71786
71816
71846
71876
71906
71936
72086
72116
72146
72176
72206
72236
72266
72296
72326
72356
72386
72416
72446
72476
72506
72536
72566
72596
72626
72772
72802
72832
72862
72892
72922
72952
72982
73012
73042
73072
73102
73132
73162
73192
73222
73252
73282
73312
73454
73484
73514
73544
73574
73604
73634
73664
73694
73724
73754
73784
73814
73844
73874
73904
73934
73964
73994
74133
74163
74193
74223
74253
74283
74313
74343
74373
74403
74433
74463
74493
74523
74553
74583
74613
74643
74673
74809
74839
7485
74869
74899
74929
74959
74989
75019
75049
75079
75109
75139
7515
75169
75199
75229
75259
75289
75319
75349
7545
75481
75511
75541
75571
75601
75631
75661
75691
75721
75751
75781
75811
75841
75871
75901
75931
75961
75991
76021
76051
76180
76210
76240
76270
76300
76330
76360
76390
76420
76450
76480
76510
76540
76570
76600
76630
76660
76690
76720
76846
76876
76906
76936
76966
76996
77026
77056
77086
77116
77146
77176
77206
77236
77266
77296
77326
77356
77386
77416
77539
77569
77599
77629
77659
77689
77719
77749
77779
77809
77839
77869
77899
77929
77959
77989
78019
78049
78079
78109
78229
78259
78289
78319
78349
78379
78409
78439
78469
78499
78529
78559
78589
78619
78649
78679
78709
78739
78769
78885
78915
78945
78975
79005
79035
79065
79095
79125
79155
79185
79215
79245
79275
79305
79335
79365
79395
79425
79455
79568
79598
79628
79658
79688
79718
79748
79778
79808
79838
79868
79898
79928
79958
79988
80018
80048
80078
80108
80138
80248
80278
80308
80338
80368
80398
80428
80458
80488
80518
80548
80578
80608
80638
80668
80698
80728
80758
80788
80818
80925
80955
80985
81015
81045
81075
81105
81135
81165
81195
81225
81255
81285
81315
81345
81375
81405
81435
81465
81495
81600
81630
81660
81690
81720
81750
81780
81810
81840
8187
81870
81900
81930
81960
81990
82020
82050
82080
82110
82140
8217
82170
82200
82302
82332
82362
82392
82422
82452
82482
82512
82542
82572
82602
82632
82662
82692
82722
82752
82782
82812
82842
82872
82971
83001
83031
83061
83091
83121
83151
83181
83211
83241
83271
83301
83331
83361
83391
83421
83451
83481
83511
83541
83571
83667
83697
83727
83757
83787
83817
83847
83877
83907
83937
83967
83997
84027
84057
84087
84117
84147
84177
84207
84237
84331
84361
84391
84421
84451
84481
84511
84541
84571
84601
84631
84661
84691
84721
84751
84781
84811
84841
84871
84901
84931
85022
85052
85082
85112
85142
85172
85202
85232
85262
85292
85322
85352
85382
85412
85442
85472
85502
85532
85562
85592
85680
85710
85740
85770
85800
85830
85860
85890
85920
85950
85980
86010
86040
86070
86100
86130
86160
86190
86220
86250
86280
86366
86396
86426
86456
86486
86516
86546
86576
86606
86636
86666
86696
86726
86756
86786
86816
86846
86876
86906
86936
86966
87049
87079
87109
87139
87169
87199
87229
87259
87289
87319
87349
87379
87409
87439
87469
87499
87529
87559
87589
87619
87649
87730
87760
87790
87820
87850
87880
87910
87940
87970
88000
88030
88060
88090
88120
88150
88180
88210
88240
88270
88300
88330
88409
88439
88469
88499
8852
88529
88559
88589
88619
88649
88679
88709
88739
88769
88799
8882
88829
88859
88889
88919
88949
88979
89009
89085
89115
8912
89145
89175
89205
89235
89265
89295
89325
89355
89385
89415
89445
89475
89505
89535
89565
89595
89625
89655
89685
89715
89789
89819
89849
89879
89909
89939
89969
89999
90029
90059
90089
90119
90149
90179
90209
90239
90269
90299
90329
90359
90389
90461
90491
90521
90551
90581
90611
90641
90671
90701
90731
90761
90791
90821
90851
90881
90911
90941
90971
91001
91031
91061
91131
91161
91191
91221
91251
91281
91311
91341
91371
91401
91431
91461
91491
91521
91551
91581
91611
91641
91671
91701
91731
91761
91829
91859
91889
91919
91949
91979
92009
92039
92069
92099
92129
92159
92189
92219
92249
92279
92309
92339
92369
92399
92429
92495
92525
92555
92585
92615
92645
92675
92705
92735
92765
92795
92825
92855
92885
92915
92945
92975
93005
93035
93065
93095
93125
93189
93219
93249
93279
93309
93339
93369
93399
93429
93459
93489
93519
93549
93579
93609
93639
93669
93699
93729
93759
93789
93851
93881
93911
93941
93971
94001
94031
94061
94091
94121
94151
94181
94211
94241
94271
94301
94331
94361
94391
94421
94451
94481
94541
94571
94601
94631
94661
94691
94721
94751
94781
94811
94841
94871
94901
94931
94961
94991
95021
95051
95081
95111
95141
95171
95229
95259
95289
95319
95349
95379
95409
9541
95439
95469
95499
95529
95559
95589
95619
95649
95679
95709
9571
95739
95769
95799
95829
95885
95915
95945
95975
96005
9601
96035
96065
96095
96125
96155
96185
96215
96245
96275
96305
96335
96365
96395
96425
96455
96485
96515
96570
96600
96630
96660
96690
96720
96750
96780
96810
96840
96870
96900
96930
96960
96990
97020
97050
97080
97110
97140
97170
97200
97253
97283
97313
97343
97373
97403
97433
97463
97493
97523
97553
97583
97613
97643
97673
97703
97733
97763
97793
97823
97853
97883
97935
97965
97995
98025
98055
98085
98115
98145
98175
98205
98235
98265
98295
98325
98355
98385
98415
98445
98475
98505
98535
98565
98615
98645
98675
98705
98735
98765
98795
98825
98855
98885
98915
98945
98975
99005
99035
99065
99095
99125
99155
99185
99215
99245
99294
99324
99354
99384
99414
99444
99474
99504
99534
99564
99594
99624
99654
99684
99714
99744
99774
99804
99834
99864
99894
99924
99971
