100020
100050
100080
100110
100140
100170
100200
100230
100260
100290
100320
100350
100380
100410
100440
100470
100500
100530
100560
100590
100620
100666
100696
100726
100756
100786
100816
100846
100876
100906
100936
100966
100996
101026
101056
101086
101116
101146
101176
101206
101236
101266
101296
101341
101371
101401
101431
101461
101491
101521
101551
101581
101611
101641
101671
101701
101731
101761
101791
101821
101851
101881
101911
101941
101971
102014
102044
102074
102104
10213
102134
102164
102194
102224
102254
102284
102314
102344
102374
102404
10243
102434
102464
102494
102524
102554
102584
102614
102644
102686
102716
10273
102746
102776
102806
102836
102866
102896
102926
102956
102986
103016
103046
103076
103106
103136
103166
103196
103226
103256
103286
103316
103346
103387
103417
103447
103477
103507
103537
103567
103597
103627
103657
103687
103717
103747
103777
103807
103837
103867
103897
103927
103957
103987
104017
104057
104087
104117
104147
104177
104207
104237
104267
104297
104327
104357
104387
104417
104447
104477
104507
104537
104567
104597
104627
104657
104687
104726
104756
104786
104816
104846
104876
104906
104936
104966
104996
105026
105056
105086
105116
105146
105176
105206
105236
105266
105296
105326
105356
105386
105424
105454
105484
105514
105544
105574
105604
105634
105664
105694
105724
105754
105784
105814
105844
105874
105904
105934
105964
105994
106024
106054
106091
106121
106151
106181
106211
106241
106271
106301
106331
106361
106391
106421
106451
106481
106511
106541
106571
106601
106631
106661
106691
106721
106751
106787
106817
106847
106877
106907
106937
106967
106997
107027
107057
107087
107117
107147
107177
107207
107237
107267
107297
107327
107357
107387
107417
107452
107482
107512
107542
107572
107602
107632
107662
107692
107722
107752
107782
107812
107842
107872
107902
107932
107962
107992
108022
108052
108082
108112
108147
108177
108207
108237
108267
108297
108327
108357
108387
108417
108447
108477
108507
108537
108567
108597
108627
108657
108687
108717
108747
108777
108811
108841
108871
10890
108901
108931
108961
108991
109021
109051
109081
109111
109141
109171
10920
109201
109231
109261
109291
109321
109351
109381
109411
109441
109471
10950
109504
109534
109564
109594
109624
109654
109684
109714
109744
109774
109804
109834
109864
109894
109924
109954
109984
110014
110044
110074
110104
110134
110167
110197
110227
110257
110287
110317
110347
110377
110407
110437
110467
110497
110527
110557
110587
110617
110647
110677
110707
110737
110767
110797
110827
110859
110889
110919
110949
110979
111009
111039
111069
111099
111129
111159
111189
111219
111249
111279
111309
111339
111369
111399
111429
111459
111489
111521
111551
111581
111611
111641
111671
111701
111731
111761
111791
111821
111851
111881
111911
111941
111971
112001
112031
112061
112091
112121
112151
112181
112213
112243
112273
112303
112333
112363
112393
112423
112453
112483
112513
112543
112573
112603
112633
112663
112693
112723
112753
112783
112813
112843
112873
112904
112934
112964
112994
113024
113054
113084
113114
113144
113174
113204
113234
113264
113294
113324
113354
113384
113414
113444
113474
113504
113534
113563
113593
113623
113653
113669
113699
113729
113759
113789
113819
113849
113879
113909
113939
113969
113999
114029
114059
114089
114119
114149
114182
114212
114243
114273
114303
114333
114360
114390
114420
114450
114480
114510
114540
114570
114600
114630
114660
114690
114720
114750
114780
114810
114840
114862
114892
114923
114953
114983
115013
115051
115081
115111
115141
115171
115201
115231
115261
115291
115321
115351
115381
115411
115441
115471
115501
115542
115572
11560
115603
115633
115663
115693
115712
115742
115772
115802
115832
115862
115892
11590
115922
115952
115982
116012
116042
116072
116102
116132
116162
116192
11620
116222
116252
116283
116313
116343
116373
116403
116433
116463
116493
11650
116523
116553
116583
116613
116643
116673
116703
116733
116763
116793
116823
116853
116902
116932
116963
116993
117023
117053
117064
117094
117124
117154
117184
117214
117244
117274
117304
117334
117364
117394
117424
117454
117484
117514
117544
117582
117612
117651
117681
117711
117741
117771
117801
117831
117861
117891
117921
117951
117981
118011
118041
118071
118101
118131
118161
118191
118221
118251
118281
118311
118342
118372
118402
118432
118462
118492
118522
118552
118582
118612
118642
118672
118702
118732
118762
118792
118822
118852
118882
118912
118942
118972
119003
119033
119063
119093
119123
119153
119183
119213
119243
119273
119303
119333
119363
119393
119423
119453
119483
119513
119543
119573
119603
119633
119663
119695
119725
119755
119785
119815
119845
119875
119905
119935
119965
119995
120025
120055
120085
120115
120145
120175
120205
120235
120265
120295
120325
120355
120387
120417
120447
120477
120507
120537
120567
120597
120627
120657
120687
120717
120747
120777
120807
120837
120867
120897
120927
120957
120987
121017
121049
121079
121109
121139
121169
121199
121229
121259
121289
121319
121349
121379
121409
121439
121469
121499
121529
121559
121589
121619
121649
121679
121709
121742
121772
121802
121832
121862
121892
121922
121952
121982
122012
122042
122072
122102
122132
122162
122192
122222
122252
122282
122312
122342
122372
122405
122435
122465
122495
122525
12254
122555
122585
122615
122645
122675
122705
122735
122765
122795
122825
12284
122855
122885
122915
122945
122975
123005
123035
123065
123099
123129
12314
123159
123189
123219
123249
123279
123309
123339
123369
123399
123429
12344
123459
123489
123519
123549
123579
123609
123639
123669
123699
123729
123764
123794
123824
123854
123884
123914
123944
123974
124004
124034
124064
124094
124124
124154
124184
124214
124244
124274
124304
124334
124364
124394
124424
124459
124489
124519
124549
124579
124609
124639
124669
124699
124729
124759
124789
124819
124849
124879
124909
124939
124969
124999
125029
125059
125089
125125
125155
125185
125215
125245
125275
125305
125335
125365
125395
125425
125455
125485
125515
125545
125575
125605
125635
125665
125695
125725
125755
125785
125822
125852
125882
125912
125942
125972
126002
126032
126062
126092
126122
126152
126182
126212
126242
126272
126302
126332
126362
126392
126422
126452
126490
126520
126550
126580
126610
126640
126670
126700
126730
126760
126790
126820
126850
126880
126910
126940
126970
127000
127030
127060
127090
127120
127150
127189
127219
127249
127279
127309
127339
127369
127399
127429
127459
127489
127519
127549
127579
127609
127639
127669
127699
127729
127759
127789
127819
127859
127889
127919
127949
127979
128009
128039
128069
128099
128129
128159
128189
128219
128249
128279
128309
128339
128369
128399
128429
128459
128489
128530
128560
128590
128620
128650
128680
128710
128740
128770
128800
128830
128860
128890
128920
128950
128980
129010
129040
129070
129100
129130
129160
129202
129232
129262
129292
129322
129352
129382
129412
12942
129442
129472
129502
129532
129562
129592
129622
129652
129682
129712
12972
129742
129772
129802
129832
129862
129905
129935
129965
129995
13002
130025
130055
130085
130115
130145
130175
130205
130235
130265
130295
13032
130325
130355
130385
130415
130445
130475
130505
130535
130580
130610
130640
130670
130700
130730
130760
130790
130820
130850
130880
130910
130940
130970
131000
131030
131060
131090
131120
131150
131180
131210
131256
131286
131316
131346
131376
131406
131436
131466
131496
131526
131556
131586
131616
131646
131676
131706
131736
131766
131796
131826
131856
131886
131933
131963
131993
132023
132053
132083
132113
132143
132173
132203
132233
132263
132293
132323
132353
132383
132413
132443
132473
132503
132533
132563
132612
132642
132672
132702
132732
132762
132792
132822
132852
132882
132912
132942
132972
133002
133032
133062
133092
133122
133152
133182
133212
133242
133292
133322
133352
133382
133412
133442
133472
133502
133532
133562
133592
133622
133652
133682
133712
133742
133772
133802
133832
133862
133892
133922
133974
134004
134034
134064
134094
134124
134154
134184
134214
134244
134274
134304
134334
134364
134394
134424
134454
134484
134514
134544
134574
134604
134657
134687
134717
134747
134777
134807
134837
134867
134897
134927
134957
134987
135017
135047
135077
135107
135137
135167
135197
135227
135257
135287
135342
135372
135402
135432
135462
135492
135522
135552
135582
135612
135642
135672
135702
135732
135762
135792
135822
135852
135882
135912
135942
135972
136028
136058
136088
136118
136148
136178
136208
136238
13624
136268
136298
136328
136358
136388
136418
136448
136478
136508
136538
13654
136568
136598
136628
136686
136716
136746
136776
136806
136836
13684
136866
136896
136926
136956
136986
137016
137046
137076
137106
137136
13714
137166
137196
137226
137256
137286
137316
137376
137406
137436
137466
137496
137526
137556
137586
137616
137646
137676
137706
137736
137766
137796
137826
137856
137886
137916
137946
137976
138006
138068
138098
138128
138158
138188
138218
138248
138278
138308
138338
138368
138398
138428
138458
138488
138518
138548
138578
138608
138638
138668
138732
138762
138792
138822
138852
138882
138912
138942
138972
139002
139032
139062
139092
139122
139152
139182
139212
139242
139272
139302
139332
139362
139428
139458
139488
139518
139548
139578
139608
139638
139668
139698
139728
139758
139788
139818
139848
139878
139908
139938
139968
139998
140028
140096
140126
140156
140186
140216
140246
140276
140306
140336
140366
140396
140426
140456
140486
140516
140546
140576
140606
140636
140666
140696
140766
140796
140826
140856
140886
140916
140946
140976
141006
141036
141066
141096
141126
141156
141186
141216
141246
141276
141306
141336
141366
141396
141468
141498
141528
141558
141588
141618
141648
141678
141708
141738
141768
141798
141828
141858
141888
141918
141948
141978
142008
142038
142068
142142
142172
142202
142232
142262
142292
142322
142352
142382
142412
142442
142472
142502
142532
142562
142592
142622
142652
142682
142712
142742
142818
142848
142878
142908
142938
142968
142998
14300
143028
143058
143088
143118
143148
143178
143208
143238
143268
143298
14330
143328
143358
143388
143418
143497
143527
143557
143587
14360
143617
143647
143677
143707
143737
143767
143797
143827
143857
143887
14390
143917
143947
143977
144007
144037
144067
144097
144178
144208
144238
144268
144298
144328
144358
144388
144418
144448
144478
144508
144538
144568
144598
144628
144658
144688
144718
144748
144778
144861
144891
144921
144951
144981
145011
145041
145071
145101
145131
145161
145191
145221
145251
145281
145311
145341
145371
145401
145431
145461
145547
145577
145607
145637
145667
145697
145727
145757
145787
145817
145847
145877
145907
145937
145967
145997
146027
146057
146087
146117
146205
146235
146265
146295
146325
146355
146385
146415
146445
146475
146505
146535
146565
146595
146625
146655
146685
146715
146745
146775
146805
146896
146926
146956
146986
147016
147046
147076
147106
147136
147166
147196
147226
147256
147286
147316
147346
147376
147406
147436
147466
147560
147590
147620
147650
147680
147710
147740
147770
147800
147830
147860
147890
147920
147950
147980
148010
148040
148070
148100
148130
148160
148256
148286
148316
148346
148376
148406
148436
148466
148496
148526
148556
148586
148616
148646
148676
148706
148736
148766
148796
148826
148925
148955
148985
149015
149045
149075
149105
149135
149165
149195
149225
149255
149285
149315
149345
149375
149405
149435
149465
149495
149525
149627
149657
149687
14969
149717
149747
149777
149807
149837
149867
149897
149927
149957
149987
14999
150017
150047
150077
150107
150137
150167
150197
15029
150302
150332
150362
150392
150422
150452
150482
150512
150542
150572
15059
150602
150632
150662
150692
150722
150752
150782
150812
150842
150872
15089
150979
151009
151039
151069
151099
151129
151159
151189
151219
151249
151279
151309
151339
151369
151399
151429
151459
151489
151519
151549
151659
151689
151719
151749
151779
151809
151839
151869
151899
151929
151959
151989
152019
152049
152079
152109
152139
152169
152199
152229
152342
152372
152402
152432
152462
152492
152522
152552
152582
152612
152642
152672
152702
152732
152762
152792
152822
152852
152882
152912
153028
153058
153088
153118
153148
153178
153208
153238
153268
153298
153328
153358
153388
153418
153448
153478
153508
153538
153568
153688
153718
153748
153778
153808
153838
153868
153898
153928
153958
153988
154018
154048
154078
154108
154138
154168
154198
154228
154258
154381
154411
154441
154471
154501
154531
154561
154591
154621
154651
154681
154711
154741
154771
154801
154831
154861
154891
154921
155047
155077
155107
155137
155167
155197
155227
155257
155287
155317
155347
155377
155407
155437
155467
155497
155527
155557
155587
155617
155746
155776
155806
155836
155866
155896
155926
155956
155986
156016
156046
156076
156106
156136
156166
156196
156226
156256
156286
156418
156448
156478
156508
156538
156568
156598
15662
156628
156658
156688
156718
156748
156778
156808
156838
156868
156898
15692
156928
156958
157094
157124
157154
157184
157214
15722
157244
157274
157304
157334
157364
157394
157424
157454
157484
157514
15752
157544
157574
157604
157634
157773
157803
15782
157833
157863
157893
157923
157953
157983
158013
158043
158073
158103
158133
158163
158193
158223
158253
158283
158313
158455
158485
158515
158545
158575
158605
158635
158665
158695
158725
158755
158785
158815
158845
158875
158905
158935
158965
158995
159141
159171
159201
159231
159261
159291
159321
159351
159381
159411
159441
159471
159501
159531
159561
159591
159621
159651
159801
159831
159861
159891
159921
159951
159981
160011
160041
160071
160101
160131
160161
160191
160221
160251
160281
160311
160341
160494
160524
160554
160584
160614
160644
160674
160704
160734
160764
160794
160824
160854
160884
160914
160944
160974
161004
161161
161191
161221
161251
161281
161311
161341
161371
161401
161431
161461
161491
161521
161551
161581
161611
161641
161671
161701
161861
161891
161921
161951
161981
162011
162041
162071
162101
162131
162161
162191
162221
162251
162281
162311
162341
162371
162535
162565
162595
162625
162655
162685
162715
162745
162775
162805
162835
162865
162895
162925
162955
162985
163015
163045
163213
163243
163273
163303
163333
163363
163393
163423
163453
163483
16349
163513
163543
163573
163603
163633
163663
163693
163723
16379
163895
163925
163955
163985
164015
164045
164075
16409
164105
164135
164165
164195
164225
164255
164285
164315
164345
164375
16439
164405
164581
164611
164641
164671
164701
164731
164761
164791
164821
164851
164881
164911
164941
164971
165001
165031
165061
165240
165270
165300
165330
165360
165390
165420
165450
165480
165510
165540
165570
165600
165630
165660
165690
165720
165750
165933
165963
165993
166023
166053
166083
166113
166143
166173
166203
166233
166263
166293
166323
166353
166383
166413
166600
166630
166660
166690
166720
166750
166780
166810
166840
166870
166900
166930
166960
166990
167020
167050
167080
167110
167301
167331
167361
167391
167421
167451
167481
167511
167541
167571
167601
167631
167661
167691
167721
167751
167781
167976
168006
168036
168066
168096
168126
168156
168186
168216
168246
168276
168306
168336
168366
168396
168426
168456
168656
168686
168716
168746
168776
168806
168836
168866
168896
168926
168956
168986
169016
169046
169076
169106
169136
169340
169370
169400
169430
169460
169490
169520
169550
169580
169610
169640
169670
169700
169730
169760
169790
169820
17000
170028
170058
170088
170118
170148
170178
170208
170238
170268
170298
17030
170328
170358
170388
170418
170448
170478
17060
170690
170720
170750
170780
170810
170840
170870
17090
170900
170930
170960
170990
171020
171050
171080
171110
171140
171170
17120
171387
171417
171447
171477
17150
171507
171537
171567
171597
171627
171657
171687
171717
171747
171777
171807
171837
172058
172088
172118
172148
172178
172208
172238
172268
172298
172328
172358
172388
172418
172448
172478
172508
172733
172763
172793
172823
172853
172883
172913
172943
172973
173003
173033
173063
173093
173123
173153
173183
173413
173443
173473
173503
173533
173563
173593
173623
173653
173683
173713
173743
173773
173803
173833
173863
174097
174127
174157
174187
174217
174247
174277
174307
174337
174367
174397
174427
174457
174487
174517
174547
174786
174816
174846
174876
174906
174936
174966
174996
175026
175056
175086
175116
175146
175176
175206
175449
175479
175509
175539
175569
175599
175629
175659
175689
175719
175749
175779
175809
175839
175869
175899
176147
176177
176207
176237
176267
176297
176327
176357
176387
176417
176447
176477
176507
176537
176567
176819
176849
176879
176909
176939
176969
176999
177029
17705
177059
177089
177119
177149
177179
177209
177239
17735
177496
177526
177556
177586
177616
177646
17765
177676
177706
177736
177766
177796
177826
177856
177886
177916
17795
178178
178208
178238
17825
178268
178298
178328
178358
178388
178418
178448
178478
178508
178538
178568
178598
178864
178894
178924
178954
178984
179014
179044
179074
179104
179134
179164
179194
179224
179254
179525
179555
179585
179615
179645
179675
179705
179735
179765
179795
179825
179855
179885
179915
179945
180221
180251
180281
180311
180341
180371
180401
180431
180461
180491
180521
180551
180581
180611
180892
180922
180952
180982
181012
181042
181072
181102
181132
181162
181192
181222
181252
181282
181568
181598
181628
181658
181688
181718
181748
181778
181808
181838
181868
181898
181928
181958
182249
182279
182309
182339
182369
182399
182429
182459
182489
182519
182549
182579
182609
182639
182935
182965
182995
183025
183055
183085
183115
183145
183175
183205
183235
183265
183295
183325
183626
183656
183686
183716
18374
183746
183776
183806
183836
183866
183896
183926
183956
183986
18404
184292
184322
18434
184352
184382
184412
184442
184472
184502
184532
184562
184592
184622
18464
184652
18494
184963
184993
185023
185053
185083
185113
185143
185173
185203
185233
18524
185263
185293
185323
185353
185669
185699
185729
185759
185789
185819
185849
185879
185909
185939
185969
185999
186320
186350
186380
186410
186440
186470
186500
186530
186560
186590
186620
186650
186680
187006
187036
187066
187096
187126
187156
187186
187216
187246
187276
187306
187336
187366
187697
187727
187757
187787
187817
187847
187877
187907
187937
187967
187997
188027
188364
188394
188424
188454
188484
188514
188544
188574
188604
188634
188664
188694
188724
189066
189096
189126
189156
189186
189216
189246
189276
189306
189336
189366
189396
189743
189773
189803
189833
189863
189893
189923
189953
189983
190013
190043
190073
190426
190456
190486
190516
190546
190576
190606
190636
190666
19067
190696
190726
19097
191084
191114
191144
191174
191204
191234
191264
19127
191294
191324
191354
191384
191414
19157
191777
191807
191837
191867
19187
191897
191927
191957
191987
192017
192047
192077
192446
192476
192506
192536
192566
192596
192626
192656
192686
192716
192746
193120
193150
193180
193210
193240
193270
193300
193330
193360
193390
193420
193800
193830
193860
193890
193920
193950
193980
194010
194040
194070
194100
194485
194515
194545
194575
194605
194635
194665
194695
194725
194755
194785
195176
195206
195236
195266
195296
195326
195356
195386
195416
195446
195842
195872
195902
195932
195962
195992
196022
196052
196082
196112
196142
196544
196574
196604
196634
196664
196694
196724
196754
196784
196814
197221
19724
197251
197281
197311
197341
197371
197401
197431
197461
197491
19754
19784
197904
197934
197964
197994
198024
198054
198084
198114
19814
198144
19844
198563
198593
198623
198653
198683
198713
19874
198743
198773
198803
198833
199257
199287
199317
199347
199377
199407
199437
199467
199497
199927
199957
199987
200017
200047
200077
200107
200137
200167
200603
200633
200663
200693
200723
200753
200783
200813
200843
201285
201315
201345
201375
201405
201435
201465
201495
201525
201972
202002
202032
202062
202092
202122
202152
202182
202212
202665
202695
202725
202755
202785
202815
202845
202875
203334
203364
203394
203424
203454
203484
203514
203544
204009
204039
20404
204069
204099
204129
204159
204189
204219
20434
20464
204690
204720
204750
204780
204810
204840
204870
204900
20494
20524
205377
205407
205437
205467
205497
205527
20554
205557
2056
20584
206040
206070
206100
206130
206160
206190
206220
206250
206738
206768
206798
206828
206858
206888
206918
207412
207442
207472
207502
207532
207562
207592
208092
208122
208152
208182
208212
208242
208272
208778
208808
208838
208868
208898
208928
209440
209470
209500
209530
209560
209590
209620
210138
210168
210198
210228
210258
210288
210812
210842
210872
210902
210932
210962
21108
21138
211492
211522
211552
211582
211612
211642
21168
21198
212179
212209
212239
212269
21228
212299
21258
212842
212872
212902
212932
212962
212992
213541
213571
213601
213631
213661
214216
214246
214276
214306
214336
214897
214927
214957
214987
215017
215584
215614
215644
215674
216247
216277
216307
216337
216367
216946
216976
217006
217036
217622
217652
217682
217712
21776
21806
218304
218334
21836
218364
21866
21896
218962
218992
219022
219052
21926
21956
219656
219686
219716
220326
220356
220386
221003
221033
221063
221686
221716
221746
222375
222405
223040
223070
223100
223742
223772
224420
224450
22468
22498
225104
22528
22558
225764
225794
22588
22618
226461
227134
227813
229160
23124
23154
23184
23214
23244
23274
23304
23804
23834
23864
23894
23924
23954
23984
24014
24508
24538
24568
24598
24628
24658
24688
25176
25206
25236
25266
25296
25326
25356
25386
25869
25899
25929
25959
25989
26019
26049
26526
26556
26586
26616
26646
26676
26706
26736
27207
27237
27267
27297
27327
27357
27387
27417
27882
27912
27942
27972
28002
28032
28062
28092
28122
28581
28611
28641
28671
28701
28731
28761
28791
29244
29274
29304
29334
29364
29394
29424
29454
29484
29931
29961
29991
30021
30051
30081
30111
30141
30171
30613
30643
30673
30703
30733
30763
30793
30823
30853
31289
31319
31349
31379
31409
31439
31469
31499
31529
31559
31989
32019
32049
32079
32109
32139
32169
32199
32229
32653
32683
32713
32743
32773
32803
32833
32863
32893
32923
33342
33372
33402
33432
33462
33492
33522
33552
33582
33612
34025
3403
34055
34085
34115
34145
34175
34205
34235
34265
34295
34702
34732
34762
34792
34822
34852
34882
34912
34942
34972
35374
35404
35434
35464
35494
35524
35554
35584
35614
35644
36040
36070
36100
36130
36160
36190
36220
36250
36280
36310
36340
36731
36761
36791
36821
36851
36881
36911
36941
36971
37001
37031
37416
37446
37476
37506
37536
37566
37596
37626
37656
37686
37716
38096
38126
38156
38186
38216
38246
38276
38306
38336
38366
38396
38770
38800
38830
38860
38890
38920
38950
38980
39010
39040
39070
39100
39469
39499
39529
39559
39589
39619
39649
39679
39709
39739
39769
40132
40162
40192
40222
40252
40282
40312
40342
40372
40402
40432
40462
4082
40820
40850
40880
40910
40940
40970
41000
41030
41060
41090
4112
41120
41150
41503
41533
41563
41593
41623
41653
41683
41713
41743
41773
41803
41833
42180
42210
42240
42270
42300
42330
42360
42390
42420
42450
42480
42510
42852
42882
42912
42942
42972
43002
43032
43062
43092
43122
43152
43182
43212
43549
43579
43609
43639
43669
43699
43729
43759
43789
43819
43849
43879
44210
44240
44270
44300
44330
44360
44390
44420
44450
44480
44510
44540
44570
44896
44926
44956
44986
45016
45046
45076
45106
45136
45166
45196
45226
45256
45577
45607
45637
45667
45697
45727
45757
45787
45817
45847
45877
45907
45937
46253
46283
46313
46343
46373
46403
46433
46463
46493
46523
46553
46583
46613
46924
46954
46984
47014
47044
47074
47104
47134
47164
47194
47224
47254
47284
47314
47620
47650
47680
47710
47740
47770
47800
47830
4785
47860
47890
47920
47950
47980
48281
48311
48341
48371
48401
48431
48461
48491
48521
48551
48581
48611
48641
48671
48967
48997
49027
49057
49087
49117
49147
49177
49207
49237
49267
49297
49327
49357
49648
49678
49708
49738
49768
49798
49828
49858
49888
49918
49948
49978
50008
50038
50324
50354
50384
50414
50444
50474
50504
50534
50564
50594
50624
50654
50684
50714
50744
51025
51055
51085
51115
51145
51175
51205
51235
51265
51295
51325
51355
51385
51415
51691
51721
51751
51781
51811
51841
51871
51901
51931
51961
51991
52021
52051
52081
52111
52382
52412
52442
52472
52502
52532
52562
52592
52622
52652
52682
52712
52742
52772
52802
53068
53098
53128
53158
53188
53218
53248
53278
53308
53338
53368
53398
53428
53458
53720
53750
53780
53810
53840
53870
53900
53930
53960
53990
54020
54050
54080
54110
54140
54170
54427
54457
54487
54517
5452
54547
54577
54607
54637
54667
54697
54727
54757
54787
54817
5482
54847
55099
55129
55159
55189
55219
55249
55279
55309
55339
55369
55399
55429
55459
55489
55519
55767
55797
55827
55857
55887
55917
55947
55977
56007
56037
56067
56097
56127
56157
56187
56217
56460
56490
56520
56550
56580
56610
56640
56670
56700
56730
56760
56790
56820
56850
56880
56910
57149
57179
57209
57239
57269
57299
57329
57359
57389
57419
57449
57479
57509
57539
57569
57803
57833
57863
57893
57923
57953
57983
58013
58043
58073
58103
58133
58163
58193
58223
58253
58483
58513
58543
58573
58603
58633
58663
58693
58723
58753
58783
58813
58843
58873
58903
58933
58963
59188
59218
59248
59278
59308
59338
59368
59398
59428
59458
59488
59518
59548
59578
59608
59638
59859
59889
59919
59949
59979
60009
60039
60069
60099
60129
60159
60189
60219
60249
60279
60309
60526
60556
60586
60616
60646
60676
60706
60736
60766
60796
60826
60856
60886
60916
60946
60976
61006
61218
61248
61278
61308
61338
61368
61398
6142
61428
61458
61488
61518
61548
61578
61608
61638
61668
61698
6172
61906
61936
61966
61996
62026
62056
62086
62116
62146
62176
62206
62236
62266
62296
62326
62356
62560
62590
62620
62650
62680
62710
62740
62770
62800
62830
62860
62890
62920
62950
62980
63010
63040
63240
63270
63300
63330
63360
63390
63420
63450
63480
63510
63540
63570
63600
63630
63660
63690
63720
63750
63945
63975
64005
64035
64065
64095
64125
64155
64185
64215
64245
64275
64305
64335
64365
64395
64425
64616
64646
64676
64706
64736
64766
64796
64826
64856
64886
64916
64946
64976
65006
65036
65066
65096
65283
65313
65343
65373
65403
65433
65463
65493
65523
65553
65583
65613
65643
65673
65703
65733
65763
65793
65976
66006
66036
66066
66096
66126
66156
66186
66216
66246
66276
66306
66336
66366
66396
66426
66456
66486
66665
66695
66725
66755
66785
66815
66845
66875
66905
66935
66965
66995
67025
67055
67085
67115
67145
67321
67351
67381
67411
67441
67471
67501
67531
67561
67591
67621
67651
67681
67711
67741
67771
67801
67831
68003
68033
68063
68093
68123
68153
68183
68213
68243
6826
68273
683
68303
68333
68363
68393
68423
68453
68483
68513
6856
68681
68711
68741
68771
68801
68831
68861
68891
68921
68951
68981
69011
69041
69071
69101
69131
69161
69191
69221
69385
69415
69445
69475
69505
69535
69565
69595
69625
69655
69685
69715
69745
69775
69805
69835
69865
69895
70055
70085
70115
70145
70175
70205
70235
70265
70295
70325
70355
70385
70415
70445
70475
70505
70535
70565
70722
70752
70782
70812
70842
70872
70902
70932
70962
70992
71022
71052
71082
71112
71142
71172
71202
71232
71262
71415
71445
71475
71505
71535
71565
71595
71625
71655
71685
71715
71745
71775
71805
71835
71865
71895
71925
71955
72105
72135
72165
72195
72225
72255
72285
72315
72345
72375
72405
72435
72465
72495
72525
72555
72585
72615
72761
72791
72821
72851
72881
72911
72941
72971
73001
73031
73061
73091
73121
73151
73181
73211
73241
73271
73301
73443
73473
73503
73533
73563
73593
73623
73653
73683
73713
73743
73773
73803
73833
73863
73893
73923
73953
73983
74122
74152
74182
74212
74242
74272
74302
74332
74362
74392
74422
74452
74482
74512
74542
74572
74602
74632
74662
74692
74828
74858
74888
74918
74948
74978
75008
75038
7504
75068
75098
75128
75158
75188
75218
75248
75278
75308
75338
7534
75368
75500
75530
75560
75590
75620
75650
75680
75710
75740
75770
75800
75830
75860
75890
75920
75950
75980
76010
76040
76169
76199
76229
76259
76289
76319
76349
76379
76409
76439
76469
76499
76529
76559
76589
76619
76649
76679
76709
76739
76865
76895
76925
76955
76985
77015
77045
77075
77105
77135
77165
77195
77225
77255
77285
77315
77345
77375
77405
77528
77558
77588
77618
77648
77678
77708
77738
77768
77798
77828
77858
77888
77918
77948
77978
78008
78038
78068
78098
78218
78248
78278
78308
78338
78368
78398
78428
78458
78488
78518
78548
78578
78608
78638
78668
78698
78728
78758
78788
78904
78934
78964
78994
79024
79054
79084
79114
79144
79174
79204
79234
79264
79294
79324
79354
79384
79414
79444
79474
79587
79617
79647
79677
79707
79737
79767
79797
79827
79857
79887
79917
79947
79977
80007
80037
80067
80097
80127
80157
80267
80297
80327
80357
80387
80417
80447
80477
80507
80537
80567
80597
80627
80657
80687
80717
80747
80777
80807
80837
80944
80974
81004
81034
81064
81094
81124
81154
81184
81214
81244
81274
81304
81334
81364
81394
81424
81454
81484
81514
81619
81649
81679
81709
81739
8176
81769
81799
81829
81859
81889
81919
81949
81979
82009
82039
8206
82069
82099
82129
82159
82189
82291
82321
82351
82381
82411
82441
82471
82501
82531
82561
82591
82621
82651
82681
82711
82741
82771
82801
82831
82861
82960
82990
83020
83050
83080
83110
83140
83170
83200
83230
83260
83290
83320
83350
83380
83410
83440
83470
83500
83530
83560
83656
83686
83716
83746
83776
83806
83836
83866
83896
83926
83956
83986
84016
84046
84076
84106
84136
84166
84196
84226
84320
84350
84380
84410
84440
84470
84500
84530
84560
84590
84620
84650
84680
84710
84740
84770
84800
84830
84860
84890
84920
85011
85041
85071
85101
85131
85161
85191
85221
85251
85281
85311
85341
85371
85401
85431
85461
85491
85521
85551
85581
85611
85699
85729
85759
85789
85819
85849
85879
85909
85939
85969
85999
86029
86059
86089
86119
86149
86179
86209
86239
86269
86299
86385
86415
86445
86475
86505
86535
86565
86595
86625
86655
86685
86715
86745
86775
86805
86835
86865
86895
86925
86955
86985
87068
87098
87128
87158
87188
87218
87248
87278
87308
87338
87368
87398
87428
87458
87488
87518
87548
87578
87608
87638
87668
87749
87779
87809
87839
87869
87899
87929
87959
87989
88019
88049
88079
88109
88139
88169
88199
88229
88259
88289
88319
88349
8841
88428
88458
88488
88518
88548
88578
88608
88638
88668
88698
8871
88728
88758
88788
88818
88848
88878
88908
88938
88968
88998
8901
89028
89104
89134
89164
89194
89224
89254
89284
89314
89344
89374
89404
89434
89464
89494
89524
89554
89584
89614
89644
89674
89704
89778
89808
89838
89868
89898
89928
89958
89988
90018
90048
90078
90108
90138
90168
90198
90228
90258
90288
90318
90348
90378
90450
90480
90510
90540
90570
90600
90630
90660
90690
90720
90750
90780
90810
90840
90870
90900
90930
90960
90990
91020
91050
91120
91150
91180
91210
91240
91270
91300
91330
91360
91390
91420
91450
91480
91510
91540
91570
91600
91630
91660
91690
91720
91750
91818
91848
91878
91908
91938
91968
91998
92028
92058
92088
92118
92148
92178
92208
92238
92268
92298
92328
92358
92388
92418
92484
92514
92544
92574
92604
92634
92664
92694
92724
92754
92784
92814
92844
92874
92904
92934
92964
92994
93024
93054
93084
93114
93178
93208
93238
93268
93298
93328
93358
93388
93418
93448
93478
93508
93538
93568
93598
93628
93658
93688
93718
93748
93778
93840
93870
93900
93930
93960
93990
94020
94050
94080
94110
94140
94170
94200
94230
94260
94290
94320
94350
94380
94410
94440
94470
94530
94560
94590
94620
94650
94680
94710
94740
94770
94800
94830
94860
94890
94920
94950
94980
95010
95040
95070
95100
95130
95160
95218
95248
95278
9530
95308
95338
95368
95398
95428
95458
95488
95518
95548
95578
9560
95608
95638
95668
95698
95728
95758
95788
95818
95848
9590
95904
95934
95964
95994
96024
96054
96084
96114
96144
96174
96204
96234
96264
96294
96324
96354
96384
96414
96444
96474
96504
96534
96589
96619
96649
96679
96709
96739
96769
96799
96829
96859
96889
96919
96949
96979
97009
97039
97069
97099
97129
97159
97189
97242
97272
97302
97332
97362
97392
97422
97452
97482
97512
97542
97572
97602
97632
97662
97692
97722
97752
97782
97812
97842
97872
97924
97954
97984
98014
98044
98074
98104
98134
98164
98194
98224
98254
98284
98314
98344
98374
98404
98434
98464
98494
98524
98554
98604
98634
98664
98694
98724
98754
98784
98814
98844
98874
98904
98934
98964
98994
99024
99054
99084
99114
99144
99174
99204
99234
99283
99313
99343
99373
99403
99433
99463
99493
99523
99553
99583
99613
99643
99673
99703
99733
99763
99793
99823
99853
99883
99913
99960
99990
