100017
100047
100077
100107
100137
100167
100197
100227
100257
100287
100317
100347
100377
100407
100437
100467
100497
100527
100557
100587
100617
100663
100693
100723
100753
100783
100813
100843
100873
100903
100933
100963
100993
101023
101053
101083
101113
101143
101173
101203
101233
101263
101293
101338
101368
101398
101428
101458
101488
101518
101548
101578
101608
101638
101668
101698
101728
101758
101788
101818
101848
101878
101908
101938
101968
102011
102041
102071
10210
102101
102131
102161
102191
102221
102251
102281
102311
102341
102371
10240
102401
102431
102461
102491
102521
102551
102581
102611
102641
102683
10270
102713
102743
102773
102803
102833
102863
102893
102923
102953
102983
103013
103043
103073
103103
103133
103163
103193
103223
103253
103283
103313
103343
103384
103414
103444
103474
103504
103534
103564
103594
103624
103654
103684
103714
103744
103774
103804
103834
103864
103894
103924
103954
103984
104014
104054
104084
104114
104144
104174
104204
104234
104264
104294
104324
104354
104384
104414
104444
104474
104504
104534
104564
104594
104624
104654
104684
104723
104753
104783
104813
104843
104873
104903
104933
104963
104993
105023
105053
105083
105113
105143
105173
105203
105233
105263
105293
105323
105353
105383
105421
105451
105481
105511
105541
105571
105601
105631
105661
105691
105721
105751
105781
105811
105841
105871
105901
105931
105961
105991
106021
106051
106088
106118
106148
106178
106208
106238
106268
106298
106328
106358
106388
106418
106448
106478
106508
106538
106568
106598
106628
106658
106688
106718
106748
106784
106814
106844
106874
106904
106934
106964
106994
107024
107054
107084
107114
107144
107174
107204
107234
107264
107294
107324
107354
107384
107414
107449
107479
107509
107539
107569
107599
107629
107659
107689
107719
107749
107779
107809
107839
107869
107899
107929
107959
107989
108019
108049
108079
108109
108144
108174
108204
108234
108264
108294
108324
108354
108384
108414
108444
108474
108504
108534
108564
108594
108624
108654
108684
108714
108744
108774
108808
108838
108868
10887
108898
108928
108958
108988
109018
109048
109078
109108
109138
109168
10917
109198
109228
109258
109288
109318
109348
109378
109408
109438
109468
10947
109501
109531
109561
109591
109621
109651
109681
109711
109741
10977
109771
109801
109831
109861
109891
109921
109951
109981
110011
110041
110071
110101
110131
110164
110194
110224
110254
110284
110314
110344
110374
110404
110434
110464
110494
110524
110554
110584
110614
110644
110674
110704
110734
110764
110794
110824
110856
110886
110916
110946
110976
111006
111036
111066
111096
111126
111156
111186
111216
111246
111276
111306
111336
111366
111396
111426
111456
111486
111516
111548
111578
111608
111638
111668
111698
111728
111758
111788
111818
111848
111878
111908
111938
111968
111998
112028
112058
112088
112118
112148
112178
112210
112240
112270
112300
112330
112360
112390
112420
112450
112480
112510
112540
112570
112600
112630
112660
112690
112720
112750
112780
112810
112840
112870
112901
112931
112961
112991
113021
113051
113081
113111
113141
113171
113201
113231
113261
113291
113321
113351
113381
113411
113441
113471
113501
113531
113560
113590
113620
113650
113666
113696
113726
113756
113786
113816
113846
113876
113906
113936
113966
113996
114026
114056
114086
114116
114146
114179
114209
114240
114270
114300
114330
114357
114387
114417
114447
114477
114507
114537
114567
114597
114627
114657
114687
114717
114747
114777
114807
114837
114859
114889
114920
114950
114980
115010
115048
115078
115108
115138
115168
115198
115228
115258
115288
115318
115348
115378
115408
115438
115468
115498
115539
115569
115600
115630
115660
115690
115709
115739
115769
115799
115829
115859
11587
115889
115919
115949
115979
116009
116039
116069
116099
116129
116159
11617
116189
116219
116249
116280
116310
116340
116370
116400
116430
116460
11647
116490
116520
116550
116580
116610
116640
116670
116700
116730
116760
116790
116820
116850
116880
116899
116929
116960
116990
117020
117050
117091
117121
117151
117181
117211
117241
117271
117301
117331
117361
117391
117421
117451
117481
117511
117541
117579
117609
117648
117678
117708
117738
117768
117798
117828
117858
117888
117918
117948
117978
118008
118038
118068
118098
118128
118158
118188
118218
118248
118278
118308
118339
118369
118399
118429
118459
118489
118519
118549
118579
118609
118639
118669
118699
118729
118759
118789
118819
118849
118879
118909
118939
118969
119000
119030
119060
119090
119120
119150
119180
119210
119240
119270
119300
119330
119360
119390
119420
119450
119480
119510
119540
119570
119600
119630
119660
119692
119722
119752
119782
119812
119842
119872
119902
119932
119962
119992
120022
120052
120082
120112
120142
120172
120202
120232
120262
120292
120322
120352
120384
120414
120444
120474
120504
120534
120564
120594
120624
120654
120684
120714
120744
120774
120804
120834
120864
120894
120924
120954
120984
121014
121046
121076
121106
121136
121166
121196
121226
121256
121286
121316
121346
121376
121406
121436
121466
121496
121526
121556
121586
121616
121646
121676
121706
121739
121769
121799
121829
121859
121889
121919
121949
121979
122009
122039
122069
122099
122129
122159
122189
122219
122249
122279
122309
122339
122369
122402
122432
122462
122492
12251
122522
122552
122582
122612
122642
122672
122702
122732
122762
122792
12281
122822
122852
122882
122912
122942
122972
123002
123032
123062
123096
12311
123126
123156
123186
123216
123246
123276
123306
123336
123366
123396
12341
123426
123456
123486
123516
123546
123576
123606
123636
123666
123696
123726
123761
123791
123821
123851
123881
123911
123941
123971
124001
124031
124061
124091
124121
124151
124181
124211
124241
124271
124301
124331
124361
124391
124421
124456
124486
124516
124546
124576
124606
124636
124666
124696
124726
124756
124786
124816
124846
124876
124906
124936
124966
124996
125026
125056
125086
125122
125152
125182
125212
125242
125272
125302
125332
125362
125392
125422
125452
125482
125512
125542
125572
125602
125632
125662
125692
125722
125752
125782
125819
125849
125879
125909
125939
125969
125999
126029
126059
126089
126119
126149
126179
126209
126239
126269
126299
126329
126359
126389
126419
126449
126487
126517
126547
126577
126607
126637
126667
126697
126727
126757
126787
126817
126847
126877
126907
126937
126967
126997
127027
127057
127087
127117
127147
127186
127216
127246
127276
127306
127336
127366
127396
127426
127456
127486
127516
127546
127576
127606
127636
127666
127696
127726
127756
127786
127816
127856
127886
127916
127946
127976
128006
128036
128066
128096
128126
128156
128186
128216
128246
128276
128306
128336
128366
128396
128426
128456
128486
128527
128557
128587
128617
128647
128677
128707
128737
128767
128797
128827
128857
128887
128917
128947
128977
129007
129037
129067
129097
129127
129157
129187
129229
129259
129289
129319
129349
129379
12939
129409
129439
129469
129499
129529
129559
129589
129619
129649
129679
12969
129709
129739
129769
129799
129829
129859
129902
129932
129962
12999
129992
130022
130052
130082
130112
130142
130172
130202
130232
130262
13029
130292
130322
130352
130382
130412
130442
130472
130502
130532
130577
130607
130637
130667
130697
130727
130757
130787
130817
130847
130877
130907
130937
130967
130997
131027
131057
131087
131117
131147
131177
131207
131253
131283
131313
131343
131373
131403
131433
131463
131493
131523
131553
131583
131613
131643
131673
131703
131733
131763
131793
131823
131853
131883
131930
131960
131990
132020
132050
132080
132110
132140
132170
132200
132230
132260
132290
132320
132350
132380
132410
132440
132470
132500
132530
132560
132609
132639
132669
132699
132729
132759
132789
132819
132849
132879
132909
132939
132969
132999
133029
133059
133089
133119
133149
133179
133209
133239
133289
133319
133349
133379
133409
133439
133469
133499
133529
133559
133589
133619
133649
133679
133709
133739
133769
133799
133829
133859
133889
133919
133971
134001
134031
134061
134091
134121
134151
134181
134211
134241
134271
134301
134331
134361
134391
134421
134451
134481
134511
134541
134571
134601
134654
134684
134714
134744
134774
134804
134834
134864
134894
134924
134954
134984
135014
135044
135074
135104
135134
135164
135194
135224
135254
135284
135339
135369
135399
135429
135459
135489
135519
135549
135579
135609
135639
135669
135699
135729
135759
135789
135819
135849
135879
135909
135939
135969
136025
136055
136085
136115
136145
136175
136205
13621
136235
136265
136295
136325
136355
136385
136415
136445
136475
136505
13651
136535
136565
136595
136625
136683
136713
136743
136773
136803
13681
136833
136863
136893
136923
136953
136983
137013
137043
137073
137103
13711
137133
137163
137193
137223
137253
137283
137313
137373
137403
137433
137463
137493
137523
137553
137583
137613
137643
137673
137703
137733
137763
137793
137823
137853
137883
137913
137943
137973
138003
138065
138095
138125
138155
138185
138215
138245
138275
138305
138335
138365
138395
138425
138455
138485
138515
138545
138575
138605
138635
138665
138729
138759
138789
138819
138849
138879
138909
138939
138969
138999
139029
139059
139089
139119
139149
139179
139209
139239
139269
139299
139329
139359
139425
139455
139485
139515
139545
139575
139605
139635
139665
139695
139725
139755
139785
139815
139845
139875
139905
139935
139965
139995
140025
140093
140123
140153
140183
140213
140243
140273
140303
140333
140363
140393
140423
140453
140483
140513
140543
140573
140603
140633
140663
140693
140763
140793
140823
140853
140883
140913
140943
140973
141003
141033
141063
141093
141123
141153
141183
141213
141243
141273
141303
141333
141363
141393
141465
141495
141525
141555
141585
141615
141645
141675
141705
141735
141765
141795
141825
141855
141885
141915
141945
141975
142005
142035
142065
142139
142169
142199
142229
142259
142289
142319
142349
142379
142409
142439
142469
142499
142529
142559
142589
142619
142649
142679
142709
142739
142815
142845
142875
142905
142935
142965
14297
142995
143025
143055
143085
143115
143145
143175
143205
143235
143265
14327
143295
143325
143355
143385
143415
143494
143524
143554
14357
143584
143614
143644
143674
143704
143734
143764
143794
143824
143854
14387
143884
143914
143944
143974
144004
144034
144064
144094
144175
144205
144235
144265
144295
144325
144355
144385
144415
144445
144475
144505
144535
144565
144595
144625
144655
144685
144715
144745
144775
144858
144888
144918
144948
144978
145008
145038
145068
145098
145128
145158
145188
145218
145248
145278
145308
145338
145368
145398
145428
145458
145544
145574
145604
145634
145664
145694
145724
145754
145784
145814
145844
145874
145904
145934
145964
145994
146024
146054
146084
146114
146202
146232
146262
146292
146322
146352
146382
146412
146442
146472
146502
146532
146562
146592
146622
146652
146682
146712
146742
146772
146802
146893
146923
146953
146983
147013
147043
147073
147103
147133
147163
147193
147223
147253
147283
147313
147343
147373
147403
147433
147463
147493
147587
147617
147647
147677
147707
147737
147767
147797
147827
147857
147887
147917
147947
147977
148007
148037
148067
148097
148127
148157
148253
148283
148313
148343
148373
148403
148433
148463
148493
148523
148553
148583
148613
148643
148673
148703
148733
148763
148793
148823
148922
148952
148982
149012
149042
149072
149102
149132
149162
149192
149222
149252
149282
149312
149342
149372
149402
149432
149462
149492
149522
149624
149654
14966
149684
149714
149744
149774
149804
149834
149864
149894
149924
149954
14996
149984
150014
150044
150074
150104
150134
150164
150194
15026
150299
150329
150359
150389
150419
150449
150479
150509
150539
15056
150569
150599
150629
150659
150689
150719
150749
150779
150809
150839
15086
150869
150976
151006
151036
151066
151096
151126
151156
151186
151216
151246
151276
151306
151336
151366
151396
151426
151456
151486
151516
151546
151656
151686
151716
151746
151776
151806
151836
151866
151896
151926
151956
151986
152016
152046
152076
152106
152136
152166
152196
152226
152339
152369
152399
152429
152459
152489
152519
152549
152579
152609
152639
152669
152699
152729
152759
152789
152819
152849
152879
152909
153025
153055
153085
153115
153145
153175
153205
153235
153265
153295
153325
153355
153385
153415
153445
153475
153505
153535
153565
153685
153715
153745
153775
153805
153835
153865
153895
153925
153955
153985
154015
154045
154075
154105
154135
154165
154195
154225
154255
154378
154408
154438
154468
154498
154528
154558
154588
154618
154648
154678
154708
154738
154768
154798
154828
154858
154888
154918
155044
155074
155104
155134
155164
155194
155224
155254
155284
155314
155344
155374
155404
155434
155464
155494
155524
155554
155584
155614
155743
155773
155803
155833
155863
155893
155923
155953
155983
156013
156043
156073
156103
156133
156163
156193
156223
156253
156283
156415
156445
156475
156505
156535
156565
15659
156595
156625
156655
156685
156715
156745
156775
156805
156835
156865
15689
156895
156925
156955
157091
157121
157151
157181
15719
157211
157241
157271
157301
157331
157361
157391
157421
157451
157481
15749
157511
157541
157571
157601
157631
157770
15779
157800
157830
157860
157890
157920
157950
157980
158010
158040
158070
158100
158130
158160
158190
158220
158250
158280
158310
158452
158482
158512
158542
158572
158602
158632
158662
158692
158722
158752
158782
158812
158842
158872
158902
158932
158962
158992
159138
159168
159198
159228
159258
159288
159318
159348
159378
159408
159438
159468
159498
159528
159558
159588
159618
159648
159678
159828
159858
159888
159918
159948
159978
160008
160038
160068
160098
160128
160158
160188
160218
160248
160278
160308
160338
160491
160521
160551
160581
160611
160641
160671
160701
160731
160761
160791
160821
160851
160881
160911
160941
160971
161001
161031
161188
161218
161248
161278
161308
161338
161368
161398
161428
161458
161488
161518
161548
161578
161608
161638
161668
161698
161858
161888
161918
161948
161978
162008
162038
162068
162098
162128
162158
162188
162218
162248
162278
162308
162338
162368
162532
162562
162592
162622
162652
162682
162712
162742
162772
162802
162832
162862
162892
162922
162952
162982
163012
163042
163210
163240
163270
163300
163330
163360
163390
163420
163450
16346
163480
163510
163540
163570
163600
163630
163660
163690
163720
16376
163892
163922
163952
163982
164012
164042
16406
164072
164102
164132
164162
164192
164222
164252
164282
164312
164342
16436
164372
164402
164578
164608
164638
16466
164668
164698
164728
164758
164788
164818
164848
164878
164908
164938
164968
164998
165028
165058
165088
165267
165297
165327
165357
165387
165417
165447
165477
165507
165537
165567
165597
165627
165657
165687
165717
165747
165930
165960
165990
166020
166050
166080
166110
166140
166170
166200
166230
166260
166290
166320
166350
166380
166410
166440
166627
166657
166687
166717
166747
166777
166807
166837
166867
166897
166927
166957
166987
167017
167047
167077
167107
167298
167328
167358
167388
167418
167448
167478
167508
167538
167568
167598
167628
167658
167688
167718
167748
167778
167973
168003
168033
168063
168093
168123
168153
168183
168213
168243
168273
168303
168333
168363
168393
168423
168453
168653
168683
168713
168743
168773
168803
168833
168863
168893
168923
168953
168983
169013
169043
169073
169103
169133
169337
169367
169397
169427
169457
169487
169517
169547
169577
169607
169637
169667
169697
169727
169757
169787
169817
170025
170055
170085
170115
170145
170175
170205
170235
170265
17027
170295
170325
170355
170385
170415
170445
170475
17057
170687
170717
170747
170777
170807
170837
170867
17087
170897
170927
170957
170987
171017
171047
171077
171107
171137
171167
17117
171384
171414
171444
17147
171474
171504
171534
171564
171594
171624
171654
171684
171714
171744
171774
171804
171834
172055
172085
172115
172145
172175
172205
172235
172265
172295
172325
172355
172385
172415
172445
172475
172505
172730
172760
172790
172820
172850
172880
172910
172940
172970
173000
173030
173060
173090
173120
173150
173180
173410
173440
173470
173500
173530
173560
173590
173620
173650
173680
173710
173740
173770
173800
173830
173860
174094
174124
174154
174184
174214
174244
174274
174304
174334
174364
174394
174424
174454
174484
174514
174544
174783
174813
174843
174873
174903
174933
174963
174993
175023
175053
175083
175113
175143
175173
175203
175446
175476
175506
175536
175566
175596
175626
175656
175686
175716
175746
175776
175806
175836
175866
175896
176144
176174
176204
176234
176264
176294
176324
176354
176384
176414
176444
176474
176504
176534
176564
176816
176846
176876
176906
176936
176966
176996
17702
177026
177056
177086
177116
177146
177176
177206
177236
17732
177493
177523
177553
177583
177613
17762
177643
177673
177703
177733
177763
177793
177823
177853
177883
177913
17792
178175
178205
17822
178235
178265
178295
178325
178355
178385
178415
178445
178475
178505
178535
178565
178595
178861
178891
178921
178951
178981
179011
179041
179071
179101
179131
179161
179191
179221
179251
179522
179552
179582
179612
179642
179672
179702
179732
179762
179792
179822
179852
179882
179912
179942
180218
180248
180278
180308
180338
180368
180398
180428
180458
180488
180518
180548
180578
180608
180889
180919
180949
180979
181009
181039
181069
181099
181129
181159
181189
181219
181249
181279
181565
181595
181625
181655
181685
181715
181745
181775
181805
181835
181865
181895
181925
181955
182246
182276
182306
182336
182366
182396
182426
182456
182486
182516
182546
182576
182606
182636
182932
182962
182992
183022
183052
183082
183112
183142
183172
183202
183232
183262
183292
183322
183623
183653
183683
18371
183713
183743
183773
183803
183833
183863
183893
183923
183953
183983
18401
184289
18431
184319
184349
184379
184409
184439
184469
184499
184529
184559
184589
18461
184619
184649
18491
184960
184990
185020
185050
185080
185110
185140
185170
185200
18521
185230
185260
185290
185320
185350
185666
185696
185726
185756
185786
185816
185846
185876
185906
185936
185966
185996
186026
186347
186377
186407
186437
186467
186497
186527
186557
186587
186617
186647
186677
187003
187033
187063
187093
187123
187153
187183
187213
187243
187273
187303
187333
187363
187694
187724
187754
187784
187814
187844
187874
187904
187934
187964
187994
188024
188361
188391
188421
188451
188481
188511
188541
188571
188601
188631
188661
188691
188721
189063
189093
189123
189153
189183
189213
189243
189273
189303
189333
189363
189393
189740
189770
189800
189830
189860
189890
189920
189950
189980
190010
190040
190070
190423
190453
190483
190513
190543
190573
190603
190633
19064
190663
190693
190723
19094
191081
191111
191141
191171
191201
191231
19124
191261
191291
191321
191351
191381
191411
19154
191774
191804
191834
19184
191864
191894
191924
191954
191984
192014
192044
192074
192443
192473
192503
192533
192563
192593
192623
192653
192683
192713
192743
192773
193147
193177
193207
193237
193267
193297
193327
193357
193387
193417
193447
193827
193857
193887
193917
193947
193977
194007
194037
194067
194097
194482
194512
194542
194572
194602
194632
194662
194692
194722
194752
194782
195173
195203
195233
195263
195293
195323
195353
195383
195413
195443
195473
195869
195899
195929
195959
195989
196019
196049
196079
196109
196139
196541
196571
196601
196631
196661
196691
196721
196751
196781
196811
19721
197218
197248
197278
197308
197338
197368
197398
197428
197458
197488
19751
19781
197901
197931
197961
197991
198021
198051
198081
19811
198111
198141
19841
198560
198590
198620
198650
198680
19871
198710
198740
198770
198800
198830
199254
199284
199314
199344
199374
199404
199434
199464
199494
199924
199954
199984
200014
200044
200074
200104
200134
200164
200600
200630
200660
200690
200720
200750
200780
200810
200840
201282
201312
201342
201372
201402
201432
201462
201492
201522
201969
201999
202029
202059
202089
202119
202149
202179
202209
202662
202692
202722
202752
202782
202812
202842
202872
203331
203361
203391
203421
203451
203481
203511
203541
204006
20401
204036
204066
204096
204126
204156
204186
204216
20431
20461
204687
204717
204747
204777
204807
204837
204867
204897
20491
20521
2053
205374
205404
205434
205464
205494
20551
205524
205554
205584
20581
206067
206097
206127
206157
206187
206217
206247
206735
206765
206795
206825
206855
206885
206915
207409
207439
207469
207499
207529
207559
207589
208089
208119
208149
208179
208209
208239
208269
208775
208805
208835
208865
208895
208925
208955
209467
209497
209527
209557
209587
209617
210135
210165
210195
210225
210255
210285
210809
210839
210869
210899
210929
210959
21105
21135
211489
211519
211549
211579
211609
211639
21165
21195
212176
212206
212236
21225
212266
212296
212326
21255
212869
212899
212929
212959
212989
213538
213568
213598
213628
213658
214213
214243
214273
214303
214333
214894
214924
214954
214984
215014
215581
215611
215641
215671
216244
216274
216304
216334
216364
216943
216973
217003
217033
217619
217649
217679
217709
21773
21803
218301
21833
218331
218361
218391
21863
21893
218989
219019
219049
21923
21953
219653
219683
219713
220323
220353
220383
221000
221030
221060
221683
221713
221743
222372
222402
222432
223067
223097
223739
223769
224417
224447
22465
22495
225101
22525
22555
225761
225791
22585
22615
226458
227131
227810
228495
23121
23151
23181
23211
23241
23271
23301
23801
23831
23861
23891
23921
23951
23981
24011
24505
24535
24565
24595
24625
24655
24685
25173
25203
25233
25263
25293
25323
25353
25383
25866
25896
25926
25956
25986
26016
26046
26523
26553
26583
26613
26643
26673
26703
26733
27204
27234
27264
27294
27324
27354
27384
27414
27444
27909
27939
27969
27999
28029
28059
28089
28119
28578
28608
28638
28668
28698
28728
28758
28788
29241
29271
29301
29331
29361
29391
29421
29451
29481
29928
29958
29988
30018
30048
30078
30108
30138
30168
30610
30640
30670
30700
30730
30760
30790
30820
30850
31286
31316
31346
31376
31406
31436
31466
31496
31526
31556
31986
32016
32046
32076
32106
32136
32166
32196
32226
32650
32680
32710
32740
32770
32800
32830
32860
32890
32920
33339
33369
33399
33429
33459
33489
33519
33549
33579
33609
3400
34022
34052
34082
34112
34142
34172
34202
34232
34262
34292
3430
34699
34729
34759
34789
34819
34849
34879
34909
34939
34969
35371
35401
35431
35461
35491
35521
35551
35581
35611
35641
35671
36067
36097
36127
36157
36187
36217
36247
36277
36307
36337
36728
36758
36788
36818
36848
36878
36908
36938
36968
36998
37028
37413
37443
37473
37503
37533
37563
37593
37623
37653
37683
37713
38093
38123
38153
38183
38213
38243
38273
38303
38333
38363
38393
38767
38797
38827
38857
38887
38917
38947
38977
39007
39037
39067
39097
39466
39496
39526
39556
39586
39616
39646
39676
39706
39736
39766
40129
40159
40189
40219
40249
40279
40309
40339
40369
40399
40429
40459
40817
40847
40877
40907
40937
40967
40997
41027
41057
41087
4109
41117
41147
41500
41530
41560
41590
41620
41650
41680
41710
41740
41770
41800
41830
42177
42207
42237
42267
42297
42327
42357
42387
42417
42447
42477
42507
42849
42879
42909
42939
42969
42999
43029
43059
43089
43119
43149
43179
43209
43546
43576
43606
43636
43666
43696
43726
43756
43786
43816
43846
43876
44207
44237
44267
44297
44327
44357
44387
44417
44447
44477
44507
44537
44567
44893
44923
44953
44983
45013
45043
45073
45103
45133
45163
45193
45223
45253
45574
45604
45634
45664
45694
45724
45754
45784
45814
45844
45874
45904
45934
46250
46280
46310
46340
46370
46400
46430
46460
46490
46520
46550
46580
46610
46921
46951
46981
47011
47041
47071
47101
47131
47161
47191
47221
47251
47281
47311
47617
47647
47677
47707
47737
47767
47797
4782
47827
47857
47887
47917
47947
47977
48007
48308
48338
48368
48398
48428
48458
48488
48518
48548
48578
48608
48638
48668
48964
48994
49024
49054
49084
49114
49144
49174
49204
49234
49264
49294
49324
49354
49645
49675
49705
49735
49765
49795
49825
49855
49885
49915
49945
49975
50005
50035
50321
50351
50381
50411
50441
50471
50501
50531
50561
50591
50621
50651
50681
50711
50741
51022
51052
51082
51112
51142
51172
51202
51232
51262
51292
51322
51352
51382
51412
51688
51718
51748
51778
51808
51838
51868
51898
51928
51958
51988
52018
52048
52078
52108
52379
52409
52439
52469
52499
52529
52559
52589
52619
52649
52679
52709
52739
52769
52799
53065
53095
53125
53155
53185
53215
53245
53275
53305
53335
53365
53395
53425
53455
53485
53747
53777
53807
53837
53867
53897
53927
53957
53987
54017
54047
54077
54107
54137
54167
54424
54454
54484
5449
54514
54544
54574
54604
54634
54664
54694
54724
54754
54784
5479
54814
54844
55096
55126
55156
55186
55216
55246
55276
55306
55336
55366
55396
55426
55456
55486
55516
55764
55794
55824
55854
55884
55914
55944
55974
56004
56034
56064
56094
56124
56154
56184
56214
56457
56487
56517
56547
56577
56607
56637
56667
56697
56727
56757
56787
56817
56847
56877
56907
57146
57176
57206
57236
57266
57296
57326
57356
57386
57416
57446
57476
57506
57536
57566
57800
57830
57860
57890
57920
57950
57980
58010
58040
58070
58100
58130
58160
58190
58220
58250
58480
58510
58540
58570
58600
58630
58660
58690
58720
58750
58780
58810
58840
58870
58900
58930
58960
59185
59215
59245
59275
59305
59335
59365
59395
59425
59455
59485
59515
59545
59575
59605
59635
59856
59886
59916
59946
59976
60006
60036
60066
60096
60126
60156
60186
60216
60246
60276
60306
60523
60553
60583
60613
60643
60673
60703
60733
60763
60793
60823
60853
60883
60913
60943
60973
61003
61215
61245
61275
61305
61335
61365
6139
61395
61425
61455
61485
61515
61545
61575
61605
61635
61665
6169
61695
61903
61933
61963
61993
62023
62053
62083
62113
62143
62173
62203
62233
62263
62293
62323
62353
62383
62587
62617
62647
62677
62707
62737
62767
62797
62827
62857
62887
62917
62947
62977
63007
63037
63067
63267
63297
63327
63357
63387
63417
63447
63477
63507
63537
63567
63597
63627
63657
63687
63717
63747
63942
63972
64002
64032
64062
64092
64122
64152
64182
64212
64242
64272
64302
64332
64362
64392
64422
64613
64643
64673
64703
64733
64763
64793
64823
64853
64883
64913
64943
64973
65003
65033
65063
65093
65280
65310
65340
65370
65400
65430
65460
65490
65520
65550
65580
65610
65640
65670
65700
65730
65760
65790
65973
66003
66033
66063
66093
66123
66153
66183
66213
66243
66273
66303
66333
66363
66393
66423
66453
66483
66662
66692
66722
66752
66782
66812
66842
66872
66902
66932
66962
66992
67022
67052
67082
67112
67142
67172
67348
67378
67408
67438
67468
67498
67528
67558
67588
67618
67648
67678
67708
67738
67768
67798
67828
680
68000
68030
68060
68090
68120
68150
68180
68210
6823
68240
68270
68300
68330
68360
68390
68420
68450
68480
68510
6853
68540
68708
68738
68768
68798
68828
68858
68888
68918
68948
68978
69008
69038
69068
69098
69128
69158
69188
69218
69382
69412
69442
69472
69502
69532
69562
69592
69622
69652
69682
69712
69742
69772
69802
69832
69862
69892
70052
70082
70112
70142
70172
70202
70232
70262
70292
70322
70352
70382
70412
70442
70472
70502
70532
70562
70592
70749
70779
70809
70839
70869
70899
70929
70959
70989
71019
71049
71079
71109
71139
71169
71199
71229
71259
71412
71442
71472
71502
71532
71562
71592
71622
71652
71682
71712
71742
71772
71802
71832
71862
71892
71922
71952
72102
72132
72162
72192
72222
72252
72282
72312
72342
72372
72402
72432
72462
72492
72522
72552
72582
72612
72642
72788
72818
72848
72878
72908
72938
72968
72998
73028
73058
73088
73118
73148
73178
73208
73238
73268
73298
73440
73470
73500
73530
73560
73590
73620
73650
73680
73710
73740
73770
73800
73830
73860
73890
73920
73950
73980
74010
74149
74179
74209
74239
74269
74299
74329
74359
74389
74419
74449
74479
74509
74539
74569
74599
74629
74659
74689
74825
74855
74885
74915
74945
74975
75005
7501
75035
75065
75095
75125
75155
75185
75215
75245
75275
75305
7531
75335
75365
75497
75527
75557
75587
75617
75647
75677
75707
75737
75767
75797
75827
75857
75887
75917
75947
75977
76007
76037
76166
76196
76226
76256
76286
76316
76346
76376
76406
76436
76466
76496
76526
76556
76586
76616
76646
76676
76706
76736
76862
76892
76922
76952
76982
77012
77042
77072
77102
77132
77162
77192
77222
77252
77282
77312
77342
77372
77402
77525
77555
77585
77615
77645
77675
77705
77735
77765
77795
77825
77855
77885
77915
77945
77975
78005
78035
78065
78095
78215
78245
78275
78305
78335
78365
78395
78425
78455
78485
78515
78545
78575
78605
78635
78665
78695
78725
78755
78785
78901
78931
78961
78991
79021
79051
79081
79111
79141
79171
79201
79231
79261
79291
79321
79351
79381
79411
79441
79471
79584
79614
79644
79674
79704
79734
79764
79794
79824
79854
79884
79914
79944
79974
80004
80034
80064
80094
80124
80154
80264
80294
80324
80354
80384
80414
80444
80474
80504
80534
80564
80594
80624
80654
80684
80714
80744
80774
80804
80834
80941
80971
81001
81031
81061
81091
81121
81151
81181
81211
81241
81271
81301
81331
81361
81391
81421
81451
81481
81511
81616
81646
81676
81706
8173
81736
81766
81796
81826
81856
81886
81916
81946
81976
82006
8203
82036
82066
82096
82126
82156
82186
82288
82318
8233
82348
82378
82408
82438
82468
82498
82528
82558
82588
82618
82648
82678
82708
82738
82768
82798
82828
82858
82888
82987
83017
83047
83077
83107
83137
83167
83197
83227
83257
83287
83317
83347
83377
83407
83437
83467
83497
83527
83557
83653
83683
83713
83743
83773
83803
83833
83863
83893
83923
83953
83983
84013
84043
84073
84103
84133
84163
84193
84223
84253
84347
84377
84407
84437
84467
84497
84527
84557
84587
84617
84647
84677
84707
84737
84767
84797
84827
84857
84887
84917
85008
85038
85068
85098
85128
85158
85188
85218
85248
85278
85308
85338
85368
85398
85428
85458
85488
85518
85548
85578
85608
85696
85726
85756
85786
85816
85846
85876
85906
85936
85966
85996
86026
86056
86086
86116
86146
86176
86206
86236
86266
86296
86382
86412
86442
86472
86502
86532
86562
86592
86622
86652
86682
86712
86742
86772
86802
86832
86862
86892
86922
86952
86982
87065
87095
87125
87155
87185
87215
87245
87275
87305
87335
87365
87395
87425
87455
87485
87515
87545
87575
87605
87635
87665
87746
87776
87806
87836
87866
87896
87926
87956
87986
88016
88046
88076
88106
88136
88166
88196
88226
88256
88286
88316
88346
88425
88455
88485
88515
88545
88575
88605
88635
88665
8868
88695
88725
88755
88785
88815
88845
88875
88905
88935
88965
8898
88995
89025
89101
89131
89161
89191
89221
89251
89281
89311
89341
89371
89401
89431
89461
89491
89521
89551
89581
89611
89641
89671
89701
89775
89805
89835
89865
89895
89925
89955
89985
90015
90045
90075
90105
90135
90165
90195
90225
90255
90285
90315
90345
90375
90447
90477
90507
90537
90567
90597
90627
90657
90687
90717
90747
90777
90807
90837
90867
90897
90927
90957
90987
91017
91047
91077
91147
91177
91207
91237
91267
91297
91327
91357
91387
91417
91447
91477
91507
91537
91567
91597
91627
91657
91687
91717
91747
91815
91845
91875
91905
91935
91965
91995
92025
92055
92085
92115
92145
92175
92205
92235
92265
92295
92325
92355
92385
92415
92481
92511
92541
92571
92601
92631
92661
92691
92721
92751
92781
92811
92841
92871
92901
92931
92961
92991
93021
93051
93081
93111
93175
93205
93235
93265
93295
93325
93355
93385
93415
93445
93475
93505
93535
93565
93595
93625
93655
93685
93715
93745
93775
93805
93867
93897
93927
93957
93987
94017
94047
94077
94107
94137
94167
94197
94227
94257
94287
94317
94347
94377
94407
94437
94467
94527
94557
94587
94617
94647
94677
94707
94737
94767
94797
94827
94857
94887
94917
94947
94977
95007
95037
95067
95097
95127
95157
95215
95245
9527
95275
95305
95335
95365
95395
95425
95455
95485
95515
95545
9557
95575
95605
95635
95665
95695
95725
95755
95785
95815
95845
9587
95901
95931
95961
95991
96021
96051
96081
96111
96141
96171
96201
96231
96261
96291
96321
96351
96381
96411
96441
96471
96501
96531
96586
96616
96646
96676
96706
96736
96766
96796
96826
96856
96886
96916
96946
96976
97006
97036
97066
97096
97126
97156
97186
97216
97269
97299
97329
97359
97389
97419
97449
97479
97509
97539
97569
97599
97629
97659
97689
97719
97749
97779
97809
97839
97869
97921
97951
97981
98011
98041
98071
98101
98131
98161
98191
98221
98251
98281
98311
98341
98371
98401
98431
98461
98491
98521
98551
98601
98631
98661
98691
98721
98751
98781
98811
98841
98871
98901
98931
98961
98991
99021
99051
99081
99111
99141
99171
99201
99231
99280
99310
99340
99370
99400
99430
99460
99490
99520
99550
99580
99610
99640
99670
99700
99730
99760
99790
99820
99850
99880
99910
99940
99987
