100018
100048
100078
100108
100138
100168
100198
100228
100258
100288
100318
100348
100378
100408
100438
100468
100498
100528
100558
100588
100618
100664
100694
100724
100754
100784
100814
100844
100874
100904
100934
100964
100994
101024
101054
101084
101114
101144
101174
101204
101234
101264
101294
101339
101369
101399
101429
101459
101489
101519
101549
101579
101609
101639
101669
101699
101729
101759
101789
101819
101849
101879
101909
101939
101969
102012
102042
102072
102102
10211
102132
102162
102192
102222
102252
102282
102312
102342
102372
102402
10241
102432
102462
102492
102522
102552
102582
102612
102642
102684
10271
102714
102744
102774
102804
102834
102864
102894
102924
102954
102984
103014
103044
103074
103104
103134
103164
103194
103224
103254
103284
103314
103344
103385
103415
103445
103475
103505
103535
103565
103595
103625
103655
103685
103715
103745
103775
103805
103835
103865
103895
103925
103955
103985
104015
104055
104085
104115
104145
104175
104205
104235
104265
104295
104325
104355
104385
104415
104445
104475
104505
104535
104565
104595
104625
104655
104685
104724
104754
104784
104814
104844
104874
104904
104934
104964
104994
105024
105054
105084
105114
105144
105174
105204
105234
105264
105294
105324
105354
105384
105422
105452
105482
105512
105542
105572
105602
105632
105662
105692
105722
105752
105782
105812
105842
105872
105902
105932
105962
105992
106022
106052
106089
106119
106149
106179
106209
106239
106269
106299
106329
106359
106389
106419
106449
106479
106509
106539
106569
106599
106629
106659
106689
106719
106749
106785
106815
106845
106875
106905
106935
106965
106995
107025
107055
107085
107115
107145
107175
107205
107235
107265
107295
107325
107355
107385
107415
107450
107480
107510
107540
107570
107600
107630
107660
107690
107720
107750
107780
107810
107840
107870
107900
107930
107960
107990
108020
108050
108080
108110
108145
108175
108205
108235
108265
108295
108325
108355
108385
108415
108445
108475
108505
108535
108565
108595
108625
108655
108685
108715
108745
108775
108809
108839
108869
10888
108899
108929
108959
108989
109019
109049
109079
109109
109139
109169
10918
109199
109229
109259
109289
109319
109349
109379
109409
109439
109469
10948
109502
109532
109562
109592
109622
109652
109682
109712
109742
109772
10978
109802
109832
109862
109892
109922
109952
109982
110012
110042
110072
110102
110132
110165
110195
110225
110255
110285
110315
110345
110375
110405
110435
110465
110495
110525
110555
110585
110615
110645
110675
110705
110735
110765
110795
110825
110857
110887
110917
110947
110977
111007
111037
111067
111097
111127
111157
111187
111217
111247
111277
111307
111337
111367
111397
111427
111457
111487
111517
111549
111579
111609
111639
111669
111699
111729
111759
111789
111819
111849
111879
111909
111939
111969
111999
112029
112059
112089
112119
112149
112179
112211
112241
112271
112301
112331
112361
112391
112421
112451
112481
112511
112541
112571
112601
112631
112661
112691
112721
112751
112781
112811
112841
112871
112902
112932
112962
112992
113022
113052
113082
113112
113142
113172
113202
113232
113262
113292
113322
113352
113382
113412
113442
113472
113502
113532
113561
113591
113621
113651
113667
113697
113727
113757
113787
113817
113847
113877
113907
113937
113967
113997
114027
114057
114087
114117
114147
114180
114210
114241
114271
114301
114331
114358
114388
114418
114448
114478
114508
114538
114568
114598
114628
114658
114688
114718
114748
114778
114808
114838
114860
114890
114921
114951
114981
115011
115049
115079
115109
115139
115169
115199
115229
115259
115289
115319
115349
115379
115409
115439
115469
115499
115540
115570
115601
115631
115661
115691
115710
115740
115770
115800
115830
115860
11588
115890
115920
115950
115980
116010
116040
116070
116100
116130
116160
11618
116190
116220
116250
116281
116311
116341
116371
116401
116431
116461
11648
116491
116521
116551
116581
116611
116641
116671
116701
116731
116761
116791
116821
116851
116881
116900
116930
116961
116991
117021
117051
117092
117122
117152
117182
117212
117242
117272
117302
117332
117362
117392
117422
117452
117482
117512
117542
117580
117610
117649
117679
117709
117739
117769
117799
117829
117859
117889
117919
117949
117979
118009
118039
118069
118099
118129
118159
118189
118219
118249
118279
118309
118340
118370
118400
118430
118460
118490
118520
118550
118580
118610
118640
118670
118700
118730
118760
118790
118820
118850
118880
118910
118940
118970
119001
119031
119061
119091
119121
119151
119181
119211
119241
119271
119301
119331
119361
119391
119421
119451
119481
119511
119541
119571
119601
119631
119661
119693
119723
119753
119783
119813
119843
119873
119903
119933
119963
119993
120023
120053
120083
120113
120143
120173
120203
120233
120263
120293
120323
120353
120385
120415
120445
120475
120505
120535
120565
120595
120625
120655
120685
120715
120745
120775
120805
120835
120865
120895
120925
120955
120985
121015
121047
121077
121107
121137
121167
121197
121227
121257
121287
121317
121347
121377
121407
121437
121467
121497
121527
121557
121587
121617
121647
121677
121707
121740
121770
121800
121830
121860
121890
121920
121950
121980
122010
122040
122070
122100
122130
122160
122190
122220
122250
122280
122310
122340
122370
122403
122433
122463
122493
12252
122523
122553
122583
122613
122643
122673
122703
122733
122763
122793
12282
122823
122853
122883
122913
122943
122973
123003
123033
123063
123097
12312
123127
123157
123187
123217
123247
123277
123307
123337
123367
123397
12342
123427
123457
123487
123517
123547
123577
123607
123637
123667
123697
123727
123762
123792
123822
123852
123882
123912
123942
123972
124002
124032
124062
124092
124122
124152
124182
124212
124242
124272
124302
124332
124362
124392
124422
124457
124487
124517
124547
124577
124607
124637
124667
124697
124727
124757
124787
124817
124847
124877
124907
124937
124967
124997
125027
125057
125087
125123
125153
125183
125213
125243
125273
125303
125333
125363
125393
125423
125453
125483
125513
125543
125573
125603
125633
125663
125693
125723
125753
125783
125820
125850
125880
125910
125940
125970
126000
126030
126060
126090
126120
126150
126180
126210
126240
126270
126300
126330
126360
126390
126420
126450
126488
126518
126548
126578
126608
126638
126668
126698
126728
126758
126788
126818
126848
126878
126908
126938
126968
126998
127028
127058
127088
127118
127148
127187
127217
127247
127277
127307
127337
127367
127397
127427
127457
127487
127517
127547
127577
127607
127637
127667
127697
127727
127757
127787
127817
127857
127887
127917
127947
127977
128007
128037
128067
128097
128127
128157
128187
128217
128247
128277
128307
128337
128367
128397
128427
128457
128487
128528
128558
128588
128618
128648
128678
128708
128738
128768
128798
128828
128858
128888
128918
128948
128978
129008
129038
129068
129098
129128
129158
129200
129230
129260
129290
129320
129350
129380
12940
129410
129440
129470
129500
129530
129560
129590
129620
129650
129680
12970
129710
129740
129770
129800
129830
129860
129903
129933
129963
129993
13000
130023
130053
130083
130113
130143
130173
130203
130233
130263
130293
13030
130323
130353
130383
130413
130443
130473
130503
130533
130578
130608
130638
130668
130698
130728
130758
130788
130818
130848
130878
130908
130938
130968
130998
131028
131058
131088
131118
131148
131178
131208
131254
131284
131314
131344
131374
131404
131434
131464
131494
131524
131554
131584
131614
131644
131674
131704
131734
131764
131794
131824
131854
131884
131931
131961
131991
132021
132051
132081
132111
132141
132171
132201
132231
132261
132291
132321
132351
132381
132411
132441
132471
132501
132531
132561
132610
132640
132670
132700
132730
132760
132790
132820
132850
132880
132910
132940
132970
133000
133030
133060
133090
133120
133150
133180
133210
133240
133290
133320
133350
133380
133410
133440
133470
133500
133530
133560
133590
133620
133650
133680
133710
133740
133770
133800
133830
133860
133890
133920
133972
134002
134032
134062
134092
134122
134152
134182
134212
134242
134272
134302
134332
134362
134392
134422
134452
134482
134512
134542
134572
134602
134655
134685
134715
134745
134775
134805
134835
134865
134895
134925
134955
134985
135015
135045
135075
135105
135135
135165
135195
135225
135255
135285
135340
135370
135400
135430
135460
135490
135520
135550
135580
135610
135640
135670
135700
135730
135760
135790
135820
135850
135880
135910
135940
135970
136026
136056
136086
136116
136146
136176
136206
13622
136236
136266
136296
136326
136356
136386
136416
136446
136476
136506
13652
136536
136566
136596
136626
136684
136714
136744
136774
136804
13682
136834
136864
136894
136924
136954
136984
137014
137044
137074
137104
13712
137134
137164
137194
137224
137254
137284
137314
137374
137404
137434
137464
137494
137524
137554
137584
137614
137644
137674
137704
137734
137764
137794
137824
137854
137884
137914
137944
137974
138004
138066
138096
138126
138156
138186
138216
138246
138276
138306
138336
138366
138396
138426
138456
138486
138516
138546
138576
138606
138636
138666
138730
138760
138790
138820
138850
138880
138910
138940
138970
139000
139030
139060
139090
139120
139150
139180
139210
139240
139270
139300
139330
139360
139426
139456
139486
139516
139546
139576
139606
139636
139666
139696
139726
139756
139786
139816
139846
139876
139906
139936
139966
139996
140026
140094
140124
140154
140184
140214
140244
140274
140304
140334
140364
140394
140424
140454
140484
140514
140544
140574
140604
140634
140664
140694
140764
140794
140824
140854
140884
140914
140944
140974
141004
141034
141064
141094
141124
141154
141184
141214
141244
141274
141304
141334
141364
141394
141466
141496
141526
141556
141586
141616
141646
141676
141706
141736
141766
141796
141826
141856
141886
141916
141946
141976
142006
142036
142066
142140
142170
142200
142230
142260
142290
142320
142350
142380
142410
142440
142470
142500
142530
142560
142590
142620
142650
142680
142710
142740
142816
142846
142876
142906
142936
142966
14298
142996
143026
143056
143086
143116
143146
143176
143206
143236
143266
14328
143296
143326
143356
143386
143416
143495
143525
143555
14358
143585
143615
143645
143675
143705
143735
143765
143795
143825
143855
14388
143885
143915
143945
143975
144005
144035
144065
144095
144176
144206
144236
144266
144296
144326
144356
144386
144416
144446
144476
144506
144536
144566
144596
144626
144656
144686
144716
144746
144776
144859
144889
144919
144949
144979
145009
145039
145069
145099
145129
145159
145189
145219
145249
145279
145309
145339
145369
145399
145429
145459
145545
145575
145605
145635
145665
145695
145725
145755
145785
145815
145845
145875
145905
145935
145965
145995
146025
146055
146085
146115
146203
146233
146263
146293
146323
146353
146383
146413
146443
146473
146503
146533
146563
146593
146623
146653
146683
146713
146743
146773
146803
146894
146924
146954
146984
147014
147044
147074
147104
147134
147164
147194
147224
147254
147284
147314
147344
147374
147404
147434
147464
147494
147588
147618
147648
147678
147708
147738
147768
147798
147828
147858
147888
147918
147948
147978
148008
148038
148068
148098
148128
148158
148254
148284
148314
148344
148374
148404
148434
148464
148494
148524
148554
148584
148614
148644
148674
148704
148734
148764
148794
148824
148923
148953
148983
149013
149043
149073
149103
149133
149163
149193
149223
149253
149283
149313
149343
149373
149403
149433
149463
149493
149523
149625
149655
14967
149685
149715
149745
149775
149805
149835
149865
149895
149925
149955
14997
149985
150015
150045
150075
150105
150135
150165
150195
15027
150300
150330
150360
150390
150420
150450
150480
150510
150540
15057
150570
150600
150630
150660
150690
150720
150750
150780
150810
150840
15087
150870
150977
151007
151037
151067
151097
151127
151157
151187
151217
151247
151277
151307
151337
151367
151397
151427
151457
151487
151517
151547
151657
151687
151717
151747
151777
151807
151837
151867
151897
151927
151957
151987
152017
152047
152077
152107
152137
152167
152197
152227
152340
152370
152400
152430
152460
152490
152520
152550
152580
152610
152640
152670
152700
152730
152760
152790
152820
152850
152880
152910
153026
153056
153086
153116
153146
153176
153206
153236
153266
153296
153326
153356
153386
153416
153446
153476
153506
153536
153566
153686
153716
153746
153776
153806
153836
153866
153896
153926
153956
153986
154016
154046
154076
154106
154136
154166
154196
154226
154256
154379
154409
154439
154469
154499
154529
154559
154589
154619
154649
154679
154709
154739
154769
154799
154829
154859
154889
154919
155045
155075
155105
155135
155165
155195
155225
155255
155285
155315
155345
155375
155405
155435
155465
155495
155525
155555
155585
155615
155744
155774
155804
155834
155864
155894
155924
155954
155984
156014
156044
156074
156104
156134
156164
156194
156224
156254
156284
156416
156446
156476
156506
156536
156566
156596
15660
156626
156656
156686
156716
156746
156776
156806
156836
156866
156896
15690
156926
156956
157092
157122
157152
157182
15720
157212
157242
157272
157302
157332
157362
157392
157422
157452
157482
15750
157512
157542
157572
157602
157632
157771
15780
157801
157831
157861
157891
157921
157951
157981
158011
158041
158071
158101
158131
158161
158191
158221
158251
158281
158311
158453
158483
158513
158543
158573
158603
158633
158663
158693
158723
158753
158783
158813
158843
158873
158903
158933
158963
158993
159139
159169
159199
159229
159259
159289
159319
159349
159379
159409
159439
159469
159499
159529
159559
159589
159619
159649
159679
159829
159859
159889
159919
159949
159979
160009
160039
160069
160099
160129
160159
160189
160219
160249
160279
160309
160339
160492
160522
160552
160582
160612
160642
160672
160702
160732
160762
160792
160822
160852
160882
160912
160942
160972
161002
161032
161189
161219
161249
161279
161309
161339
161369
161399
161429
161459
161489
161519
161549
161579
161609
161639
161669
161699
161859
161889
161919
161949
161979
162009
162039
162069
162099
162129
162159
162189
162219
162249
162279
162309
162339
162369
162533
162563
162593
162623
162653
162683
162713
162743
162773
162803
162833
162863
162893
162923
162953
162983
163013
163043
163211
163241
163271
163301
163331
163361
163391
163421
163451
16347
163481
163511
163541
163571
163601
163631
163661
163691
163721
16377
163893
163923
163953
163983
164013
164043
16407
164073
164103
164133
164163
164193
164223
164253
164283
164313
164343
16437
164373
164403
164579
164609
164639
164669
16467
164699
164729
164759
164789
164819
164849
164879
164909
164939
164969
164999
165029
165059
165089
165268
165298
165328
165358
165388
165418
165448
165478
165508
165538
165568
165598
165628
165658
165688
165718
165748
165931
165961
165991
166021
166051
166081
166111
166141
166171
166201
166231
166261
166291
166321
166351
166381
166411
166441
166628
166658
166688
166718
166748
166778
166808
166838
166868
166898
166928
166958
166988
167018
167048
167078
167108
167299
167329
167359
167389
167419
167449
167479
167509
167539
167569
167599
167629
167659
167689
167719
167749
167779
167974
168004
168034
168064
168094
168124
168154
168184
168214
168244
168274
168304
168334
168364
168394
168424
168454
168654
168684
168714
168744
168774
168804
168834
168864
168894
168924
168954
168984
169014
169044
169074
169104
169134
169338
169368
169398
169428
169458
169488
169518
169548
169578
169608
169638
169668
169698
169728
169758
169788
169818
170026
170056
170086
170116
170146
170176
170206
170236
170266
17028
170296
170326
170356
170386
170416
170446
170476
17058
170688
170718
170748
170778
170808
170838
170868
17088
170898
170928
170958
170988
171018
171048
171078
171108
171138
171168
17118
171385
171415
171445
171475
17148
171505
171535
171565
171595
171625
171655
171685
171715
171745
171775
171805
171835
172056
172086
172116
172146
172176
172206
172236
172266
172296
172326
172356
172386
172416
172446
172476
172506
172731
172761
172791
172821
172851
172881
172911
172941
172971
173001
173031
173061
173091
173121
173151
173181
173411
173441
173471
173501
173531
173561
173591
173621
173651
173681
173711
173741
173771
173801
173831
173861
174095
174125
174155
174185
174215
174245
174275
174305
174335
174365
174395
174425
174455
174485
174515
174545
174784
174814
174844
174874
174904
174934
174964
174994
175024
175054
175084
175114
175144
175174
175204
175447
175477
175507
175537
175567
175597
175627
175657
175687
175717
175747
175777
175807
175837
175867
175897
176145
176175
176205
176235
176265
176295
176325
176355
176385
176415
176445
176475
176505
176535
176565
176817
176847
176877
176907
176937
176967
176997
177027
17703
177057
177087
177117
177147
177177
177207
177237
17733
177494
177524
177554
177584
177614
17763
177644
177674
177704
177734
177764
177794
177824
177854
177884
177914
17793
178176
178206
17823
178236
178266
178296
178326
178356
178386
178416
178446
178476
178506
178536
178566
178596
178862
178892
178922
178952
178982
179012
179042
179072
179102
179132
179162
179192
179222
179252
179523
179553
179583
179613
179643
179673
179703
179733
179763
179793
179823
179853
179883
179913
179943
180219
180249
180279
180309
180339
180369
180399
180429
180459
180489
180519
180549
180579
180609
180890
180920
180950
180980
181010
181040
181070
181100
181130
181160
181190
181220
181250
181280
181566
181596
181626
181656
181686
181716
181746
181776
181806
181836
181866
181896
181926
181956
182247
182277
182307
182337
182367
182397
182427
182457
182487
182517
182547
182577
182607
182637
182933
182963
182993
183023
183053
183083
183113
183143
183173
183203
183233
183263
183293
183323
183624
183654
183684
183714
18372
183744
183774
183804
183834
183864
183894
183924
183954
183984
18402
184290
18432
184320
184350
184380
184410
184440
184470
184500
184530
184560
184590
18462
184620
184650
18492
184961
184991
185021
185051
185081
185111
185141
185171
185201
18522
185231
185261
185291
185321
185351
185667
185697
185727
185757
185787
185817
185847
185877
185907
185937
185967
185997
186027
186348
186378
186408
186438
186468
186498
186528
186558
186588
186618
186648
186678
187004
187034
187064
187094
187124
187154
187184
187214
187244
187274
187304
187334
187364
187695
187725
187755
187785
187815
187845
187875
187905
187935
187965
187995
188025
188362
188392
188422
188452
188482
188512
188542
188572
188602
188632
188662
188692
188722
189064
189094
189124
189154
189184
189214
189244
189274
189304
189334
189364
189394
189741
189771
189801
189831
189861
189891
189921
189951
189981
190011
190041
190071
190424
190454
190484
190514
190544
190574
190604
190634
19065
190664
190694
190724
19095
191082
191112
191142
191172
191202
191232
19125
191262
191292
191322
191352
191382
191412
19155
191775
191805
191835
19185
191865
191895
191925
191955
191985
192015
192045
192075
192444
192474
192504
192534
192564
192594
192624
192654
192684
192714
192744
192774
193148
193178
193208
193238
193268
193298
193328
193358
193388
193418
193448
193828
193858
193888
193918
193948
193978
194008
194038
194068
194098
194483
194513
194543
194573
194603
194633
194663
194693
194723
194753
194783
195174
195204
195234
195264
195294
195324
195354
195384
195414
195444
195840
195870
195900
195930
195960
195990
196020
196050
196080
196110
196140
196542
196572
196602
196632
196662
196692
196722
196752
196782
196812
197219
19722
197249
197279
197309
197339
197369
197399
197429
197459
197489
19752
19782
197902
197932
197962
197992
198022
198052
198082
198112
19812
198142
19842
198561
198591
198621
198651
198681
198711
19872
198741
198771
198801
198831
199255
199285
199315
199345
199375
199405
199435
199465
199495
199925
199955
199985
200015
200045
200075
200105
200135
200165
200601
200631
200661
200691
200721
200751
200781
200811
200841
201283
201313
201343
201373
201403
201433
201463
201493
201523
201970
202000
202030
202060
202090
202120
202150
202180
202210
202663
202693
202723
202753
202783
202813
202843
202873
203332
203362
203392
203422
203452
203482
203512
203542
204007
20402
204037
204067
204097
204127
204157
204187
204217
20432
20462
204688
204718
204748
204778
204808
204838
204868
204898
20492
20522
205375
2054
205405
205435
205465
205495
20552
205525
205555
205585
20582
206068
206098
206128
206158
206188
206218
206248
206736
206766
206796
206826
206856
206886
206916
207410
207440
207470
207500
207530
207560
207590
208090
208120
208150
208180
208210
208240
208270
208776
208806
208836
208866
208896
208926
208956
209468
209498
209528
209558
209588
209618
210136
210166
210196
210226
210256
210286
210810
210840
210870
210900
210930
210960
21106
21136
211490
211520
211550
211580
211610
211640
21166
21196
212177
212207
212237
21226
212267
212297
21256
212840
212870
212900
212930
212960
212990
213539
213569
213599
213629
213659
214214
214244
214274
214304
214334
214895
214925
214955
214985
215015
215582
215612
215642
215672
216245
216275
216305
216335
216365
216944
216974
217004
217034
217620
217650
217680
217710
21774
21804
218302
218332
21834
218362
21864
21894
218960
218990
219020
219050
21924
21954
219654
219684
219714
220324
220354
220384
221001
221031
221061
221684
221714
221744
222373
222403
222433
223068
223098
223740
223770
224418
224448
22466
22496
225102
22526
22556
225762
225792
22586
22616
226459
227132
227811
228496
23122
23152
23182
23212
23242
23272
23302
23802
23832
23862
23892
23922
23952
23982
24012
24506
24536
24566
24596
24626
24656
24686
25174
25204
25234
25264
25294
25324
25354
25384
25867
25897
25927
25957
25987
26017
26047
26524
26554
26584
26614
26644
26674
26704
26734
27205
27235
27265
27295
27325
27355
27385
27415
27880
27910
27940
27970
28000
28030
28060
28090
28120
28579
28609
28639
28669
28699
28729
28759
28789
29242
29272
29302
29332
29362
29392
29422
29452
29482
29929
29959
29989
30019
30049
30079
30109
30139
30169
30611
30641
30671
30701
30731
30761
30791
30821
30851
31287
31317
31347
31377
31407
31437
31467
31497
31527
31557
31987
32017
32047
32077
32107
32137
32167
32197
32227
32651
32681
32711
32741
32771
32801
32831
32861
32891
32921
33340
33370
33400
33430
33460
33490
33520
33550
33580
33610
3401
34023
34053
34083
34113
34143
34173
34203
34233
34263
34293
34700
34730
34760
34790
34820
34850
34880
34910
34940
34970
35372
35402
35432
35462
35492
35522
35552
35582
35612
35642
35672
36068
36098
36128
36158
36188
36218
36248
36278
36308
36338
36729
36759
36789
36819
36849
36879
36909
36939
36969
36999
37029
37414
37444
37474
37504
37534
37564
37594
37624
37654
37684
37714
38094
38124
38154
38184
38214
38244
38274
38304
38334
38364
38394
38768
38798
38828
38858
38888
38918
38948
38978
39008
39038
39068
39098
39467
39497
39527
39557
39587
39617
39647
39677
39707
39737
39767
40130
40160
40190
40220
40250
40280
40310
40340
40370
40400
40430
40460
4080
40818
40848
40878
40908
40938
40968
40998
41028
41058
41088
4110
41118
41148
41501
41531
41561
41591
41621
41651
41681
41711
41741
41771
41801
41831
42178
42208
42238
42268
42298
42328
42358
42388
42418
42448
42478
42508
42850
42880
42910
42940
42970
43000
43030
43060
43090
43120
43150
43180
43210
43547
43577
43607
43637
43667
43697
43727
43757
43787
43817
43847
43877
44208
44238
44268
44298
44328
44358
44388
44418
44448
44478
44508
44538
44568
44894
44924
44954
44984
45014
45044
45074
45104
45134
45164
45194
45224
45254
45575
45605
45635
45665
45695
45725
45755
45785
45815
45845
45875
45905
45935
46251
46281
46311
46341
46371
46401
46431
46461
46491
46521
46551
46581
46611
46922
46952
46982
47012
47042
47072
47102
47132
47162
47192
47222
47252
47282
47312
47618
47648
47678
47708
47738
47768
47798
47828
4783
47858
47888
47918
47948
47978
48008
48309
48339
48369
48399
48429
48459
48489
48519
48549
48579
48609
48639
48669
48965
48995
49025
49055
49085
49115
49145
49175
49205
49235
49265
49295
49325
49355
49646
49676
49706
49736
49766
49796
49826
49856
49886
49916
49946
49976
50006
50036
50322
50352
50382
50412
50442
50472
50502
50532
50562
50592
50622
50652
50682
50712
50742
51023
51053
51083
51113
51143
51173
51203
51233
51263
51293
51323
51353
51383
51413
51689
51719
51749
51779
51809
51839
51869
51899
51929
51959
51989
52019
52049
52079
52109
52380
52410
52440
52470
52500
52530
52560
52590
52620
52650
52680
52710
52740
52770
52800
53066
53096
53126
53156
53186
53216
53246
53276
53306
53336
53366
53396
53426
53456
53486
53748
53778
53808
53838
53868
53898
53928
53958
53988
54018
54048
54078
54108
54138
54168
54425
54455
54485
5450
54515
54545
54575
54605
54635
54665
54695
54725
54755
54785
5480
54815
54845
55097
55127
55157
55187
55217
55247
55277
55307
55337
55367
55397
55427
55457
55487
55517
55765
55795
55825
55855
55885
55915
55945
55975
56005
56035
56065
56095
56125
56155
56185
56215
56458
56488
56518
56548
56578
56608
56638
56668
56698
56728
56758
56788
56818
56848
56878
56908
57147
57177
57207
57237
57267
57297
57327
57357
57387
57417
57447
57477
57507
57537
57567
57801
57831
57861
57891
57921
57951
57981
58011
58041
58071
58101
58131
58161
58191
58221
58251
58481
58511
58541
58571
58601
58631
58661
58691
58721
58751
58781
58811
58841
58871
58901
58931
58961
59186
59216
59246
59276
59306
59336
59366
59396
59426
59456
59486
59516
59546
59576
59606
59636
59857
59887
59917
59947
59977
60007
60037
60067
60097
60127
60157
60187
60217
60247
60277
60307
60524
60554
60584
60614
60644
60674
60704
60734
60764
60794
60824
60854
60884
60914
60944
60974
61004
61216
61246
61276
61306
61336
61366
61396
6140
61426
61456
61486
61516
61546
61576
61606
61636
61666
61696
6170
61904
61934
61964
61994
62024
62054
62084
62114
62144
62174
62204
62234
62264
62294
62324
62354
62384
62588
62618
62648
62678
62708
62738
62768
62798
62828
62858
62888
62918
62948
62978
63008
63038
63068
63268
63298
63328
63358
63388
63418
63448
63478
63508
63538
63568
63598
63628
63658
63688
63718
63748
63943
63973
64003
64033
64063
64093
64123
64153
64183
64213
64243
64273
64303
64333
64363
64393
64423
64614
64644
64674
64704
64734
64764
64794
64824
64854
64884
64914
64944
64974
65004
65034
65064
65094
65281
65311
65341
65371
65401
65431
65461
65491
65521
65551
65581
65611
65641
65671
65701
65731
65761
65791
65974
66004
66034
66064
66094
66124
66154
66184
66214
66244
66274
66304
66334
66364
66394
66424
66454
66484
66663
66693
66723
66753
66783
66813
66843
66873
66903
66933
66963
66993
67023
67053
67083
67113
67143
67173
67349
67379
67409
67439
67469
67499
67529
67559
67589
67619
67649
67679
67709
67739
67769
67799
67829
68001
68031
68061
68091
681
68121
68151
68181
68211
6824
68241
68271
68301
68331
68361
68391
68421
68451
68481
68511
6854
68541
68709
68739
68769
68799
68829
68859
68889
68919
68949
68979
69009
69039
69069
69099
69129
69159
69189
69219
69383
69413
69443
69473
69503
69533
69563
69593
69623
69653
69683
69713
69743
69773
69803
69833
69863
69893
70053
70083
70113
70143
70173
70203
70233
70263
70293
70323
70353
70383
70413
70443
70473
70503
70533
70563
70720
70750
70780
70810
70840
70870
70900
70930
70960
70990
71020
71050
71080
71110
71140
71170
71200
71230
71260
71413
71443
71473
71503
71533
71563
71593
71623
71653
71683
71713
71743
71773
71803
71833
71863
71893
71923
71953
72103
72133
72163
72193
72223
72253
72283
72313
72343
72373
72403
72433
72463
72493
72523
72553
72583
72613
72643
72789
72819
72849
72879
72909
72939
72969
72999
73029
73059
73089
73119
73149
73179
73209
73239
73269
73299
73441
73471
73501
73531
73561
73591
73621
73651
73681
73711
73741
73771
73801
73831
73861
73891
73921
73951
73981
74120
74150
74180
74210
74240
74270
74300
74330
74360
74390
74420
74450
74480
74510
74540
74570
74600
74630
74660
74690
74826
74856
74886
74916
74946
74976
75006
7502
75036
75066
75096
75126
75156
75186
75216
75246
75276
75306
7532
75336
75366
75498
75528
75558
75588
75618
75648
75678
75708
75738
75768
75798
75828
75858
75888
75918
75948
75978
76008
76038
76167
76197
76227
76257
76287
76317
76347
76377
76407
76437
76467
76497
76527
76557
76587
76617
76647
76677
76707
76737
76863
76893
76923
76953
76983
77013
77043
77073
77103
77133
77163
77193
77223
77253
77283
77313
77343
77373
77403
77526
77556
77586
77616
77646
77676
77706
77736
77766
77796
77826
77856
77886
77916
77946
77976
78006
78036
78066
78096
78216
78246
78276
78306
78336
78366
78396
78426
78456
78486
78516
78546
78576
78606
78636
78666
78696
78726
78756
78786
78902
78932
78962
78992
79022
79052
79082
79112
79142
79172
79202
79232
79262
79292
79322
79352
79382
79412
79442
79472
79585
79615
79645
79675
79705
79735
79765
79795
79825
79855
79885
79915
79945
79975
80005
80035
80065
80095
80125
80155
80265
80295
80325
80355
80385
80415
80445
80475
80505
80535
80565
80595
80625
80655
80685
80715
80745
80775
80805
80835
80942
80972
81002
81032
81062
81092
81122
81152
81182
81212
81242
81272
81302
81332
81362
81392
81422
81452
81482
81512
81617
81647
81677
81707
81737
8174
81767
81797
81827
81857
81887
81917
81947
81977
82007
82037
8204
82067
82097
82127
82157
82187
82289
82319
8234
82349
82379
82409
82439
82469
82499
82529
82559
82589
82619
82649
82679
82709
82739
82769
82799
82829
82859
82889
82988
83018
83048
83078
83108
83138
83168
83198
83228
83258
83288
83318
83348
83378
83408
83438
83468
83498
83528
83558
83654
83684
83714
83744
83774
83804
83834
83864
83894
83924
83954
83984
84014
84044
84074
84104
84134
84164
84194
84224
84254
84348
84378
84408
84438
84468
84498
84528
84558
84588
84618
84648
84678
84708
84738
84768
84798
84828
84858
84888
84918
85009
85039
85069
85099
85129
85159
85189
85219
85249
85279
85309
85339
85369
85399
85429
85459
85489
85519
85549
85579
85609
85697
85727
85757
85787
85817
85847
85877
85907
85937
85967
85997
86027
86057
86087
86117
86147
86177
86207
86237
86267
86297
86383
86413
86443
86473
86503
86533
86563
86593
86623
86653
86683
86713
86743
86773
86803
86833
86863
86893
86923
86953
86983
87066
87096
87126
87156
87186
87216
87246
87276
87306
87336
87366
87396
87426
87456
87486
87516
87546
87576
87606
87636
87666
87747
87777
87807
87837
87867
87897
87927
87957
87987
88017
88047
88077
88107
88137
88167
88197
88227
88257
88287
88317
88347
88426
88456
88486
88516
88546
88576
88606
88636
88666
8869
88696
88726
88756
88786
88816
88846
88876
88906
88936
88966
8899
88996
89026
89102
89132
89162
89192
89222
89252
89282
89312
89342
89372
89402
89432
89462
89492
89522
89552
89582
89612
89642
89672
89702
89776
89806
89836
89866
89896
89926
89956
89986
90016
90046
90076
90106
90136
90166
90196
90226
90256
90286
90316
90346
90376
90448
90478
90508
90538
90568
90598
90628
90658
90688
90718
90748
90778
90808
90838
90868
90898
90928
90958
90988
91018
91048
91078
91148
91178
91208
91238
91268
91298
91328
91358
91388
91418
91448
91478
91508
91538
91568
91598
91628
91658
91688
91718
91748
91816
91846
91876
91906
91936
91966
91996
92026
92056
92086
92116
92146
92176
92206
92236
92266
92296
92326
92356
92386
92416
92482
92512
92542
92572
92602
92632
92662
92692
92722
92752
92782
92812
92842
92872
92902
92932
92962
92992
93022
93052
93082
93112
93176
93206
93236
93266
93296
93326
93356
93386
93416
93446
93476
93506
93536
93566
93596
93626
93656
93686
93716
93746
93776
93806
93868
93898
93928
93958
93988
94018
94048
94078
94108
94138
94168
94198
94228
94258
94288
94318
94348
94378
94408
94438
94468
94528
94558
94588
94618
94648
94678
94708
94738
94768
94798
94828
94858
94888
94918
94948
94978
95008
95038
95068
95098
95128
95158
95216
95246
95276
9528
95306
95336
95366
95396
95426
95456
95486
95516
95546
95576
9558
95606
95636
95666
95696
95726
95756
95786
95816
95846
9588
95902
95932
95962
95992
96022
96052
96082
96112
96142
96172
96202
96232
96262
96292
96322
96352
96382
96412
96442
96472
96502
96532
96587
96617
96647
96677
96707
96737
96767
96797
96827
96857
96887
96917
96947
96977
97007
97037
97067
97097
97127
97157
97187
97240
97270
97300
97330
97360
97390
97420
97450
97480
97510
97540
97570
97600
97630
97660
97690
97720
97750
97780
97810
97840
97870
97922
97952
97982
98012
98042
98072
98102
98132
98162
98192
98222
98252
98282
98312
98342
98372
98402
98432
98462
98492
98522
98552
98602
98632
98662
98692
98722
98752
98782
98812
98842
98872
98902
98932
98962
98992
99022
99052
99082
99112
99142
99172
99202
99232
99281
99311
99341
99371
99401
99431
99461
99491
99521
99551
99581
99611
99641
99671
99701
99731
99761
99791
99821
99851
99881
99911
99941
99988
