100025
100055
100085
100115
100145
100175
100205
100235
100265
100295
100325
100355
100385
100415
100445
100475
100505
100535
100565
100595
100641
100671
100701
100731
100761
100791
100821
100851
100881
100911
100941
100971
101001
101031
101061
101091
101121
101151
101181
101211
101241
101271
101301
101346
101376
101406
101436
101466
101496
101526
101556
101586
101616
101646
101676
101706
101736
101766
101796
101826
101856
101886
101916
101946
101976
102019
102049
102079
102109
102139
102169
10218
102199
102229
102259
102289
102319
102349
102379
102409
102439
102469
10248
102499
102529
102559
102589
102619
102649
102691
102721
102751
10278
102781
102811
102841
102871
102901
102931
102961
102991
103021
103051
103081
103111
103141
103171
103201
103231
103261
103291
103321
103362
103392
103422
103452
103482
103512
103542
103572
103602
103632
103662
103692
103722
103752
103782
103812
103842
103872
103902
103932
103962
103992
104022
104062
104092
104122
104152
104182
104212
104242
104272
104302
104332
104362
104392
104422
104452
104482
104512
104542
104572
104602
104632
104662
104692
104731
104761
104791
104821
104851
104881
104911
104941
104971
105001
105031
105061
105091
105121
105151
105181
105211
105241
105271
105301
105331
105361
105391
105429
105459
105489
105519
105549
105579
105609
105639
105669
105699
105729
105759
105789
105819
105849
105879
105909
105939
105969
105999
106029
106059
106096
106126
106156
106186
106216
106246
106276
106306
106336
106366
106396
106426
106456
106486
106516
106546
106576
106606
106636
106666
106696
106726
106762
106792
106822
106852
106882
106912
106942
106972
107002
107032
107062
107092
107122
107152
107182
107212
107242
107272
107302
107332
107362
107392
107422
107457
107487
107517
107547
107577
107607
107637
107667
107697
107727
107757
107787
107817
107847
107877
107907
107937
107967
107997
108027
108057
108087
108122
108152
108182
108212
108242
108272
108302
108332
108362
108392
108422
108452
108482
108512
108542
108572
108602
108632
108662
108692
108722
108752
108782
108816
108846
108876
108906
108936
10895
108966
108996
109026
109056
109086
109116
109146
109176
109206
109236
10925
109266
109296
109326
109356
109386
109416
109446
109476
109509
109539
10955
109569
109599
109629
109659
109689
109719
109749
109779
109809
109839
109869
109899
109929
109959
109989
110019
110049
110079
110109
110139
110172
110202
110232
110262
110292
110322
110352
110382
110412
110442
110472
110502
110532
110562
110592
110622
110652
110682
110712
110742
110772
110802
110832
110864
110894
110924
110954
110984
111014
111044
111074
111104
111134
111164
111194
111224
111254
111284
111314
111344
111374
111404
111434
111464
111494
111526
111556
111586
111616
111646
111676
111706
111736
111766
111796
111826
111856
111886
111916
111946
111976
112006
112036
112066
112096
112126
112156
112186
112218
112248
112278
112308
112338
112368
112398
112428
112458
112488
112518
112548
112578
112608
112638
112668
112698
112728
112758
112788
112818
112848
112878
112909
112939
112969
112999
113029
113059
113089
113119
113149
113179
113209
113239
113269
113299
113329
113359
113389
113419
113449
113479
113509
113539
113568
113598
113628
113658
113674
113704
113734
113764
113794
113824
113854
113884
113914
113944
113974
114004
114034
114064
114094
114124
114154
114187
114217
114248
114278
114308
114338
114365
114395
114425
114455
114485
114515
114545
114575
114605
114635
114665
114695
114725
114755
114785
114815
114867
114897
114928
114958
114988
115018
115026
115056
115086
115116
115146
115176
115206
115236
115266
115296
115326
115356
115386
115416
115446
115476
115506
115547
115577
115608
115638
11565
115668
115698
115717
115747
115777
115807
115837
115867
115897
115927
11595
115957
115987
116017
116047
116077
116107
116137
116167
116197
116227
11625
116257
116288
116318
116348
116378
116408
116438
116468
116498
116528
11655
116558
116588
116618
116648
116678
116708
116738
116768
116798
116828
116858
116907
116937
116968
116998
117028
117058
117069
117099
117129
117159
117189
117219
117249
117279
117309
117339
117369
117399
117429
117459
117489
117519
117549
117587
117617
117656
117686
117716
117746
117776
117806
117836
117866
117896
117926
117956
117986
118016
118046
118076
118106
118136
118166
118196
118226
118256
118286
118316
118347
118377
118407
118437
118467
118497
118527
118557
118587
118617
118647
118677
118707
118737
118767
118797
118827
118857
118887
118917
118947
118977
119008
119038
119068
119098
119128
119158
119188
119218
119248
119278
119308
119338
119368
119398
119428
119458
119488
119518
119548
119578
119608
119638
119668
119700
119730
119760
119790
119820
119850
119880
119910
119940
119970
120000
120030
120060
120090
120120
120150
120180
120210
120240
120270
120300
120330
120362
120392
120422
120452
120482
120512
120542
120572
120602
120632
120662
120692
120722
120752
120782
120812
120842
120872
120902
120932
120962
120992
121022
121054
121084
121114
121144
121174
121204
121234
121264
121294
121324
121354
121384
121414
121444
121474
121504
121534
121564
121594
121624
121654
121684
121714
121747
121777
121807
121837
121867
121897
121927
121957
121987
122017
122047
122077
122107
122137
122167
122197
122227
122257
122287
122317
122347
122377
122410
122440
122470
122500
122530
122560
12259
122590
122620
122650
122680
122710
122740
122770
122800
122830
122860
12289
122890
122920
122950
122980
123010
123040
123070
123104
123134
123164
12319
123194
123224
123254
123284
123314
123344
123374
123404
123434
123464
12349
123494
123524
123554
123584
123614
123644
123674
123704
123734
123769
123799
123829
123859
123889
123919
123949
123979
124009
124039
124069
124099
124129
124159
124189
124219
124249
124279
124309
124339
124369
124399
124429
124464
124494
124524
124554
124584
124614
124644
124674
124704
124734
124764
124794
124824
124854
124884
124914
124944
124974
125004
125034
125064
125094
125130
125160
125190
125220
125250
125280
125310
125340
125370
125400
125430
125460
125490
125520
125550
125580
125610
125640
125670
125700
125730
125760
125790
125827
125857
125887
125917
125947
125977
126007
126037
126067
126097
126127
126157
126187
126217
126247
126277
126307
126337
126367
126397
126427
126457
126495
126525
126555
126585
126615
126645
126675
126705
126735
126765
126795
126825
126855
126885
126915
126945
126975
127005
127035
127065
127095
127125
127164
127194
127224
127254
127284
127314
127344
127374
127404
127434
127464
127494
127524
127554
127584
127614
127644
127674
127704
127734
127764
127794
127824
127864
127894
127924
127954
127984
128014
128044
128074
128104
128134
128164
128194
128224
128254
128284
128314
128344
128374
128404
128434
128464
128494
128535
128565
128595
128625
128655
128685
128715
128745
128775
128805
128835
128865
128895
128925
128955
128985
129015
129045
129075
129105
129135
129165
129207
129237
129267
129297
129327
129357
129387
129417
129447
12947
129477
129507
129537
129567
129597
129627
129657
129687
129717
129747
12977
129777
129807
129837
129880
129910
129940
129970
130000
130030
130060
13007
130090
130120
130150
130180
130210
130240
130270
130300
130330
130360
13037
130390
130420
130450
130480
130510
130540
130585
130615
130645
130675
130705
130735
130765
130795
130825
130855
130885
130915
130945
130975
131005
131035
131065
131095
131125
131155
131185
131215
131261
131291
131321
131351
131381
131411
131441
131471
131501
131531
131561
131591
131621
131651
131681
131711
131741
131771
131801
131831
131861
131891
131938
131968
131998
132028
132058
132088
132118
132148
132178
132208
132238
132268
132298
132328
132358
132388
132418
132448
132478
132508
132538
132568
132617
132647
132677
132707
132737
132767
132797
132827
132857
132887
132917
132947
132977
133007
133037
133067
133097
133127
133157
133187
133217
133247
133297
133327
133357
133387
133417
133447
133477
133507
133537
133567
133597
133627
133657
133687
133717
133747
133777
133807
133837
133867
133897
133927
133979
134009
134039
134069
134099
134129
134159
134189
134219
134249
134279
134309
134339
134369
134399
134429
134459
134489
134519
134549
134579
134609
134662
134692
134722
134752
134782
134812
134842
134872
134902
134932
134962
134992
135022
135052
135082
135112
135142
135172
135202
135232
135262
135292
135347
135377
135407
135437
135467
135497
135527
135557
135587
135617
135647
135677
135707
135737
135767
135797
135827
135857
135887
135917
135947
136003
136033
136063
136093
136123
136153
136183
136213
136243
136273
13629
1363
136303
136333
136363
136393
136423
136453
136483
136513
136543
136573
13659
136603
136633
136691
136721
136751
136781
136811
136841
136871
13689
136901
136931
136961
136991
137021
137051
137081
137111
137141
137171
13719
137201
137231
137261
137291
137321
137381
137411
137441
137471
137501
137531
137561
137591
137621
137651
137681
137711
137741
137771
137801
137831
137861
137891
137921
137951
137981
138043
138073
138103
138133
138163
138193
138223
138253
138283
138313
138343
138373
138403
138433
138463
138493
138523
138553
138583
138613
138643
138673
138737
138767
138797
138827
138857
138887
138917
138947
138977
139007
139037
139067
139097
139127
139157
139187
139217
139247
139277
139307
139337
139403
139433
139463
139493
139523
139553
139583
139613
139643
139673
139703
139733
139763
139793
139823
139853
139883
139913
139943
139973
140003
140033
140101
140131
140161
140191
140221
140251
140281
140311
140341
140371
140401
140431
140461
140491
140521
140551
140581
140611
140641
140671
140701
140771
140801
140831
140861
140891
140921
140951
140981
141011
141041
141071
141101
141131
141161
141191
141221
141251
141281
141311
141341
141371
141443
141473
141503
141533
141563
141593
141623
141653
141683
141713
141743
141773
141803
141833
141863
141893
141923
141953
141983
142013
142043
142073
142147
142177
142207
142237
142267
142297
142327
142357
142387
142417
142447
142477
142507
142537
142567
142597
142627
142657
142687
142717
142747
142823
142853
142883
142913
142943
142973
143003
143033
14305
143063
143093
143123
143153
143183
143213
143243
143273
143303
143333
14335
143363
143393
143423
143502
143532
143562
143592
143622
14365
143652
143682
143712
143742
143772
143802
143832
143862
143892
143922
14395
143952
143982
144012
144042
144072
144102
144183
144213
144243
144273
144303
144333
144363
144393
144423
144453
144483
144513
144543
144573
144603
144633
144663
144693
144723
144753
144783
144866
144896
144926
144956
144986
145016
145046
145076
145106
145136
145166
145196
145226
145256
145286
145316
145346
145376
145406
145436
145522
145552
145582
145612
145642
145672
145702
145732
145762
145792
145822
145852
145882
145912
145942
145972
146002
146032
146062
146092
146122
146210
146240
146270
146300
146330
146360
146390
146420
146450
146480
146510
146540
146570
146600
146630
146660
146690
146720
146750
146780
146810
146901
146931
146961
146991
147021
147051
147081
147111
147141
147171
147201
147231
147261
147291
147321
147351
147381
147411
147441
147471
147565
147595
147625
147655
147685
147715
147745
147775
147805
147835
147865
147895
147925
147955
147985
148015
148045
148075
148105
148135
148165
148261
148291
148321
148351
148381
148411
148441
148471
148501
148531
148561
148591
148621
148651
148681
148711
148741
148771
148801
148831
148930
148960
148990
149020
149050
149080
149110
149140
149170
149200
149230
149260
149290
149320
149350
149380
149410
149440
149470
149500
149602
149632
149662
149692
149722
14974
149752
149782
149812
149842
149872
149902
149932
149962
149992
150022
15004
150052
150082
150112
150142
150172
150202
150307
150337
15034
150367
150397
150427
150457
150487
150517
150547
150577
150607
150637
15064
150667
150697
150727
150757
150787
150817
150847
150877
15094
150984
151014
151044
151074
151104
151134
151164
151194
151224
151254
151284
151314
151344
151374
151404
151434
151464
151494
151524
151554
151664
151694
151724
151754
151784
151814
151844
151874
151904
151934
151964
151994
152024
152054
152084
152114
152144
152174
152204
152234
152347
152377
152407
152437
152467
152497
152527
152557
152587
152617
152647
152677
152707
152737
152767
152797
152827
152857
152887
153003
153033
153063
153093
153123
153153
153183
153213
153243
153273
153303
153333
153363
153393
153423
153453
153483
153513
153543
153573
153693
153723
153753
153783
153813
153843
153873
153903
153933
153963
153993
154023
154053
154083
154113
154143
154173
154203
154233
154263
154386
154416
154446
154476
154506
154536
154566
154596
154626
154656
154686
154716
154746
154776
154806
154836
154866
154896
154926
155052
155082
155112
155142
155172
155202
155232
155262
155292
155322
155352
155382
155412
155442
155472
155502
155532
155562
155592
155721
155751
155781
155811
155841
155871
155901
155931
155961
155991
156021
156051
156081
156111
156141
156171
156201
156231
156261
156291
156423
156453
156483
156513
156543
156573
156603
156633
156663
15667
156693
156723
156753
156783
156813
156843
156873
156903
156933
156963
15697
157099
157129
157159
157189
157219
157249
15727
157279
157309
157339
157369
157399
157429
157459
157489
157519
157549
15757
157579
157609
157639
157778
157808
157838
157868
157898
157928
157958
157988
158018
158048
158078
158108
158138
158168
158198
158228
158258
158288
158318
158460
158490
158520
158550
158580
158610
158640
158670
158700
158730
158760
158790
158820
158850
158880
158910
158940
158970
159000
159146
159176
159206
159236
159266
159296
159326
159356
159386
159416
159446
159476
159506
159536
159566
159596
159626
159656
159806
159836
159866
159896
159926
159956
159986
160016
160046
160076
160106
160136
160166
160196
160226
160256
160286
160316
160346
160499
160529
160559
160589
160619
160649
160679
160709
160739
160769
160799
160829
160859
160889
160919
160949
160979
161009
161166
161196
161226
161256
161286
161316
161346
161376
161406
161436
161466
161496
161526
161556
161586
161616
161646
161676
161706
161866
161896
161926
161956
161986
162016
162046
162076
162106
162136
162166
162196
162226
162256
162286
162316
162346
162376
162540
162570
162600
162630
162660
162690
162720
162750
162780
162810
162840
162870
162900
162930
162960
162990
163020
163050
163218
16324
163248
163278
163308
163338
163368
163398
163428
163458
163488
163518
16354
163548
163578
163608
163638
163668
163698
163728
16384
163900
163930
163960
163990
164020
164050
164080
164110
16414
164140
164170
164200
164230
164260
164290
164320
164350
164380
164410
16444
164586
164616
164646
164676
164706
164736
164766
164796
164826
164856
164886
164916
164946
164976
165006
165036
165066
165245
165275
165305
165335
165365
165395
165425
165455
165485
165515
165545
165575
165605
165635
165665
165695
165725
165755
165938
165968
165998
166028
166058
166088
166118
166148
166178
166208
166238
166268
166298
166328
166358
166388
166418
166605
166635
166665
166695
166725
166755
166785
166815
166845
166875
166905
166935
166965
166995
167025
167055
167085
167115
167306
167336
167366
167396
167426
167456
167486
167516
167546
167576
167606
167636
167666
167696
167726
167756
167786
167981
168011
168041
168071
168101
168131
168161
168191
168221
168251
168281
168311
168341
168371
168401
168431
168461
168661
168691
168721
168751
168781
168811
168841
168871
168901
168931
168961
168991
169021
169051
169081
169111
169141
169345
169375
169405
169435
169465
169495
169525
169555
169585
169615
169645
169675
169705
169735
169765
169795
170003
170033
17005
170063
170093
170123
170153
170183
170213
170243
170273
170303
170333
17035
170363
170393
170423
170453
170483
17065
170695
170725
170755
170785
170815
170845
170875
170905
170935
17095
170965
170995
171025
171055
171085
171115
171145
17125
171362
171392
171422
171452
171482
171512
171542
171572
171602
171632
171662
171692
171722
171752
171782
171812
171842
172063
172093
172123
172153
172183
172213
172243
172273
172303
172333
172363
172393
172423
172453
172483
172513
172738
172768
172798
172828
172858
172888
172918
172948
172978
173008
173038
173068
173098
173128
173158
173188
173418
173448
173478
173508
173538
173568
173598
173628
173658
173688
173718
173748
173778
173808
173838
173868
174102
174132
174162
174192
174222
174252
174282
174312
174342
174372
174402
174432
174462
174492
174522
174761
174791
174821
174851
174881
174911
174941
174971
175001
175031
175061
175091
175121
175151
175181
175211
175454
175484
175514
175544
175574
175604
175634
175664
175694
175724
175754
175784
175814
175844
175874
176122
176152
176182
176212
176242
176272
176302
176332
176362
176392
176422
176452
176482
176512
176542
176572
17680
176824
176854
176884
176914
176944
176974
177004
177034
177064
177094
17710
177124
177154
177184
177214
177244
17740
177501
177531
177561
177591
177621
177651
177681
17770
177711
177741
177771
177801
177831
177861
177891
177921
17800
178183
178213
178243
178273
17830
178303
178333
178363
178393
178423
178453
178483
178513
178543
178573
178603
178869
178899
178929
178959
178989
179019
179049
179079
179109
179139
179169
179199
179229
179259
179530
179560
179590
179620
179650
179680
179710
179740
179770
179800
179830
179860
179890
179920
179950
180226
180256
180286
180316
180346
180376
180406
180436
180466
180496
180526
180556
180586
180616
180897
180927
180957
180987
181017
181047
181077
181107
181137
181167
181197
181227
181257
181287
181573
181603
181633
181663
181693
181723
181753
181783
181813
181843
181873
181903
181933
181963
182254
182284
182314
182344
182374
182404
182434
182464
182494
182524
182554
182584
182614
182644
182940
182970
183000
183030
183060
183090
183120
183150
183180
183210
183240
183270
183300
183601
183631
183661
183691
183721
183751
183781
18379
183811
183841
183871
183901
183931
183961
183991
18409
184297
184327
184357
184387
18439
184417
184447
184477
184507
184537
184567
184597
184627
184657
18469
184968
18499
184998
185028
185058
185088
185118
185148
185178
185208
185238
185268
185298
185328
185644
185674
185704
185734
185764
185794
185824
185854
185884
185914
185944
185974
186004
186325
186355
186385
186415
186445
186475
186505
186535
186565
186595
186625
186655
186685
187011
187041
187071
187101
187131
187161
187191
187221
187251
187281
187311
187341
187371
187702
187732
187762
187792
187822
187852
187882
187912
187942
187972
188002
188032
188369
188399
188429
188459
188489
188519
188549
188579
188609
188639
188669
188699
189041
189071
189101
189131
189161
189191
189221
189251
189281
189311
189341
189371
189401
189748
189778
189808
189838
189868
189898
189928
189958
189988
190018
190048
190401
19042
190431
190461
190491
190521
190551
190581
190611
190641
190671
190701
19072
190731
19102
191089
191119
191149
191179
191209
191239
191269
191299
19132
191329
191359
191389
191419
19162
191782
191812
191842
191872
191902
19192
191932
191962
191992
192022
192052
192082
192451
192481
192511
192541
192571
192601
192631
192661
192691
192721
192751
193125
193155
193185
193215
193245
193275
193305
193335
193365
193395
193425
193805
193835
193865
193895
193925
193955
193985
194015
194045
194075
194105
194490
194520
194550
194580
194610
194640
194670
194700
194730
194760
194790
195181
195211
195241
195271
195301
195331
195361
195391
195421
195451
195847
195877
195907
195937
195967
195997
196027
196057
196087
196117
196147
196549
196579
196609
196639
196669
196699
196729
196759
196789
196819
197226
197256
197286
19729
197316
197346
197376
197406
197436
197466
197496
19759
19789
197909
197939
197969
197999
198029
198059
198089
198119
198149
19819
19849
198568
198598
198628
198658
198688
198718
198748
198778
19879
198808
198838
199262
199292
199322
199352
199382
199412
199442
199472
199502
199932
199962
199992
200022
200052
200082
200112
200142
200172
200608
200638
200668
200698
200728
200758
200788
200818
200848
201290
201320
201350
201380
201410
201440
201470
201500
201530
201977
202007
202037
202067
202097
202127
202157
202187
202640
202670
202700
202730
202760
202790
202820
202850
202880
203339
203369
203399
203429
203459
203489
203519
203549
204014
204044
204074
20409
204104
204134
204164
204194
204224
20439
20469
204695
204725
204755
204785
204815
204845
204875
204905
20499
20529
205382
205412
205442
205472
205502
205532
205562
20559
206045
206075
206105
206135
206165
206195
206225
206255
206743
206773
206803
206833
206863
206893
206923
207417
207447
207477
207507
207537
207567
207597
208097
208127
208157
208187
208217
208247
208277
208783
208813
208843
208873
208903
208933
209445
209475
209505
209535
209565
209595
209625
210143
210173
210203
210233
210263
210293
210817
21083
210847
210877
210907
210937
210967
21113
21143
211497
211527
211557
211587
211617
211647
21173
21203
212184
212214
212244
212274
212304
21233
21263
212847
212877
212907
212937
212967
212997
213546
213576
213606
213636
213666
214221
214251
214281
214311
214341
214902
214932
214962
214992
215022
215589
215619
215649
215679
216252
216282
216312
216342
216921
216951
216981
217011
217041
217627
217657
217687
217717
21781
21811
218309
218339
218369
21841
21871
218967
218997
21901
219027
219057
21931
219661
219691
219721
220331
220361
220391
221008
221038
221068
221691
221721
221751
222380
222410
223045
223075
223105
223747
223777
224425
22443
224455
22473
22503
225109
22533
22563
225769
225799
22593
22623
226466
227139
227818
229165
23129
23159
23189
23219
23249
23279
23309
23809
23839
23869
23899
23929
23959
23989
24483
24513
24543
24573
24603
24633
24663
24693
25181
25211
25241
25271
25301
25331
25361
25844
25874
25904
25934
25964
25994
26024
26054
26531
26561
26591
26621
26651
26681
26711
26741
27212
2723
27242
27272
27302
27332
27362
27392
27422
27887
27917
27947
27977
28007
28037
28067
28097
28127
28586
28616
28646
28676
28706
28736
28766
28796
29249
29279
29309
29339
29369
29399
29429
29459
29489
29936
29966
29996
30026
30056
30086
30116
30146
30176
30618
30648
30678
30708
30738
30768
30798
30828
30858
31294
31324
31354
31384
31414
31444
31474
31504
31534
31964
31994
32024
32054
32084
32114
32144
32174
32204
32234
32658
32688
32718
32748
32778
32808
32838
32868
32898
32928
33347
33377
33407
33437
33467
33497
33527
33557
33587
34000
34030
34060
3408
34090
34120
34150
34180
34210
34240
34270
34300
34707
34737
34767
34797
34827
34857
34887
34917
34947
34977
35379
35409
35439
35469
35499
35529
35559
35589
35619
35649
36045
36075
36105
36135
36165
36195
36225
36255
36285
36315
36345
36736
36766
36796
36826
36856
36886
36916
36946
36976
37006
37036
37421
37451
37481
37511
37541
37571
37601
37631
37661
37691
37721
38101
38131
38161
38191
38221
38251
38281
38311
38341
38371
38401
38775
38805
38835
38865
38895
38925
38955
38985
39015
39045
39075
39444
39474
39504
39534
39564
39594
39624
39654
39684
39714
39744
39774
40137
40167
40197
40227
40257
40287
40317
40347
40377
40407
40437
40467
40825
40855
4087
40885
40915
40945
40975
41005
41035
41065
41095
41125
41155
41508
41538
41568
41598
41628
41658
41688
41718
41748
41778
41808
41838
42185
42215
42245
42275
42305
42335
42365
42395
42425
42455
42485
42515
42857
42887
42917
42947
42977
43007
43037
43067
43097
43127
43157
43187
43524
43554
43584
43614
43644
43674
43704
43734
43764
43794
43824
43854
43884
44215
44245
44275
44305
44335
44365
44395
44425
44455
44485
44515
44545
44575
44901
44931
44961
44991
45021
45051
45081
45111
45141
45171
45201
45231
45261
45582
45612
45642
45672
45702
45732
45762
45792
45822
45852
45882
45912
45942
46258
46288
46318
46348
46378
46408
46438
46468
46498
46528
46558
46588
46618
46929
46959
46989
47019
47049
47079
47109
47139
47169
47199
47229
47259
47289
47319
4760
47625
47655
47685
47715
47745
47775
47805
47835
47865
47895
4790
47925
47955
47985
48286
48316
48346
48376
48406
48436
48466
48496
48526
48556
48586
48616
48646
48676
48972
49002
49032
49062
49092
49122
49152
49182
49212
49242
49272
49302
49332
49362
49653
49683
49713
49743
49773
49803
49833
49863
49893
49923
49953
49983
50013
50043
50329
50359
50389
50419
50449
50479
50509
50539
50569
50599
50629
50659
50689
50719
51000
51030
51060
51090
51120
51150
51180
51210
51240
51270
51300
51330
51360
51390
51420
51696
51726
51756
51786
51816
51846
51876
51906
51936
51966
51996
52026
52056
52086
52116
52387
52417
52447
52477
52507
52537
52567
52597
52627
52657
52687
52717
52747
52777
53043
53073
53103
53133
53163
53193
53223
53253
53283
53313
53343
53373
53403
53433
53463
53725
53755
53785
53815
53845
53875
53905
53935
53965
53995
54025
54055
54085
54115
54145
54402
54432
54462
54492
54522
54552
5457
54582
54612
54642
54672
54702
54732
54762
54792
54822
54852
5487
55104
55134
55164
55194
55224
55254
55284
55314
55344
55374
55404
55434
55464
55494
55524
55772
55802
55832
55862
55892
55922
55952
55982
56012
56042
56072
56102
56132
56162
56192
56222
56465
56495
56525
56555
56585
56615
56645
56675
56705
56735
56765
56795
56825
56855
56885
57124
57154
57184
57214
57244
57274
57304
57334
57364
57394
57424
57454
57484
57514
57544
57574
57808
57838
57868
57898
57928
57958
57988
58018
58048
58078
58108
58138
58168
58198
58228
58258
58488
58518
58548
58578
58608
58638
58668
58698
58728
58758
58788
58818
58848
58878
58908
58938
59163
59193
59223
59253
59283
59313
59343
59373
59403
59433
59463
59493
59523
59553
59583
59613
59643
59864
59894
59924
59954
59984
60014
60044
60074
60104
60134
60164
60194
60224
60254
60284
60314
60531
60561
60591
60621
60651
60681
60711
60741
60771
60801
60831
60861
60891
60921
60951
60981
61011
61223
61253
61283
61313
61343
61373
61403
61433
61463
6147
61493
61523
61553
61583
61613
61643
61673
61881
61911
61941
61971
62001
62031
62061
62091
62121
62151
62181
62211
62241
62271
62301
62331
62361
62565
62595
62625
62655
62685
62715
62745
62775
62805
62835
62865
62895
62925
62955
62985
63015
63045
63245
63275
63305
63335
63365
63395
63425
63455
63485
63515
63545
63575
63605
63635
63665
63695
63725
63920
63950
63980
64010
64040
64070
64100
64130
64160
64190
64220
64250
64280
64310
64340
64370
64400
64430
64621
64651
64681
64711
64741
64771
64801
64831
64861
64891
64921
64951
64981
65011
65041
65071
65101
65288
65318
65348
65378
65408
65438
65468
65498
65528
65558
65588
65618
65648
65678
65708
65738
65768
65798
65981
66011
66041
66071
66101
66131
66161
66191
66221
66251
66281
66311
66341
66371
66401
66431
66461
66640
66670
66700
66730
66760
66790
66820
66850
66880
66910
66940
66970
67000
67030
67060
67090
67120
67150
67326
67356
67386
67416
67446
67476
67506
67536
67566
67596
67626
67656
67686
67716
67746
67776
67806
67836
68008
6801
68038
68068
68098
68128
68158
68188
68218
68248
68278
68308
6831
68338
68368
68398
68428
68458
68488
68518
6861
68686
68716
68746
68776
68806
68836
68866
68896
68926
68956
68986
69016
69046
69076
69106
69136
69166
69196
69360
69390
69420
69450
69480
69510
69540
69570
69600
69630
69660
69690
69720
69750
69780
69810
69840
69870
69900
70060
70090
70120
70150
70180
70210
70240
70270
70300
70330
70360
70390
70420
70450
70480
70510
70540
70570
70727
70757
70787
70817
70847
70877
70907
70937
70967
70997
71027
71057
71087
71117
71147
71177
71207
71237
71267
71420
71450
71480
71510
71540
71570
71600
71630
71660
71690
71720
71750
71780
71810
71840
71870
71900
71930
72080
72110
72140
72170
72200
72230
72260
72290
72320
72350
72380
72410
72440
72470
72500
72530
72560
72590
72620
72766
72796
72826
72856
72886
72916
72946
72976
73006
73036
73066
73096
73126
73156
73186
73216
73246
73276
73306
73448
73478
73508
73538
73568
73598
73628
73658
73688
73718
73748
73778
73808
73838
73868
73898
73928
73958
73988
74127
74157
74187
74217
74247
74277
74307
74337
74367
74397
74427
74457
74487
74517
74547
74577
74607
74637
74667
74803
74833
74863
74893
74923
74953
74983
75013
75043
75073
7509
75103
75133
75163
75193
75223
75253
75283
75313
75343
75373
7539
75505
75535
75565
75595
75625
75655
75685
75715
75745
75775
75805
75835
75865
75895
75925
75955
75985
76015
76045
76174
76204
76234
76264
76294
76324
76354
76384
76414
76444
76474
76504
76534
76564
76594
76624
76654
76684
76714
76840
76870
76900
76930
76960
76990
77020
77050
77080
77110
77140
77170
77200
77230
77260
77290
77320
77350
77380
77410
77533
77563
77593
77623
77653
77683
77713
77743
77773
77803
77833
77863
77893
77923
77953
77983
78013
78043
78073
78103
78223
78253
78283
78313
78343
78373
78403
78433
78463
78493
78523
78553
78583
78613
78643
78673
78703
78733
78763
78793
78909
78939
78969
78999
79029
79059
79089
79119
79149
79179
79209
79239
79269
79299
79329
79359
79389
79419
79449
79562
79592
79622
79652
79682
79712
79742
79772
79802
79832
79862
79892
79922
79952
79982
80012
80042
80072
80102
80132
80242
80272
80302
80332
80362
80392
80422
80452
80482
80512
80542
80572
80602
80632
80662
80692
80722
80752
80782
80812
80842
80949
80979
81009
81039
81069
81099
81129
81159
81189
81219
81249
81279
81309
81339
81369
81399
81429
81459
81489
81519
81624
81654
81684
81714
81744
81774
81804
8181
81834
81864
81894
81924
81954
81984
82014
82044
82074
82104
8211
82134
82164
82194
82296
82326
82356
82386
82416
82446
82476
82506
82536
82566
82596
82626
82656
82686
82716
82746
82776
82806
82836
82866
82965
82995
83025
83055
83085
83115
83145
83175
83205
83235
83265
83295
83325
83355
83385
83415
83445
83475
83505
83535
83565
83661
83691
83721
83751
83781
83811
83841
83871
83901
83931
83961
83991
84021
84051
84081
84111
84141
84171
84201
84231
84325
84355
84385
84415
84445
84475
84505
84535
84565
84595
84625
84655
84685
84715
84745
84775
84805
84835
84865
84895
84925
85016
85046
85076
85106
85136
85166
85196
85226
85256
85286
85316
85346
85376
85406
85436
85466
85496
85526
85556
85586
85616
85704
85734
85764
85794
85824
85854
85884
85914
85944
85974
86004
86034
86064
86094
86124
86154
86184
86214
86244
86274
86360
86390
86420
86450
86480
86510
86540
86570
86600
86630
86660
86690
86720
86750
86780
86810
86840
86870
86900
86930
86960
87043
87073
87103
87133
87163
87193
87223
87253
87283
87313
87343
87373
87403
87433
87463
87493
87523
87553
87583
87613
87643
87724
87754
87784
87814
87844
87874
87904
87934
87964
87994
88024
88054
88084
88114
88144
88174
88204
88234
88264
88294
88324
88403
88433
8846
88463
88493
88523
88553
88583
88613
88643
88673
88703
88733
8876
88763
88793
88823
88853
88883
88913
88943
88973
89003
89033
8906
89109
89139
89169
89199
89229
89259
89289
89319
89349
89379
89409
89439
89469
89499
89529
89559
89589
89619
89649
89679
89709
89783
89813
89843
89873
89903
89933
89963
89993
90023
90053
90083
90113
90143
90173
90203
90233
90263
90293
90323
90353
90383
90455
90485
90515
90545
90575
90605
90635
90665
90695
90725
90755
90785
90815
90845
90875
90905
90935
90965
90995
91025
91055
91125
91155
91185
91215
91245
91275
91305
91335
91365
91395
91425
91455
91485
91515
91545
91575
91605
91635
91665
91695
91725
91755
91823
91853
91883
91913
91943
91973
92003
92033
92063
92093
92123
92153
92183
92213
92243
92273
92303
92333
92363
92393
92423
92489
92519
92549
92579
92609
92639
92669
92699
92729
92759
92789
92819
92849
92879
92909
92939
92969
92999
93029
93059
93089
93119
93183
93213
93243
93273
93303
93333
93363
93393
93423
93453
93483
93513
93543
93573
93603
93633
93663
93693
93723
93753
93783
93845
93875
93905
93935
93965
93995
94025
94055
94085
94115
94145
94175
94205
94235
94265
94295
94325
94355
94385
94415
94445
94475
94535
94565
94595
94625
94655
94685
94715
94745
94775
94805
94835
94865
94895
94925
94955
94985
95015
95045
95075
95105
95135
95165
95223
95253
95283
95313
95343
9535
95373
95403
95433
95463
95493
95523
95553
95583
95613
95643
9565
95673
95703
95733
95763
95793
95823
95853
95909
95939
9595
95969
95999
96029
96059
96089
96119
96149
96179
96209
96239
96269
96299
96329
96359
96389
96419
96449
96479
96509
96564
96594
96624
96654
96684
96714
96744
96774
96804
96834
96864
96894
96924
96954
96984
97014
97044
97074
97104
97134
97164
97194
97247
97277
97307
97337
97367
97397
97427
97457
97487
97517
97547
97577
97607
97637
97667
97697
97727
97757
97787
97817
97847
97877
97929
97959
97989
98019
98049
98079
98109
98139
98169
98199
98229
98259
98289
98319
98349
98379
98409
98439
98469
98499
98529
98559
98609
98639
98669
98699
98729
98759
98789
98819
98849
98879
98909
98939
98969
98999
99029
99059
99089
99119
99149
99179
99209
99239
99288
99318
99348
99378
99408
99438
99468
99498
99528
99558
99588
99618
99648
99678
99708
99738
99768
99798
99828
99858
99888
99918
99965
99995
