100009
100039
100069
100099
100129
100159
100189
100219
100249
100279
100309
100339
100369
100399
100429
100459
100489
100519
100549
100579
100609
100655
100685
100715
100745
100775
100805
100835
100865
100895
100925
100955
100985
101015
101045
101075
101105
101135
101165
101195
101225
101255
101285
101330
101360
101390
101420
101450
101480
101510
101540
101570
101600
101630
101660
101690
101720
101750
101780
101810
101840
101870
101900
101930
101960
102003
10202
102033
102063
102093
102123
102153
102183
102213
102243
102273
102303
10232
102333
102363
102393
102423
102453
102483
102513
102543
102573
102603
10262
102633
102663
102705
102735
102765
102795
102825
102855
102885
102915
10292
102945
102975
103005
103035
103065
103095
103125
103155
103185
103215
103245
103275
103305
103335
103376
103406
103436
103466
103496
103526
103556
103586
103616
103646
103676
103706
103736
103766
103796
103826
103856
103886
103916
103946
103976
104006
104046
104076
104106
104136
104166
104196
104226
104256
104286
104316
104346
104376
104406
104436
104466
104496
104526
104556
104586
104616
104646
104676
104706
104745
104775
104805
104835
104865
104895
104925
104955
104985
105015
105045
105075
105105
105135
105165
105195
105225
105255
105285
105315
105345
105375
105413
105443
105473
105503
105533
105563
105593
105623
105653
105683
105713
105743
105773
105803
105833
105863
105893
105923
105953
105983
106013
106043
106080
106110
106140
106170
106200
106230
106260
106290
106320
106350
106380
106410
106440
106470
106500
106530
106560
106590
106620
106650
106680
106710
106740
106776
106806
106836
106866
106896
106926
106956
106986
107016
107046
107076
107106
107136
107166
107196
107226
107256
107286
107316
107346
107376
107406
107441
107471
107501
107531
107561
107591
107621
107651
107681
107711
107741
107771
107801
107831
107861
107891
107921
107951
107981
108011
108041
108071
108101
108136
108166
108196
108226
108256
108286
108316
108346
108376
108406
108436
108466
108496
108526
108556
108586
108616
108646
108676
108706
108736
108766
108800
108830
108860
108890
108920
108950
108980
109010
109040
109070
10909
109100
109130
109160
109190
109220
109250
109280
109310
109340
109370
10939
109400
109430
109460
109493
109523
109553
109583
109613
109643
109673
10969
109703
109733
109763
109793
109823
109853
109883
109913
109943
109973
110003
110033
110063
110093
110123
110153
110186
110216
110246
110276
110306
110336
110366
110396
110426
110456
110486
110516
110546
110576
110606
110636
110666
110696
110726
110756
110786
110816
110848
110878
110908
110938
110968
110998
111028
111058
111088
111118
111148
111178
111208
111238
111268
111298
111328
111358
111388
111418
111448
111478
111508
111540
111570
111600
111630
111660
111690
111720
111750
111780
111810
111840
111870
111900
111930
111960
111990
112020
112050
112080
112110
112140
112170
112202
112232
112262
112292
112322
112352
112382
112412
112442
112472
112502
112532
112562
112592
112622
112652
112682
112712
112742
112772
112802
112832
112862
112893
112923
112953
112983
113013
113043
113073
113103
113133
113163
113193
113223
113253
113283
113313
113343
113373
113403
113433
113463
113493
113523
113553
113582
113612
113642
113688
113718
113748
113778
113808
113838
113868
113898
113928
113958
113988
114018
114048
114078
114108
114138
114171
114201
114231
114262
114292
114322
114349
114379
114409
114439
114469
114499
114529
114559
114589
114619
114649
114679
114709
114739
114769
114799
114829
114851
114881
114911
114942
114972
115002
115040
115070
115100
115130
115160
115190
115220
115250
115280
115310
115340
115370
115400
115430
115460
115490
115520
115531
115561
115591
115622
115652
115682
115731
115761
11579
115791
115821
115851
115881
115911
115941
115971
116001
116031
116061
11609
116091
116121
116151
116181
116211
116241
116271
116302
116332
116362
11639
116392
116422
116452
116482
116512
116542
116572
116602
116632
116662
116692
116722
116752
116782
116812
116842
116872
116891
116921
116951
116982
117012
117042
117083
117113
117143
117173
117203
117233
117263
117293
117323
117353
117383
117413
117443
117473
117503
117533
117571
117601
117631
117640
117670
117700
117730
117760
117790
117820
117850
117880
117910
117940
117970
118000
118030
118060
118090
118120
118150
118180
118210
118240
118270
118300
118331
118361
118391
118421
118451
118481
118511
118541
118571
118601
118631
118661
118691
118721
118751
118781
118811
118841
118871
118901
118931
118961
118991
119022
119052
119082
119112
119142
119172
119202
119232
119262
119292
119322
119352
119382
119412
119442
119472
119502
119532
119562
119592
119622
119652
119684
119714
119744
119774
119804
119834
119864
119894
119924
119954
119984
120014
120044
120074
120104
120134
120164
120194
120224
120254
120284
120314
120344
120376
120406
120436
120466
120496
120526
120556
120586
120616
120646
120676
120706
120736
120766
120796
120826
120856
120886
120916
120946
120976
121006
121036
121068
121098
121128
121158
121188
121218
121248
121278
121308
121338
121368
121398
121428
121458
121488
121518
121548
121578
121608
121638
121668
121698
121731
121761
121791
121821
121851
121881
121911
121941
121971
122001
122031
122061
122091
122121
122151
122181
122211
122241
122271
122301
122331
122361
122391
122424
12243
122454
122484
122514
122544
122574
122604
122634
122664
122694
122724
12273
122754
122784
122814
122844
122874
122904
122934
122964
122994
123024
12303
123054
123088
123118
123148
123178
123208
123238
123268
123298
123328
12333
123358
123388
123418
123448
123478
123508
123538
123568
123598
123628
123658
123688
123718
123748
123783
123813
123843
123873
123903
123933
123963
123993
124023
124053
124083
124113
124143
124173
124203
124233
124263
124293
124323
124353
124383
124413
124448
124478
124508
124538
124568
124598
124628
124658
124688
124718
124748
124778
124808
124838
124868
124898
124928
124958
124988
125018
125048
125078
125108
125144
125174
125204
125234
125264
125294
125324
125354
125384
125414
125444
125474
125504
125534
125564
125594
125624
125654
125684
125714
125744
125774
125811
125841
125871
125901
125931
125961
125991
126021
126051
126081
126111
126141
126171
126201
126231
126261
126291
126321
126351
126381
126411
126441
126471
126509
126539
126569
126599
126629
126659
126689
126719
126749
126779
126809
126839
126869
126899
126929
126959
126989
127019
127049
127079
127109
127139
127178
127208
127238
127268
127298
127328
127358
127388
127418
127448
127478
127508
127538
127568
127598
127628
127658
127688
127718
127748
127778
127808
127848
127878
127908
127938
127968
127998
128028
128058
128088
128118
128148
128178
128208
128238
128268
128298
128328
128358
128388
128418
128448
128478
128508
128549
128579
128609
128639
128669
128699
128729
128759
128789
128819
128849
128879
128909
128939
128969
128999
129029
129059
129089
129119
129149
129179
129221
129251
129281
12931
129311
129341
129371
129401
129431
129461
129491
129521
129551
129581
12961
129611
129641
129671
129701
129731
129761
129791
129821
129851
129894
12991
129924
129954
129984
130014
130044
130074
130104
130134
130164
130194
13021
130224
130254
130284
130314
130344
130374
130404
130434
130464
130494
130524
130569
130599
130629
130659
130689
130719
130749
130779
130809
130839
130869
130899
130929
130959
130989
131019
131049
131079
131109
131139
131169
131199
131245
131275
131305
131335
131365
131395
131425
131455
131485
131515
131545
131575
131605
131635
131665
131695
131725
131755
131785
131815
131845
131875
131922
131952
131982
132012
132042
132072
132102
132132
132162
132192
132222
132252
132282
132312
132342
132372
132402
132432
132462
132492
132522
132552
132601
132631
132661
132691
132721
132751
132781
132811
132841
132871
132901
132931
132961
132991
133021
133051
133081
133111
133141
133171
133201
133231
133281
133311
133341
133371
133401
133431
133461
133491
133521
133551
133581
133611
133641
133671
133701
133731
133761
133791
133821
133851
133881
133911
133963
133993
134023
134053
134083
134113
134143
134173
134203
134233
134263
134293
134323
134353
134383
134413
134443
134473
134503
134533
134563
134593
134646
134676
134706
134736
134766
134796
134826
134856
134886
134916
134946
134976
135006
135036
135066
135096
135126
135156
135186
135216
135246
135276
135331
135361
135391
135421
135451
135481
135511
135541
135571
135601
135631
135661
135691
135721
135751
135781
135811
135841
135871
135901
135931
135961
136017
136047
136077
136107
13613
136137
136167
136197
136227
136257
136287
136317
136347
136377
136407
13643
136437
136467
136497
136527
136557
136587
136617
136647
136705
13673
136735
136765
136795
136825
136855
136885
136915
136945
136975
137005
13703
137035
137065
137095
137125
137155
137185
137215
137245
137275
137305
137365
137395
137425
137455
137485
137515
137545
137575
137605
137635
137665
137695
137725
137755
137785
137815
137845
137875
137905
137935
137965
137995
138057
138087
138117
138147
138177
138207
138237
138267
138297
138327
138357
138387
138417
138447
138477
138507
138537
138567
138597
138627
138657
138721
138751
138781
138811
138841
138871
138901
138931
138961
138991
139021
139051
139081
139111
139141
139171
139201
139231
139261
139291
139321
139351
139417
139447
139477
139507
139537
139567
139597
139627
139657
139687
139717
139747
139777
139807
139837
139867
139897
139927
139957
139987
140017
140085
140115
140145
140175
140205
140235
140265
140295
140325
140355
140385
140415
140445
140475
140505
140535
140565
140595
140625
140655
140685
140715
140785
140815
140845
140875
140905
140935
140965
140995
141025
141055
141085
141115
141145
141175
141205
141235
141265
141295
141325
141355
141385
141457
141487
141517
141547
141577
141607
141637
141667
141697
141727
141757
141787
141817
141847
141877
141907
141937
141967
141997
142027
142057
142131
142161
142191
142221
142251
142281
142311
142341
142371
142401
142431
142461
142491
142521
142551
142581
142611
142641
142671
142701
142731
142807
142837
142867
14289
142897
142927
142957
142987
143017
143047
143077
143107
143137
143167
14319
143197
143227
143257
143287
143317
143347
143377
143407
143486
14349
143516
143546
143576
143606
143636
143666
143696
143726
143756
143786
14379
143816
143846
143876
143906
143936
143966
143996
144026
144056
144086
14409
144167
144197
144227
144257
144287
144317
144347
144377
144407
144437
144467
144497
144527
144557
144587
144617
144647
144677
144707
144737
144767
144850
144880
144910
144940
144970
145000
145030
145060
145090
145120
145150
145180
145210
145240
145270
145300
145330
145360
145390
145420
145450
145536
145566
145596
145626
145656
145686
145716
145746
145776
145806
145836
145866
145896
145926
145956
145986
146016
146046
146076
146106
146136
146224
146254
146284
146314
146344
146374
146404
146434
146464
146494
146524
146554
146584
146614
146644
146674
146704
146734
146764
146794
146885
146915
146945
146975
147005
147035
147065
147095
147125
147155
147185
147215
147245
147275
147305
147335
147365
147395
147425
147455
147485
147579
147609
147639
147669
147699
147729
147759
147789
147819
147849
147879
147909
147939
147969
147999
148029
148059
148089
148119
148149
148245
148275
148305
148335
148365
148395
148425
148455
148485
148515
148545
148575
148605
148635
148665
148695
148725
148755
148785
148815
148845
148944
148974
149004
149034
149064
149094
149124
149154
149184
149214
149244
149274
149304
149334
149364
149394
149424
149454
149484
149514
149616
149646
149676
149706
149736
149766
149796
149826
149856
14988
149886
149916
149946
149976
150006
150036
150066
150096
150126
150156
15018
150186
150291
150321
150351
150381
150411
150441
150471
15048
150501
150531
150561
150591
150621
150651
150681
150711
150741
150771
15078
150801
150831
150861
150968
150998
151028
151058
151088
151118
151148
151178
151208
151238
151268
151298
151328
151358
151388
151418
151448
151478
151508
151538
151648
151678
151708
151738
151768
151798
151828
151858
151888
151918
151948
151978
152008
152038
152068
152098
152128
152158
152188
152218
152331
152361
152391
152421
152451
152481
152511
152541
152571
152601
152631
152661
152691
152721
152751
152781
152811
152841
152871
152901
153017
153047
153077
153107
153137
153167
153197
153227
153257
153287
153317
153347
153377
153407
153437
153467
153497
153527
153557
153587
153707
153737
153767
153797
153827
153857
153887
153917
153947
153977
154007
154037
154067
154097
154127
154157
154187
154217
154247
154370
154400
154430
154460
154490
154520
154550
154580
154610
154640
154670
154700
154730
154760
154790
154820
154850
154880
154910
154940
155066
155096
155126
155156
155186
155216
155246
155276
155306
155336
155366
155396
155426
155456
155486
155516
155546
155576
155606
155735
155765
155795
155825
155855
155885
155915
155945
155975
156005
156035
156065
156095
156125
156155
156185
156215
156245
156275
156407
156437
156467
156497
15651
156527
156557
156587
156617
156647
156677
156707
156737
156767
156797
15681
156827
156857
156887
156917
156947
157083
15711
157113
157143
157173
157203
157233
157263
157293
157323
157353
157383
15741
157413
157443
157473
157503
157533
157563
157593
157623
15771
157762
157792
157822
157852
157882
157912
157942
157972
158002
158032
158062
158092
158122
158152
158182
158212
158242
158272
158302
158444
158474
158504
158534
158564
158594
158624
158654
158684
158714
158744
158774
158804
158834
158864
158894
158924
158954
158984
159130
159160
159190
159220
159250
159280
159310
159340
159370
159400
159430
159460
159490
159520
159550
159580
159610
159640
159670
159820
159850
159880
159910
159940
159970
160000
160030
160060
160090
160120
160150
160180
160210
160240
160270
160300
160330
160483
160513
160543
160573
160603
160633
160663
160693
160723
160753
160783
160813
160843
160873
160903
160933
160963
160993
161023
161180
161210
161240
161270
161300
161330
161360
161390
161420
161450
161480
161510
161540
161570
161600
161630
161660
161690
161850
161880
161910
161940
161970
162000
162030
162060
162090
162120
162150
162180
162210
162240
162270
162300
162330
162360
162524
162554
162584
162614
162644
162674
162704
162734
162764
162794
162824
162854
162884
162914
162944
162974
163004
163034
163202
163232
163262
163292
163322
163352
16338
163382
163412
163442
163472
163502
163532
163562
163592
163622
163652
16368
163682
163712
163884
163914
163944
163974
16398
164004
164034
164064
164094
164124
164154
164184
164214
164244
164274
16428
164304
164334
164364
164394
164570
16458
164600
164630
164660
164690
164720
164750
164780
164810
164840
164870
164900
164930
164960
164990
165020
165050
165080
165259
165289
165319
165349
165379
165409
165439
165469
165499
165529
165559
165589
165619
165649
165679
165709
165739
165922
165952
165982
166012
166042
166072
166102
166132
166162
166192
166222
166252
166282
166312
166342
166372
166402
166432
166619
166649
166679
166709
166739
166769
166799
166829
166859
166889
166919
166949
166979
167009
167039
167069
167099
167290
167320
167350
167380
167410
167440
167470
167500
167530
167560
167590
167620
167650
167680
167710
167740
167770
167965
167995
168025
168055
168085
168115
168145
168175
168205
168235
168265
168295
168325
168355
168385
168415
168445
168645
168675
168705
168735
168765
168795
168825
168855
168885
168915
168945
168975
169005
169035
169065
169095
169125
169329
169359
169389
169419
169449
169479
169509
169539
169569
169599
169629
169659
169689
169719
169749
169779
169809
170017
170047
170077
170107
170137
170167
17019
170197
170227
170257
170287
170317
170347
170377
170407
170437
170467
17049
170497
170709
170739
170769
17079
170799
170829
170859
170889
170919
170949
170979
171009
171039
171069
17109
171099
171129
171159
171376
17139
171406
171436
171466
171496
171526
171556
171586
171616
171646
171676
171706
171736
171766
171796
171826
172047
172077
172107
172137
172167
172197
172227
172257
172287
172317
172347
172377
172407
172437
172467
172497
172722
172752
172782
172812
172842
172872
172902
172932
172962
172992
173022
173052
173082
173112
173142
173172
173402
173432
173462
173492
173522
173552
173582
173612
173642
173672
173702
173732
173762
173792
173822
173852
174086
174116
174146
174176
174206
174236
174266
174296
174326
174356
174386
174416
174446
174476
174506
174536
174775
174805
174835
174865
174895
174925
174955
174985
175015
175045
175075
175105
175135
175165
175195
175225
175468
175498
175528
175558
175588
175618
175648
175678
175708
175738
175768
175798
175828
175858
175888
176136
176166
176196
176226
176256
176286
176316
176346
176376
176406
176436
176466
176496
176526
176556
176808
176838
176868
176898
176928
17694
176958
176988
177018
177048
177078
177108
177138
177168
177198
177228
17724
177485
177515
17754
177545
177575
177605
177635
177665
177695
177725
177755
177785
177815
17784
177845
177875
177905
17814
178167
178197
178227
178257
178287
178317
178347
178377
178407
178437
178467
178497
178527
178557
178587
178853
178883
178913
178943
178973
179003
179033
179063
179093
179123
179153
179183
179213
179243
179273
179544
179574
179604
179634
179664
179694
179724
179754
179784
179814
179844
179874
179904
179934
180210
180240
180270
180300
180330
180360
180390
180420
180450
180480
180510
180540
180570
180600
180881
180911
180941
180971
181001
181031
181061
181091
181121
181151
181181
181211
181241
181271
181301
181587
181617
181647
181677
181707
181737
181767
181797
181827
181857
181887
181917
181947
181977
182268
182298
182328
182358
182388
182418
182448
182478
182508
182538
182568
182598
182628
182924
182954
182984
183014
183044
183074
183104
183134
183164
183194
183224
183254
183284
183314
183615
18363
183645
183675
183705
183735
183765
183795
183825
183855
183885
183915
18393
183945
183975
18423
184281
184311
184341
184371
184401
184431
184461
184491
184521
18453
184551
184581
184611
184641
184671
18483
184982
185012
185042
185072
185102
18513
185132
185162
185192
185222
185252
185282
185312
185342
185658
185688
185718
185748
185778
185808
185838
185868
185898
185928
185958
185988
186018
186339
186369
186399
186429
186459
186489
186519
186549
186579
186609
186639
186669
186699
187025
187055
187085
187115
187145
187175
187205
187235
187265
187295
187325
187355
187686
187716
187746
187776
187806
187836
187866
187896
187926
187956
187986
188016
188046
188383
188413
188443
188473
188503
188533
188563
188593
188623
188653
188683
188713
189055
189085
189115
189145
189175
189205
189235
189265
189295
189325
189355
189385
189732
189762
189792
189822
189852
189882
189912
189942
189972
190002
190032
190062
190415
190445
190475
190505
190535
19056
190565
190595
190625
190655
190685
190715
190745
19086
191103
191133
19116
191163
191193
191223
191253
191283
191313
191343
191373
191403
19146
19176
191766
191796
191826
191856
191886
191916
191946
191976
192006
192036
19206
192066
192096
192465
192495
192525
192555
192585
192615
192645
192675
192705
192735
192765
193139
193169
193199
193229
193259
193289
193319
193349
193379
193409
193439
193819
193849
193879
193909
193939
193969
193999
194029
194059
194089
194119
194504
194534
194564
194594
194624
194654
194684
194714
194744
194774
195165
195195
195225
195255
195285
195315
195345
195375
195405
195435
195465
195861
195891
195921
195951
195981
196011
196041
196071
196101
196131
196533
196563
196593
196623
196653
196683
196713
196743
196773
196803
197210
197240
197270
197300
197330
197360
197390
197420
19743
197450
197480
19773
197893
197923
197953
197983
198013
19803
198043
198073
198103
198133
198163
19833
198582
198612
19863
198642
198672
198702
198732
198762
198792
198822
19893
199246
199276
199306
199336
199366
199396
199426
199456
199486
199516
199946
199976
200006
200036
200066
200096
200126
200156
200186
200622
200652
200682
200712
200742
200772
200802
200832
200862
201304
201334
201364
201394
201424
201454
201484
201514
201961
201991
202021
202051
202081
202111
202141
202171
202201
202654
202684
202714
202744
202774
202804
202834
202864
203323
203353
203383
203413
203443
203473
203503
203533
203563
204028
204058
204088
204118
204148
204178
204208
20423
204238
2045
20453
204709
204739
204769
204799
204829
20483
204859
204889
20513
205366
205396
205426
20543
205456
205486
205516
205546
205576
20573
206059
206089
206119
206149
206179
206209
206239
206727
206757
206787
206817
206847
206877
206907
207401
207431
207461
207491
207521
207551
207581
208081
208111
208141
208171
208201
208231
208261
208767
208797
208827
208857
208887
208917
208947
209459
209489
209519
209549
209579
209609
210127
210157
210187
210217
210247
210277
210801
210831
210861
210891
210921
210951
21097
21127
211481
211511
211541
21157
211571
211601
211631
21187
212168
21217
212198
212228
212258
212288
212318
21247
212861
212891
212921
212951
212981
213530
213560
213590
213620
213650
214205
214235
214265
214295
214325
214886
214916
214946
214976
215006
215573
215603
215633
215663
215693
216266
216296
216326
216356
216935
216965
216995
217025
217611
217641
21765
217671
217701
21795
21825
218293
218323
218353
218383
21855
21885
218981
219011
219041
21915
21945
219645
219675
219705
219735
220345
220375
220405
221022
221052
221082
221705
221735
222364
222394
222424
223059
223089
223731
223761
224409
224439
22457
22487
225093
225123
22517
22547
22577
225783
22607
22637
226450
227123
227802
228487
23143
23173
23203
23233
23263
23293
23323
23823
23853
23883
23913
23943
23973
24003
24497
24527
24557
24587
24617
24647
24677
25165
25195
25225
25255
25285
25315
25345
25375
25858
25888
25918
25948
25978
26008
26038
26068
26545
26575
26605
26635
26665
26695
26725
26755
27226
27256
27286
27316
27346
2737
27376
27406
27436
27901
27931
27961
27991
28021
28051
28081
28111
28570
28600
28630
28660
28690
28720
28750
28780
28810
29263
29293
29323
29353
29383
29413
29443
29473
29920
29950
29980
30010
30040
30070
30100
30130
30160
30602
30632
30662
30692
30722
30752
30782
30812
30842
30872
31308
31338
31368
31398
31428
31458
31488
31518
31548
31978
32008
32038
32068
32098
32128
32158
32188
32218
32642
32672
32702
32732
32762
32792
32822
32852
32882
32912
33331
33361
33391
33421
33451
33481
33511
33541
33571
33601
34014
34044
34074
34104
34134
34164
34194
3422
34224
34254
34284
34691
34721
34751
34781
34811
34841
34871
34901
34931
34961
35363
35393
35423
35453
35483
35513
35543
35573
35603
35633
35663
36059
36089
36119
36149
36179
36209
36239
36269
36299
36329
36720
36750
36780
36810
36840
36870
36900
36930
36960
36990
37020
37405
37435
37465
37495
37525
37555
37585
37615
37645
37675
37705
38085
38115
38145
38175
38205
38235
38265
38295
38325
38355
38385
38415
38789
38819
38849
38879
38909
38939
38969
38999
39029
39059
39089
39458
39488
39518
39548
39578
39608
39638
39668
39698
39728
39758
40121
40151
40181
40211
40241
40271
40301
40331
40361
40391
40421
40451
40809
40839
40869
40899
40929
40959
40989
4101
41019
41049
41079
41109
41139
41492
41522
41552
41582
41612
41642
41672
41702
41732
41762
41792
41822
42169
42199
42229
42259
42289
42319
42349
42379
42409
42439
42469
42499
42841
42871
42901
42931
42961
42991
43021
43051
43081
43111
43141
43171
43201
43538
43568
43598
43628
43658
43688
43718
43748
43778
43808
43838
43868
43898
44229
44259
44289
44319
44349
44379
44409
44439
44469
44499
44529
44559
44885
44915
44945
44975
45005
45035
45065
45095
45125
45155
45185
45215
45245
45566
45596
45626
45656
45686
45716
45746
45776
45806
45836
45866
45896
45926
46242
46272
46302
46332
46362
46392
46422
46452
46482
46512
46542
46572
46602
46632
46943
46973
47003
47033
47063
47093
47123
47153
47183
47213
47243
47273
47303
47609
47639
47669
47699
47729
4774
47759
47789
47819
47849
47879
47909
47939
47969
47999
48300
48330
48360
48390
48420
48450
48480
48510
48540
48570
48600
48630
48660
48690
48986
49016
49046
49076
49106
49136
49166
49196
49226
49256
49286
49316
49346
49376
49667
49697
49727
49757
49787
49817
49847
49877
49907
49937
49967
49997
50027
50057
50343
50373
50403
50433
50463
50493
50523
50553
50583
50613
50643
50673
50703
50733
51014
51044
51074
51104
51134
51164
51194
51224
51254
51284
51314
51344
51374
51404
51680
51710
51740
51770
51800
51830
51860
51890
51920
51950
51980
52010
52040
52070
52100
52371
52401
52431
52461
52491
52521
52551
52581
52611
52641
52671
52701
52731
52761
52791
53057
53087
53117
53147
53177
53207
53237
53267
53297
53327
53357
53387
53417
53447
53477
53739
53769
53799
53829
53859
53889
53919
53949
53979
54009
54039
54069
54099
54129
54159
5441
54416
54446
54476
54506
54536
54566
54596
54626
54656
54686
5471
54716
54746
54776
54806
54836
55088
55118
55148
55178
55208
55238
55268
55298
55328
55358
55388
55418
55448
55478
55508
55538
55786
55816
55846
55876
55906
55936
55966
55996
56026
56056
56086
56116
56146
56176
56206
56449
56479
56509
56539
56569
56599
56629
56659
56689
56719
56749
56779
56809
56839
56869
56899
57138
57168
57198
57228
57258
57288
57318
57348
57378
57408
57438
57468
57498
57528
57558
57588
57822
57852
57882
57912
57942
57972
58002
58032
58062
58092
58122
58152
58182
58212
58242
58272
58502
58532
58562
58592
58622
58652
58682
58712
58742
58772
58802
58832
58862
58892
58922
58952
59177
59207
59237
59267
59297
59327
59357
59387
59417
59447
59477
59507
59537
59567
59597
59627
59848
59878
59908
59938
59968
59998
60028
60058
60088
60118
60148
60178
60208
60238
60268
60298
60328
60545
60575
60605
60635
60665
60695
60725
60755
60785
60815
60845
60875
60905
60935
60965
60995
61207
61237
61267
61297
6131
61327
61357
61387
61417
61447
61477
61507
61537
61567
61597
6161
61627
61657
61687
61895
61925
61955
61985
62015
62045
62075
62105
62135
62165
62195
62225
62255
62285
62315
62345
62375
62579
62609
62639
62669
62699
62729
62759
62789
62819
62849
62879
62909
62939
62969
62999
63029
63059
63259
63289
63319
63349
63379
63409
63439
63469
63499
63529
63559
63589
63619
63649
63679
63709
63739
63934
63964
63994
64024
64054
64084
64114
64144
64174
64204
64234
64264
64294
64324
64354
64384
64414
64605
64635
64665
64695
64725
64755
64785
64815
64845
64875
64905
64935
64965
64995
65025
65055
65085
65115
65302
65332
65362
65392
65422
65452
65482
65512
65542
65572
65602
65632
65662
65692
65722
65752
65782
65965
65995
66025
66055
66085
66115
66145
66175
66205
66235
66265
66295
66325
66355
66385
66415
66445
66475
66654
66684
66714
66744
66774
66804
66834
66864
66894
66924
66954
66984
67014
67044
67074
67104
67134
67164
67340
67370
67400
67430
67460
67490
67520
67550
67580
67610
67640
67670
67700
67730
67760
67790
67820
67850
68022
68052
68082
68112
68142
6815
68172
68202
68232
68262
68292
68322
68352
68382
68412
68442
6845
68472
68502
68532
68700
68730
68760
68790
68820
68850
68880
68910
68940
68970
69000
69030
69060
69090
69120
69150
69180
69210
69374
69404
69434
69464
69494
69524
69554
69584
69614
69644
69674
69704
69734
69764
69794
69824
69854
69884
70044
70074
70104
70134
70164
70194
70224
70254
70284
70314
70344
70374
70404
70434
70464
70494
70524
70554
70584
70741
70771
70801
70831
70861
70891
70921
70951
70981
71011
71041
71071
71101
71131
71161
71191
71221
71251
71404
71434
71464
71494
71524
71554
71584
71614
71644
71674
71704
71734
71764
71794
71824
71854
71884
71914
71944
72094
72124
72154
72184
72214
72244
72274
72304
72334
72364
72394
72424
72454
72484
72514
72544
72574
72604
72634
72780
72810
72840
72870
72900
72930
72960
72990
73020
73050
73080
73110
73140
73170
73200
73230
73260
73290
73320
73462
73492
73522
73552
73582
73612
73642
73672
73702
73732
73762
73792
73822
73852
73882
73912
73942
73972
74002
74141
74171
74201
74231
74261
74291
74321
74351
74381
74411
74441
74471
74501
74531
74561
74591
74621
74651
74681
74817
74847
74877
74907
7493
74937
74967
74997
75027
75057
75087
75117
75147
75177
75207
7523
75237
75267
75297
75327
75357
75489
75519
75549
75579
75609
75639
75669
75699
75729
75759
75789
75819
75849
75879
75909
75939
75969
75999
76029
76059
76188
76218
76248
76278
76308
76338
76368
76398
76428
76458
76488
76518
76548
76578
76608
76638
76668
76698
76728
76854
76884
76914
76944
76974
77004
77034
77064
77094
77124
77154
77184
77214
77244
77274
77304
77334
77364
77394
77424
77547
77577
77607
77637
77667
77697
77727
77757
77787
77817
77847
77877
77907
77937
77967
77997
78027
78057
78087
78207
78237
78267
78297
78327
78357
78387
78417
78447
78477
78507
78537
78567
78597
78627
78657
78687
78717
78747
78777
78893
78923
78953
78983
79013
79043
79073
79103
79133
79163
79193
79223
79253
79283
79313
79343
79373
79403
79433
79463
79576
79606
79636
79666
79696
79726
79756
79786
79816
79846
79876
79906
79936
79966
79996
80026
80056
80086
80116
80146
80256
80286
80316
80346
80376
80406
80436
80466
80496
80526
80556
80586
80616
80646
80676
80706
80736
80766
80796
80826
80933
80963
80993
81023
81053
81083
81113
81143
81173
81203
81233
81263
81293
81323
81353
81383
81413
81443
81473
81503
81608
81638
8165
81668
81698
81728
81758
81788
81818
81848
81878
81908
81938
8195
81968
81998
82028
82058
82088
82118
82148
82178
8225
82280
82310
82340
82370
82400
82430
82460
82490
82520
82550
82580
82610
82640
82670
82700
82730
82760
82790
82820
82850
82880
82979
83009
83039
83069
83099
83129
83159
83189
83219
83249
83279
83309
83339
83369
83399
83429
83459
83489
83519
83549
83645
83675
83705
83735
83765
83795
83825
83855
83885
83915
83945
83975
84005
84035
84065
84095
84125
84155
84185
84215
84245
84339
84369
84399
84429
84459
84489
84519
84549
84579
84609
84639
84669
84699
84729
84759
84789
84819
84849
84879
84909
85000
85030
85060
85090
85120
85150
85180
85210
85240
85270
85300
85330
85360
85390
85420
85450
85480
85510
85540
85570
85600
85688
85718
85748
85778
85808
85838
85868
85898
85928
85958
85988
86018
86048
86078
86108
86138
86168
86198
86228
86258
86288
86374
86404
86434
86464
86494
86524
86554
86584
86614
86644
86674
86704
86734
86764
86794
86824
86854
86884
86914
86944
86974
87057
87087
87117
87147
87177
87207
87237
87267
87297
87327
87357
87387
87417
87447
87477
87507
87537
87567
87597
87627
87657
87738
87768
87798
87828
87858
87888
87918
87948
87978
88008
88038
88068
88098
88128
88158
88188
88218
88248
88278
88308
88338
88417
88447
88477
88507
88537
88567
88597
8860
88627
88657
88687
88717
88747
88777
88807
88837
88867
88897
8890
88927
88957
88987
89017
89093
89123
89153
89183
8920
89213
89243
89273
89303
89333
89363
89393
89423
89453
89483
89513
89543
89573
89603
89633
89663
89693
89767
89797
89827
89857
89887
89917
89947
89977
90007
90037
90067
90097
90127
90157
90187
90217
90247
90277
90307
90337
90367
90397
90469
90499
90529
90559
90589
90619
90649
90679
90709
90739
90769
90799
90829
90859
90889
90919
90949
90979
91009
91039
91069
91139
91169
91199
91229
91259
91289
91319
91349
91379
91409
91439
91469
91499
91529
91559
91589
91619
91649
91679
91709
91739
91807
91837
91867
91897
91927
91957
91987
92017
92047
92077
92107
92137
92167
92197
92227
92257
92287
92317
92347
92377
92407
92437
92503
92533
92563
92593
92623
92653
92683
92713
92743
92773
92803
92833
92863
92893
92923
92953
92983
93013
93043
93073
93103
93167
93197
93227
93257
93287
93317
93347
93377
93407
93437
93467
93497
93527
93557
93587
93617
93647
93677
93707
93737
93767
93797
93859
93889
93919
93949
93979
94009
94039
94069
94099
94129
94159
94189
94219
94249
94279
94309
94339
94369
94399
94429
94459
94489
94549
94579
94609
94639
94669
94699
94729
94759
94789
94819
94849
94879
94909
94939
94969
94999
95029
95059
95089
95119
95149
95207
95237
95267
95297
95327
95357
95387
95417
95447
95477
9549
95507
95537
95567
95597
95627
95657
95687
95717
95747
95777
9579
95807
95837
95893
95923
95953
95983
96013
96043
96073
96103
96133
96163
96193
96223
96253
96283
96313
96343
96373
96403
96433
96463
96493
96523
96578
96608
96638
96668
96698
96728
96758
96788
96818
96848
96878
96908
96938
96968
96998
97028
97058
97088
97118
97148
97178
97208
97261
97291
97321
97351
97381
97411
97441
97471
97501
97531
97561
97591
97621
97651
97681
97711
97741
97771
97801
97831
97861
97891
97943
97973
98003
98033
98063
98093
98123
98153
98183
98213
98243
98273
98303
98333
98363
98393
98423
98453
98483
98513
98543
98573
98623
98653
98683
98713
98743
98773
98803
98833
98863
98893
98923
98953
98983
99013
99043
99073
99103
99133
99163
99193
99223
99253
99302
99332
99362
99392
99422
99452
99482
99512
99542
99572
99602
99632
99662
99692
99722
99752
99782
99812
99842
99872
99902
99932
99979
