100019
100049
100079
100109
100139
100169
100199
100229
100259
100289
100319
100349
100379
100409
100439
100469
100499
100529
100559
100589
100619
100665
100695
100725
100755
100785
100815
100845
100875
100905
100935
100965
100995
101025
101055
101085
101115
101145
101175
101205
101235
101265
101295
101340
101370
101400
101430
101460
101490
101520
101550
101580
101610
101640
101670
101700
101730
101760
101790
101820
101850
101880
101910
101940
101970
102013
102043
102073
102103
10212
102133
102163
102193
102223
102253
102283
102313
102343
102373
102403
10242
102433
102463
102493
102523
102553
102583
102613
102643
102685
102715
10272
102745
102775
102805
102835
102865
102895
102925
102955
102985
103015
103045
103075
103105
103135
103165
103195
103225
103255
103285
103315
103345
103386
103416
103446
103476
103506
103536
103566
103596
103626
103656
103686
103716
103746
103776
103806
103836
103866
103896
103926
103956
103986
104016
104056
104086
104116
104146
104176
104206
104236
104266
104296
104326
104356
104386
104416
104446
104476
104506
104536
104566
104596
104626
104656
104686
104725
104755
104785
104815
104845
104875
104905
104935
104965
104995
105025
105055
105085
105115
105145
105175
105205
105235
105265
105295
105325
105355
105385
105423
105453
105483
105513
105543
105573
105603
105633
105663
105693
105723
105753
105783
105813
105843
105873
105903
105933
105963
105993
106023
106053
106090
106120
106150
106180
106210
106240
106270
106300
106330
106360
106390
106420
106450
106480
106510
106540
106570
106600
106630
106660
106690
106720
106750
106786
106816
106846
106876
106906
106936
106966
106996
107026
107056
107086
107116
107146
107176
107206
107236
107266
107296
107326
107356
107386
107416
107451
107481
107511
107541
107571
107601
107631
107661
107691
107721
107751
107781
107811
107841
107871
107901
107931
107961
107991
108021
108051
108081
108111
108146
108176
108206
108236
108266
108296
108326
108356
108386
108416
108446
108476
108506
108536
108566
108596
108626
108656
108686
108716
108746
108776
108810
108840
108870
10889
108900
108930
108960
108990
109020
109050
109080
109110
109140
109170
10919
109200
109230
109260
109290
109320
109350
109380
109410
109440
109470
10949
109503
109533
109563
109593
109623
109653
109683
109713
109743
109773
10979
109803
109833
109863
109893
109923
109953
109983
110013
110043
110073
110103
110133
110166
110196
110226
110256
110286
110316
110346
110376
110406
110436
110466
110496
110526
110556
110586
110616
110646
110676
110706
110736
110766
110796
110826
110858
110888
110918
110948
110978
111008
111038
111068
111098
111128
111158
111188
111218
111248
111278
111308
111338
111368
111398
111428
111458
111488
111520
111550
111580
111610
111640
111670
111700
111730
111760
111790
111820
111850
111880
111910
111940
111970
112000
112030
112060
112090
112120
112150
112180
112212
112242
112272
112302
112332
112362
112392
112422
112452
112482
112512
112542
112572
112602
112632
112662
112692
112722
112752
112782
112812
112842
112872
112903
112933
112963
112993
113023
113053
113083
113113
113143
113173
113203
113233
113263
113293
113323
113353
113383
113413
113443
113473
113503
113533
113562
113592
113622
113652
113668
113698
113728
113758
113788
113818
113848
113878
113908
113938
113968
113998
114028
114058
114088
114118
114148
114181
114211
114242
114272
114302
114332
114359
114389
114419
114449
114479
114509
114539
114569
114599
114629
114659
114689
114719
114749
114779
114809
114839
114861
114891
114922
114952
114982
115012
115050
115080
115110
115140
115170
115200
115230
115260
115290
115320
115350
115380
115410
115440
115470
115500
115541
115571
115602
115632
115662
115692
115711
115741
115771
115801
115831
115861
11589
115891
115921
115951
115981
116011
116041
116071
116101
116131
116161
11619
116191
116221
116251
116282
116312
116342
116372
116402
116432
116462
11649
116492
116522
116552
116582
116612
116642
116672
116702
116732
116762
116792
116822
116852
116882
116901
116931
116962
116992
117022
117052
117093
117123
117153
117183
117213
117243
117273
117303
117333
117363
117393
117423
117453
117483
117513
117543
117581
117611
117650
117680
117710
117740
117770
117800
117830
117860
117890
117920
117950
117980
118010
118040
118070
118100
118130
118160
118190
118220
118250
118280
118310
118341
118371
118401
118431
118461
118491
118521
118551
118581
118611
118641
118671
118701
118731
118761
118791
118821
118851
118881
118911
118941
118971
119002
119032
119062
119092
119122
119152
119182
119212
119242
119272
119302
119332
119362
119392
119422
119452
119482
119512
119542
119572
119602
119632
119662
119694
119724
119754
119784
119814
119844
119874
119904
119934
119964
119994
120024
120054
120084
120114
120144
120174
120204
120234
120264
120294
120324
120354
120386
120416
120446
120476
120506
120536
120566
120596
120626
120656
120686
120716
120746
120776
120806
120836
120866
120896
120926
120956
120986
121016
121048
121078
121108
121138
121168
121198
121228
121258
121288
121318
121348
121378
121408
121438
121468
121498
121528
121558
121588
121618
121648
121678
121708
121741
121771
121801
121831
121861
121891
121921
121951
121981
122011
122041
122071
122101
122131
122161
122191
122221
122251
122281
122311
122341
122371
122404
122434
122464
122494
122524
12253
122554
122584
122614
122644
122674
122704
122734
122764
122794
122824
12283
122854
122884
122914
122944
122974
123004
123034
123064
123098
123128
12313
123158
123188
123218
123248
123278
123308
123338
123368
123398
123428
12343
123458
123488
123518
123548
123578
123608
123638
123668
123698
123728
123763
123793
123823
123853
123883
123913
123943
123973
124003
124033
124063
124093
124123
124153
124183
124213
124243
124273
124303
124333
124363
124393
124423
124458
124488
124518
124548
124578
124608
124638
124668
124698
124728
124758
124788
124818
124848
124878
124908
124938
124968
124998
125028
125058
125088
125124
125154
125184
125214
125244
125274
125304
125334
125364
125394
125424
125454
125484
125514
125544
125574
125604
125634
125664
125694
125724
125754
125784
125821
125851
125881
125911
125941
125971
126001
126031
126061
126091
126121
126151
126181
126211
126241
126271
126301
126331
126361
126391
126421
126451
126489
126519
126549
126579
126609
126639
126669
126699
126729
126759
126789
126819
126849
126879
126909
126939
126969
126999
127029
127059
127089
127119
127149
127188
127218
127248
127278
127308
127338
127368
127398
127428
127458
127488
127518
127548
127578
127608
127638
127668
127698
127728
127758
127788
127818
127858
127888
127918
127948
127978
128008
128038
128068
128098
128128
128158
128188
128218
128248
128278
128308
128338
128368
128398
128428
128458
128488
128529
128559
128589
128619
128649
128679
128709
128739
128769
128799
128829
128859
128889
128919
128949
128979
129009
129039
129069
129099
129129
129159
129201
129231
129261
129291
129321
129351
129381
12941
129411
129441
129471
129501
129531
129561
129591
129621
129651
129681
12971
129711
129741
129771
129801
129831
129861
129904
129934
129964
129994
13001
130024
130054
130084
130114
130144
130174
130204
130234
130264
130294
13031
130324
130354
130384
130414
130444
130474
130504
130534
130579
130609
130639
130669
130699
130729
130759
130789
130819
130849
130879
130909
130939
130969
130999
131029
131059
131089
131119
131149
131179
131209
131255
131285
131315
131345
131375
131405
131435
131465
131495
131525
131555
131585
131615
131645
131675
131705
131735
131765
131795
131825
131855
131885
131932
131962
131992
132022
132052
132082
132112
132142
132172
132202
132232
132262
132292
132322
132352
132382
132412
132442
132472
132502
132532
132562
132611
132641
132671
132701
132731
132761
132791
132821
132851
132881
132911
132941
132971
133001
133031
133061
133091
133121
133151
133181
133211
133241
133291
133321
133351
133381
133411
133441
133471
133501
133531
133561
133591
133621
133651
133681
133711
133741
133771
133801
133831
133861
133891
133921
133973
134003
134033
134063
134093
134123
134153
134183
134213
134243
134273
134303
134333
134363
134393
134423
134453
134483
134513
134543
134573
134603
134656
134686
134716
134746
134776
134806
134836
134866
134896
134926
134956
134986
135016
135046
135076
135106
135136
135166
135196
135226
135256
135286
135341
135371
135401
135431
135461
135491
135521
135551
135581
135611
135641
135671
135701
135731
135761
135791
135821
135851
135881
135911
135941
135971
136027
136057
136087
136117
136147
136177
136207
13623
136237
136267
136297
136327
136357
136387
136417
136447
136477
136507
13653
136537
136567
136597
136627
136685
136715
136745
136775
136805
13683
136835
136865
136895
136925
136955
136985
137015
137045
137075
137105
13713
137135
137165
137195
137225
137255
137285
137315
137375
137405
137435
137465
137495
137525
137555
137585
137615
137645
137675
137705
137735
137765
137795
137825
137855
137885
137915
137945
137975
138005
138067
138097
138127
138157
138187
138217
138247
138277
138307
138337
138367
138397
138427
138457
138487
138517
138547
138577
138607
138637
138667
138731
138761
138791
138821
138851
138881
138911
138941
138971
139001
139031
139061
139091
139121
139151
139181
139211
139241
139271
139301
139331
139361
139427
139457
139487
139517
139547
139577
139607
139637
139667
139697
139727
139757
139787
139817
139847
139877
139907
139937
139967
139997
140027
140095
140125
140155
140185
140215
140245
140275
140305
140335
140365
140395
140425
140455
140485
140515
140545
140575
140605
140635
140665
140695
140765
140795
140825
140855
140885
140915
140945
140975
141005
141035
141065
141095
141125
141155
141185
141215
141245
141275
141305
141335
141365
141395
141467
141497
141527
141557
141587
141617
141647
141677
141707
141737
141767
141797
141827
141857
141887
141917
141947
141977
142007
142037
142067
142141
142171
142201
142231
142261
142291
142321
142351
142381
142411
142441
142471
142501
142531
142561
142591
142621
142651
142681
142711
142741
142817
142847
142877
142907
142937
142967
14299
142997
143027
143057
143087
143117
143147
143177
143207
143237
143267
14329
143297
143327
143357
143387
143417
143496
143526
143556
143586
14359
143616
143646
143676
143706
143736
143766
143796
143826
143856
143886
14389
143916
143946
143976
144006
144036
144066
144096
144177
144207
144237
144267
144297
144327
144357
144387
144417
144447
144477
144507
144537
144567
144597
144627
144657
144687
144717
144747
144777
144860
144890
144920
144950
144980
145010
145040
145070
145100
145130
145160
145190
145220
145250
145280
145310
145340
145370
145400
145430
145460
145546
145576
145606
145636
145666
145696
145726
145756
145786
145816
145846
145876
145906
145936
145966
145996
146026
146056
146086
146116
146204
146234
146264
146294
146324
146354
146384
146414
146444
146474
146504
146534
146564
146594
146624
146654
146684
146714
146744
146774
146804
146895
146925
146955
146985
147015
147045
147075
147105
147135
147165
147195
147225
147255
147285
147315
147345
147375
147405
147435
147465
147495
147589
147619
147649
147679
147709
147739
147769
147799
147829
147859
147889
147919
147949
147979
148009
148039
148069
148099
148129
148159
148255
148285
148315
148345
148375
148405
148435
148465
148495
148525
148555
148585
148615
148645
148675
148705
148735
148765
148795
148825
148924
148954
148984
149014
149044
149074
149104
149134
149164
149194
149224
149254
149284
149314
149344
149374
149404
149434
149464
149494
149524
149626
149656
14968
149686
149716
149746
149776
149806
149836
149866
149896
149926
149956
14998
149986
150016
150046
150076
150106
150136
150166
150196
15028
150301
150331
150361
150391
150421
150451
150481
150511
150541
150571
15058
150601
150631
150661
150691
150721
150751
150781
150811
150841
150871
15088
150978
151008
151038
151068
151098
151128
151158
151188
151218
151248
151278
151308
151338
151368
151398
151428
151458
151488
151518
151548
151658
151688
151718
151748
151778
151808
151838
151868
151898
151928
151958
151988
152018
152048
152078
152108
152138
152168
152198
152228
152341
152371
152401
152431
152461
152491
152521
152551
152581
152611
152641
152671
152701
152731
152761
152791
152821
152851
152881
152911
153027
153057
153087
153117
153147
153177
153207
153237
153267
153297
153327
153357
153387
153417
153447
153477
153507
153537
153567
153687
153717
153747
153777
153807
153837
153867
153897
153927
153957
153987
154017
154047
154077
154107
154137
154167
154197
154227
154257
154380
154410
154440
154470
154500
154530
154560
154590
154620
154650
154680
154710
154740
154770
154800
154830
154860
154890
154920
155046
155076
155106
155136
155166
155196
155226
155256
155286
155316
155346
155376
155406
155436
155466
155496
155526
155556
155586
155616
155745
155775
155805
155835
155865
155895
155925
155955
155985
156015
156045
156075
156105
156135
156165
156195
156225
156255
156285
156417
156447
156477
156507
156537
156567
156597
15661
156627
156657
156687
156717
156747
156777
156807
156837
156867
156897
15691
156927
156957
157093
157123
157153
157183
15721
157213
157243
157273
157303
157333
157363
157393
157423
157453
157483
15751
157513
157543
157573
157603
157633
157772
157802
15781
157832
157862
157892
157922
157952
157982
158012
158042
158072
158102
158132
158162
158192
158222
158252
158282
158312
158454
158484
158514
158544
158574
158604
158634
158664
158694
158724
158754
158784
158814
158844
158874
158904
158934
158964
158994
159140
159170
159200
159230
159260
159290
159320
159350
159380
159410
159440
159470
159500
159530
159560
159590
159620
159650
159800
159830
159860
159890
159920
159950
159980
160010
160040
160070
160100
160130
160160
160190
160220
160250
160280
160310
160340
160493
160523
160553
160583
160613
160643
160673
160703
160733
160763
160793
160823
160853
160883
160913
160943
160973
161003
161160
161190
161220
161250
161280
161310
161340
161370
161400
161430
161460
161490
161520
161550
161580
161610
161640
161670
161700
161860
161890
161920
161950
161980
162010
162040
162070
162100
162130
162160
162190
162220
162250
162280
162310
162340
162370
162534
162564
162594
162624
162654
162684
162714
162744
162774
162804
162834
162864
162894
162924
162954
162984
163014
163044
163212
163242
163272
163302
163332
163362
163392
163422
163452
16348
163482
163512
163542
163572
163602
163632
163662
163692
163722
16378
163894
163924
163954
163984
164014
164044
164074
16408
164104
164134
164164
164194
164224
164254
164284
164314
164344
164374
16438
164404
164580
164610
164640
164670
16468
164700
164730
164760
164790
164820
164850
164880
164910
164940
164970
165000
165030
165060
165090
165269
165299
165329
165359
165389
165419
165449
165479
165509
165539
165569
165599
165629
165659
165689
165719
165749
165932
165962
165992
166022
166052
166082
166112
166142
166172
166202
166232
166262
166292
166322
166352
166382
166412
166442
166629
166659
166689
166719
166749
166779
166809
166839
166869
166899
166929
166959
166989
167019
167049
167079
167109
167300
167330
167360
167390
167420
167450
167480
167510
167540
167570
167600
167630
167660
167690
167720
167750
167780
167975
168005
168035
168065
168095
168125
168155
168185
168215
168245
168275
168305
168335
168365
168395
168425
168455
168655
168685
168715
168745
168775
168805
168835
168865
168895
168925
168955
168985
169015
169045
169075
169105
169135
169339
169369
169399
169429
169459
169489
169519
169549
169579
169609
169639
169669
169699
169729
169759
169789
169819
170027
170057
170087
170117
170147
170177
170207
170237
170267
17029
170297
170327
170357
170387
170417
170447
170477
17059
170689
170719
170749
170779
170809
170839
170869
17089
170899
170929
170959
170989
171019
171049
171079
171109
171139
171169
17119
171386
171416
171446
171476
17149
171506
171536
171566
171596
171626
171656
171686
171716
171746
171776
171806
171836
172057
172087
172117
172147
172177
172207
172237
172267
172297
172327
172357
172387
172417
172447
172477
172507
172732
172762
172792
172822
172852
172882
172912
172942
172972
173002
173032
173062
173092
173122
173152
173182
173412
173442
173472
173502
173532
173562
173592
173622
173652
173682
173712
173742
173772
173802
173832
173862
174096
174126
174156
174186
174216
174246
174276
174306
174336
174366
174396
174426
174456
174486
174516
174546
174785
174815
174845
174875
174905
174935
174965
174995
175025
175055
175085
175115
175145
175175
175205
175448
175478
175508
175538
175568
175598
175628
175658
175688
175718
175748
175778
175808
175838
175868
175898
176146
176176
176206
176236
176266
176296
176326
176356
176386
176416
176446
176476
176506
176536
176566
176818
176848
176878
176908
176938
176968
176998
177028
17704
177058
177088
177118
177148
177178
177208
177238
17734
177495
177525
177555
177585
177615
17764
177645
177675
177705
177735
177765
177795
177825
177855
177885
177915
17794
178177
178207
178237
17824
178267
178297
178327
178357
178387
178417
178447
178477
178507
178537
178567
178597
178863
178893
178923
178953
178983
179013
179043
179073
179103
179133
179163
179193
179223
179253
179524
179554
179584
179614
179644
179674
179704
179734
179764
179794
179824
179854
179884
179914
179944
180220
180250
180280
180310
180340
180370
180400
180430
180460
180490
180520
180550
180580
180610
180891
180921
180951
180981
181011
181041
181071
181101
181131
181161
181191
181221
181251
181281
181567
181597
181627
181657
181687
181717
181747
181777
181807
181837
181867
181897
181927
181957
182248
182278
182308
182338
182368
182398
182428
182458
182488
182518
182548
182578
182608
182638
182934
182964
182994
183024
183054
183084
183114
183144
183174
183204
183234
183264
183294
183324
183625
183655
183685
183715
18373
183745
183775
183805
183835
183865
183895
183925
183955
183985
18403
184291
184321
18433
184351
184381
184411
184441
184471
184501
184531
184561
184591
184621
18463
184651
18493
184962
184992
185022
185052
185082
185112
185142
185172
185202
18523
185232
185262
185292
185322
185352
185668
185698
185728
185758
185788
185818
185848
185878
185908
185938
185968
185998
186028
186349
186379
186409
186439
186469
186499
186529
186559
186589
186619
186649
186679
187005
187035
187065
187095
187125
187155
187185
187215
187245
187275
187305
187335
187365
187696
187726
187756
187786
187816
187846
187876
187906
187936
187966
187996
188026
188363
188393
188423
188453
188483
188513
188543
188573
188603
188633
188663
188693
188723
189065
189095
189125
189155
189185
189215
189245
189275
189305
189335
189365
189395
189742
189772
189802
189832
189862
189892
189922
189952
189982
190012
190042
190072
190425
190455
190485
190515
190545
190575
190605
190635
19066
190665
190695
190725
19096
191083
191113
191143
191173
191203
191233
19126
191263
191293
191323
191353
191383
191413
19156
191776
191806
191836
19186
191866
191896
191926
191956
191986
192016
192046
192076
192445
192475
192505
192535
192565
192595
192625
192655
192685
192715
192745
192775
193149
193179
193209
193239
193269
193299
193329
193359
193389
193419
193449
193829
193859
193889
193919
193949
193979
194009
194039
194069
194099
194484
194514
194544
194574
194604
194634
194664
194694
194724
194754
194784
195175
195205
195235
195265
195295
195325
195355
195385
195415
195445
195841
195871
195901
195931
195961
195991
196021
196051
196081
196111
196141
196543
196573
196603
196633
196663
196693
196723
196753
196783
196813
197220
19723
197250
197280
197310
197340
197370
197400
197430
197460
197490
19753
19783
197903
197933
197963
197993
198023
198053
198083
198113
19813
198143
19843
198562
198592
198622
198652
198682
198712
19873
198742
198772
198802
198832
199256
199286
199316
199346
199376
199406
199436
199466
199496
199926
199956
199986
200016
200046
200076
200106
200136
200166
200602
200632
200662
200692
200722
200752
200782
200812
200842
201284
201314
201344
201374
201404
201434
201464
201494
201524
201971
202001
202031
202061
202091
202121
202151
202181
202211
202664
202694
202724
202754
202784
202814
202844
202874
203333
203363
203393
203423
203453
203483
203513
203543
204008
20403
204038
204068
204098
204128
204158
204188
204218
20433
20463
204689
204719
204749
204779
204809
204839
204869
204899
20493
20523
205376
205406
205436
205466
205496
2055
205526
20553
205556
205586
20583
206069
206099
206129
206159
206189
206219
206249
206737
206767
206797
206827
206857
206887
206917
207411
207441
207471
207501
207531
207561
207591
208091
208121
208151
208181
208211
208241
208271
208777
208807
208837
208867
208897
208927
208957
209469
209499
209529
209559
209589
209619
210137
210167
210197
210227
210257
210287
210811
210841
210871
210901
210931
210961
21107
21137
211491
211521
211551
211581
211611
211641
21167
21197
212178
212208
212238
212268
21227
212298
21257
212841
212871
212901
212931
212961
212991
213540
213570
213600
213630
213660
214215
214245
214275
214305
214335
214896
214926
214956
214986
215016
215583
215613
215643
215673
216246
216276
216306
216336
216366
216945
216975
217005
217035
217621
217651
217681
217711
21775
21805
218303
218333
21835
218363
21865
21895
218961
218991
219021
219051
21925
21955
219655
219685
219715
220325
220355
220385
221002
221032
221062
221685
221715
221745
222374
222404
222434
223069
223099
223741
223771
224419
224449
22467
22497
225103
22527
22557
225763
225793
22587
22617
226460
227133
227812
228497
23123
23153
23183
23213
23243
23273
23303
23803
23833
23863
23893
23923
23953
23983
24013
24507
24537
24567
24597
24627
24657
24687
25175
25205
25235
25265
25295
25325
25355
25385
25868
25898
25928
25958
25988
26018
26048
26525
26555
26585
26615
26645
26675
26705
26735
27206
27236
27266
27296
27326
27356
27386
27416
27881
27911
27941
27971
28001
28031
28061
28091
28121
28580
28610
28640
28670
28700
28730
28760
28790
29243
29273
29303
29333
29363
29393
29423
29453
29483
29930
29960
29990
30020
30050
30080
30110
30140
30170
30612
30642
30672
30702
30732
30762
30792
30822
30852
31288
31318
31348
31378
31408
31438
31468
31498
31528
31558
31988
32018
32048
32078
32108
32138
32168
32198
32228
32652
32682
32712
32742
32772
32802
32832
32862
32892
32922
33341
33371
33401
33431
33461
33491
33521
33551
33581
33611
3402
34024
34054
34084
34114
34144
34174
34204
34234
34264
34294
34701
34731
34761
34791
34821
34851
34881
34911
34941
34971
35373
35403
35433
35463
35493
35523
35553
35583
35613
35643
35673
36069
36099
36129
36159
36189
36219
36249
36279
36309
36339
36730
36760
36790
36820
36850
36880
36910
36940
36970
37000
37030
37415
37445
37475
37505
37535
37565
37595
37625
37655
37685
37715
38095
38125
38155
38185
38215
38245
38275
38305
38335
38365
38395
38769
38799
38829
38859
38889
38919
38949
38979
39009
39039
39069
39099
39468
39498
39528
39558
39588
39618
39648
39678
39708
39738
39768
40131
40161
40191
40221
40251
40281
40311
40341
40371
40401
40431
40461
4081
40819
40849
40879
40909
40939
40969
40999
41029
41059
41089
4111
41119
41149
41502
41532
41562
41592
41622
41652
41682
41712
41742
41772
41802
41832
42179
42209
42239
42269
42299
42329
42359
42389
42419
42449
42479
42509
42851
42881
42911
42941
42971
43001
43031
43061
43091
43121
43151
43181
43211
43548
43578
43608
43638
43668
43698
43728
43758
43788
43818
43848
43878
44209
44239
44269
44299
44329
44359
44389
44419
44449
44479
44509
44539
44569
44895
44925
44955
44985
45015
45045
45075
45105
45135
45165
45195
45225
45255
45576
45606
45636
45666
45696
45726
45756
45786
45816
45846
45876
45906
45936
46252
46282
46312
46342
46372
46402
46432
46462
46492
46522
46552
46582
46612
46923
46953
46983
47013
47043
47073
47103
47133
47163
47193
47223
47253
47283
47313
47619
47649
47679
47709
47739
47769
47799
47829
4784
47859
47889
47919
47949
47979
48280
48310
48340
48370
48400
48430
48460
48490
48520
48550
48580
48610
48640
48670
48966
48996
49026
49056
49086
49116
49146
49176
49206
49236
49266
49296
49326
49356
49647
49677
49707
49737
49767
49797
49827
49857
49887
49917
49947
49977
50007
50037
50323
50353
50383
50413
50443
50473
50503
50533
50563
50593
50623
50653
50683
50713
50743
51024
51054
51084
51114
51144
51174
51204
51234
51264
51294
51324
51354
51384
51414
51690
51720
51750
51780
51810
51840
51870
51900
51930
51960
51990
52020
52050
52080
52110
52381
52411
52441
52471
52501
52531
52561
52591
52621
52651
52681
52711
52741
52771
52801
53067
53097
53127
53157
53187
53217
53247
53277
53307
53337
53367
53397
53427
53457
53487
53749
53779
53809
53839
53869
53899
53929
53959
53989
54019
54049
54079
54109
54139
54169
54426
54456
54486
5451
54516
54546
54576
54606
54636
54666
54696
54726
54756
54786
5481
54816
54846
55098
55128
55158
55188
55218
55248
55278
55308
55338
55368
55398
55428
55458
55488
55518
55766
55796
55826
55856
55886
55916
55946
55976
56006
56036
56066
56096
56126
56156
56186
56216
56459
56489
56519
56549
56579
56609
56639
56669
56699
56729
56759
56789
56819
56849
56879
56909
57148
57178
57208
57238
57268
57298
57328
57358
57388
57418
57448
57478
57508
57538
57568
57802
57832
57862
57892
57922
57952
57982
58012
58042
58072
58102
58132
58162
58192
58222
58252
58482
58512
58542
58572
58602
58632
58662
58692
58722
58752
58782
58812
58842
58872
58902
58932
58962
59187
59217
59247
59277
59307
59337
59367
59397
59427
59457
59487
59517
59547
59577
59607
59637
59858
59888
59918
59948
59978
60008
60038
60068
60098
60128
60158
60188
60218
60248
60278
60308
60525
60555
60585
60615
60645
60675
60705
60735
60765
60795
60825
60855
60885
60915
60945
60975
61005
61217
61247
61277
61307
61337
61367
61397
6141
61427
61457
61487
61517
61547
61577
61607
61637
61667
61697
6171
61905
61935
61965
61995
62025
62055
62085
62115
62145
62175
62205
62235
62265
62295
62325
62355
62385
62589
62619
62649
62679
62709
62739
62769
62799
62829
62859
62889
62919
62949
62979
63009
63039
63069
63269
63299
63329
63359
63389
63419
63449
63479
63509
63539
63569
63599
63629
63659
63689
63719
63749
63944
63974
64004
64034
64064
64094
64124
64154
64184
64214
64244
64274
64304
64334
64364
64394
64424
64615
64645
64675
64705
64735
64765
64795
64825
64855
64885
64915
64945
64975
65005
65035
65065
65095
65282
65312
65342
65372
65402
65432
65462
65492
65522
65552
65582
65612
65642
65672
65702
65732
65762
65792
65975
66005
66035
66065
66095
66125
66155
66185
66215
66245
66275
66305
66335
66365
66395
66425
66455
66485
66664
66694
66724
66754
66784
66814
66844
66874
66904
66934
66964
66994
67024
67054
67084
67114
67144
67320
67350
67380
67410
67440
67470
67500
67530
67560
67590
67620
67650
67680
67710
67740
67770
67800
67830
68002
68032
68062
68092
68122
68152
68182
682
68212
68242
6825
68272
68302
68332
68362
68392
68422
68452
68482
68512
6855
68680
68710
68740
68770
68800
68830
68860
68890
68920
68950
68980
69010
69040
69070
69100
69130
69160
69190
69220
69384
69414
69444
69474
69504
69534
69564
69594
69624
69654
69684
69714
69744
69774
69804
69834
69864
69894
70054
70084
70114
70144
70174
70204
70234
70264
70294
70324
70354
70384
70414
70444
70474
70504
70534
70564
70721
70751
70781
70811
70841
70871
70901
70931
70961
70991
71021
71051
71081
71111
71141
71171
71201
71231
71261
71414
71444
71474
71504
71534
71564
71594
71624
71654
71684
71714
71744
71774
71804
71834
71864
71894
71924
71954
72104
72134
72164
72194
72224
72254
72284
72314
72344
72374
72404
72434
72464
72494
72524
72554
72584
72614
72760
72790
72820
72850
72880
72910
72940
72970
73000
73030
73060
73090
73120
73150
73180
73210
73240
73270
73300
73442
73472
73502
73532
73562
73592
73622
73652
73682
73712
73742
73772
73802
73832
73862
73892
73922
73952
73982
74121
74151
74181
74211
74241
74271
74301
74331
74361
74391
74421
74451
74481
74511
74541
74571
74601
74631
74661
74691
74827
74857
74887
74917
74947
74977
75007
7503
75037
75067
75097
75127
75157
75187
75217
75247
75277
75307
7533
75337
75367
75499
75529
75559
75589
75619
75649
75679
75709
75739
75769
75799
75829
75859
75889
75919
75949
75979
76009
76039
76168
76198
76228
76258
76288
76318
76348
76378
76408
76438
76468
76498
76528
76558
76588
76618
76648
76678
76708
76738
76864
76894
76924
76954
76984
77014
77044
77074
77104
77134
77164
77194
77224
77254
77284
77314
77344
77374
77404
77527
77557
77587
77617
77647
77677
77707
77737
77767
77797
77827
77857
77887
77917
77947
77977
78007
78037
78067
78097
78217
78247
78277
78307
78337
78367
78397
78427
78457
78487
78517
78547
78577
78607
78637
78667
78697
78727
78757
78787
78903
78933
78963
78993
79023
79053
79083
79113
79143
79173
79203
79233
79263
79293
79323
79353
79383
79413
79443
79473
79586
79616
79646
79676
79706
79736
79766
79796
79826
79856
79886
79916
79946
79976
80006
80036
80066
80096
80126
80156
80266
80296
80326
80356
80386
80416
80446
80476
80506
80536
80566
80596
80626
80656
80686
80716
80746
80776
80806
80836
80943
80973
81003
81033
81063
81093
81123
81153
81183
81213
81243
81273
81303
81333
81363
81393
81423
81453
81483
81513
81618
81648
81678
81708
81738
8175
81768
81798
81828
81858
81888
81918
81948
81978
82008
82038
8205
82068
82098
82128
82158
82188
82290
82320
82350
82380
82410
82440
82470
82500
82530
82560
82590
82620
82650
82680
82710
82740
82770
82800
82830
82860
82890
82989
83019
83049
83079
83109
83139
83169
83199
83229
83259
83289
83319
83349
83379
83409
83439
83469
83499
83529
83559
83655
83685
83715
83745
83775
83805
83835
83865
83895
83925
83955
83985
84015
84045
84075
84105
84135
84165
84195
84225
84255
84349
84379
84409
84439
84469
84499
84529
84559
84589
84619
84649
84679
84709
84739
84769
84799
84829
84859
84889
84919
85010
85040
85070
85100
85130
85160
85190
85220
85250
85280
85310
85340
85370
85400
85430
85460
85490
85520
85550
85580
85610
85698
85728
85758
85788
85818
85848
85878
85908
85938
85968
85998
86028
86058
86088
86118
86148
86178
86208
86238
86268
86298
86384
86414
86444
86474
86504
86534
86564
86594
86624
86654
86684
86714
86744
86774
86804
86834
86864
86894
86924
86954
86984
87067
87097
87127
87157
87187
87217
87247
87277
87307
87337
87367
87397
87427
87457
87487
87517
87547
87577
87607
87637
87667
87748
87778
87808
87838
87868
87898
87928
87958
87988
88018
88048
88078
88108
88138
88168
88198
88228
88258
88288
88318
88348
8840
88427
88457
88487
88517
88547
88577
88607
88637
88667
88697
8870
88727
88757
88787
88817
88847
88877
88907
88937
88967
88997
8900
89027
89103
89133
89163
89193
89223
89253
89283
89313
89343
89373
89403
89433
89463
89493
89523
89553
89583
89613
89643
89673
89703
89777
89807
89837
89867
89897
89927
89957
89987
90017
90047
90077
90107
90137
90167
90197
90227
90257
90287
90317
90347
90377
90449
90479
90509
90539
90569
90599
90629
90659
90689
90719
90749
90779
90809
90839
90869
90899
90929
90959
90989
91019
91049
91079
91149
91179
91209
91239
91269
91299
91329
91359
91389
91419
91449
91479
91509
91539
91569
91599
91629
91659
91689
91719
91749
91817
91847
91877
91907
91937
91967
91997
92027
92057
92087
92117
92147
92177
92207
92237
92267
92297
92327
92357
92387
92417
92483
92513
92543
92573
92603
92633
92663
92693
92723
92753
92783
92813
92843
92873
92903
92933
92963
92993
93023
93053
93083
93113
93177
93207
93237
93267
93297
93327
93357
93387
93417
93447
93477
93507
93537
93567
93597
93627
93657
93687
93717
93747
93777
93807
93869
93899
93929
93959
93989
94019
94049
94079
94109
94139
94169
94199
94229
94259
94289
94319
94349
94379
94409
94439
94469
94529
94559
94589
94619
94649
94679
94709
94739
94769
94799
94829
94859
94889
94919
94949
94979
95009
95039
95069
95099
95129
95159
95217
95247
95277
9529
95307
95337
95367
95397
95427
95457
95487
95517
95547
95577
9559
95607
95637
95667
95697
95727
95757
95787
95817
95847
9589
95903
95933
95963
95993
96023
96053
96083
96113
96143
96173
96203
96233
96263
96293
96323
96353
96383
96413
96443
96473
96503
96533
96588
96618
96648
96678
96708
96738
96768
96798
96828
96858
96888
96918
96948
96978
97008
97038
97068
97098
97128
97158
97188
97241
97271
97301
97331
97361
97391
97421
97451
97481
97511
97541
97571
97601
97631
97661
97691
97721
97751
97781
97811
97841
97871
97923
97953
97983
98013
98043
98073
98103
98133
98163
98193
98223
98253
98283
98313
98343
98373
98403
98433
98463
98493
98523
98553
98603
98633
98663
98693
98723
98753
98783
98813
98843
98873
98903
98933
98963
98993
99023
99053
99083
99113
99143
99173
99203
99233
99282
99312
99342
99372
99402
99432
99462
99492
99522
99552
99582
99612
99642
99672
99702
99732
99762
99792
99822
99852
99882
99912
99942
99989
