100005
100035
100065
100095
100125
100155
100185
100215
100245
100275
100305
100335
100365
100395
100425
100455
100485
100515
100545
100575
100605
100651
100681
100711
100741
100771
100801
100831
100861
100891
100921
100951
100981
101011
101041
101071
101101
101131
101161
101191
101221
101251
101281
101326
101356
101386
101416
101446
101476
101506
101536
101566
101596
101626
101656
101686
101716
101746
101776
101806
101836
101866
101896
101926
101956
101986
102029
102059
102089
102119
102149
102179
102209
102239
102269
10228
102299
102329
102359
102389
102419
102449
102479
102509
102539
102569
10258
102599
102629
102659
102701
102731
102761
102791
102821
102851
10288
102881
102911
102941
102971
103001
103031
103061
103091
103121
103151
103181
103211
103241
103271
103301
103331
103372
103402
103432
103462
103492
103522
103552
103582
103612
103642
103672
103702
103732
103762
103792
103822
103852
103882
103912
103942
103972
104002
104042
104072
104102
104132
104162
104192
104222
104252
104282
104312
104342
104372
104402
104432
104462
104492
104522
104552
104582
104612
104642
104672
104702
104741
104771
104801
104831
104861
104891
104921
104951
104981
105011
105041
105071
105101
105131
105161
105191
105221
105251
105281
105311
105341
105371
105409
105439
105469
105499
105529
105559
105589
105619
105649
105679
105709
105739
105769
105799
105829
105859
105889
105919
105949
105979
106009
106039
106069
106106
106136
106166
106196
106226
106256
106286
106316
106346
106376
106406
106436
106466
106496
106526
106556
106586
106616
106646
106676
106706
106736
106772
106802
106832
106862
106892
106922
106952
106982
107012
107042
107072
107102
107132
107162
107192
107222
107252
107282
107312
107342
107372
107402
107432
107467
107497
107527
107557
107587
107617
107647
107677
107707
107737
107767
107797
107827
107857
107887
107917
107947
107977
108007
108037
108067
108097
108132
108162
108192
108222
108252
108282
108312
108342
108372
108402
108432
108462
108492
108522
108552
108582
108612
108642
108672
108702
108732
108762
108792
108826
108856
108886
108916
108946
108976
109006
109036
10905
109066
109096
109126
109156
109186
109216
109246
109276
109306
109336
10935
109366
109396
109426
109456
109489
109519
109549
109579
109609
109639
10965
109669
109699
109729
109759
109789
109819
109849
109879
109909
109939
109969
109999
110029
110059
110089
110119
110149
110182
110212
110242
110272
110302
110332
110362
110392
110422
110452
110482
110512
110542
110572
110602
110632
110662
110692
110722
110752
110782
110812
110844
110874
110904
110934
110964
110994
111024
111054
111084
111114
111144
111174
111204
111234
111264
111294
111324
111354
111384
111414
111444
111474
111504
111536
111566
111596
111626
111656
111686
111716
111746
111776
111806
111836
111866
111896
111926
111956
111986
112016
112046
112076
112106
112136
112166
112196
112228
112258
112288
112318
112348
112378
112408
112438
112468
112498
112528
112558
112588
112618
112648
112678
112708
112738
112768
112798
112828
112858
112889
112919
112949
112979
113009
113039
113069
113099
113129
113159
113189
113219
113249
113279
113309
113339
113369
113399
113429
113459
113489
113519
113549
113578
113608
113638
113684
113714
113744
113774
113804
113834
113864
113894
113924
113954
113984
114014
114044
114074
114104
114134
114167
114197
114227
114258
114288
114318
114345
114375
114405
114435
114465
114495
114525
114555
114585
114615
114645
114675
114705
114735
114765
114795
114825
114847
114877
114907
114938
114968
114998
115036
115066
115096
115126
115156
115186
115216
115246
115276
115306
115336
115366
115396
115426
115456
115486
115516
115527
115557
115587
115618
115648
115678
115727
11575
115757
115787
115817
115847
115877
115907
115937
115967
115997
116027
11605
116057
116087
116117
116147
116177
116207
116237
116267
116298
116328
11635
116358
116388
116418
116448
116478
116508
116538
116568
116598
116628
11665
116658
116688
116718
116748
116778
116808
116838
116868
116887
116917
116947
116978
117008
117038
117079
117109
117139
117169
117199
117229
117259
117289
117319
117349
117379
117409
117439
117469
117499
117529
117559
117567
117597
117627
117666
117696
117726
117756
117786
117816
117846
117876
117906
117936
117966
117996
118026
118056
118086
118116
118146
118176
118206
118236
118266
118296
118327
118357
118387
118417
118447
118477
118507
118537
118567
118597
118627
118657
118687
118717
118747
118777
118807
118837
118867
118897
118927
118957
118987
119018
119048
119078
119108
119138
119168
119198
119228
119258
119288
119318
119348
119378
119408
119438
119468
119498
119528
119558
119588
119618
119648
119680
119710
119740
119770
119800
119830
119860
119890
119920
119950
119980
120010
120040
120070
120100
120130
120160
120190
120220
120250
120280
120310
120340
120372
120402
120432
120462
120492
120522
120552
120582
120612
120642
120672
120702
120732
120762
120792
120822
120852
120882
120912
120942
120972
121002
121032
121064
121094
121124
121154
121184
121214
121244
121274
121304
121334
121364
121394
121424
121454
121484
121514
121544
121574
121604
121634
121664
121694
121727
121757
121787
121817
121847
121877
121907
121937
121967
121997
122027
122057
122087
122117
122147
122177
122207
122237
122267
122297
122327
122357
122387
122420
122450
122480
122510
122540
122570
122600
122630
122660
12269
122690
122720
122750
122780
122810
122840
122870
122900
122930
122960
12299
122990
123020
123050
123084
123114
123144
123174
123204
123234
123264
12329
123294
123324
123354
123384
123414
123444
123474
123504
123534
123564
123594
123624
123654
123684
123714
123744
123779
123809
123839
123869
123899
123929
123959
123989
124019
124049
124079
124109
124139
124169
124199
124229
124259
124289
124319
124349
124379
124409
124444
124474
124504
124534
124564
124594
124624
124654
124684
124714
124744
124774
124804
124834
124864
124894
124924
124954
124984
125014
125044
125074
125104
125140
125170
125200
125230
125260
125290
125320
125350
125380
125410
125440
125470
125500
125530
125560
125590
125620
125650
125680
125710
125740
125770
125807
125837
125867
125897
125927
125957
125987
126017
126047
126077
126107
126137
126167
126197
126227
126257
126287
126317
126347
126377
126407
126437
126467
126505
126535
126565
126595
126625
126655
126685
126715
126745
126775
126805
126835
126865
126895
126925
126955
126985
127015
127045
127075
127105
127135
127174
127204
127234
127264
127294
127324
127354
127384
127414
127444
127474
127504
127534
127564
127594
127624
127654
127684
127714
127744
127774
127804
127844
127874
127904
127934
127964
127994
128024
128054
128084
128114
128144
128174
128204
128234
128264
128294
128324
128354
128384
128414
128444
128474
128504
128545
128575
128605
128635
128665
128695
128725
128755
128785
128815
128845
128875
128905
128935
128965
128995
129025
129055
129085
129115
129145
129175
129217
129247
12927
129277
129307
129337
129367
129397
129427
129457
129487
129517
129547
12957
129577
129607
129637
129667
129697
129727
129757
129787
129817
129847
12987
129890
129920
129950
129980
130010
130040
130070
130100
130130
130160
13017
130190
130220
130250
130280
130310
130340
130370
130400
130430
130460
130490
130520
130565
130595
130625
130655
130685
130715
130745
130775
130805
130835
130865
130895
130925
130955
130985
131015
131045
131075
131105
131135
131165
131195
131241
131271
131301
131331
131361
131391
131421
131451
131481
131511
131541
131571
131601
131631
131661
131691
131721
131751
131781
131811
131841
131871
131901
131948
131978
132008
132038
132068
132098
132128
132158
132188
132218
132248
132278
132308
132338
132368
132398
132428
132458
132488
132518
132548
132578
132627
132657
132687
132717
132747
132777
132807
132837
132867
132897
132927
132957
132987
133017
133047
133077
133107
133137
133167
133197
133227
133257
133307
133337
133367
133397
133427
133457
133487
133517
133547
133577
133607
133637
133667
133697
133727
133757
133787
133817
133847
133877
133907
133937
133989
134019
134049
134079
134109
134139
134169
134199
134229
134259
134289
134319
134349
134379
134409
134439
134469
134499
134529
134559
134589
134642
134672
134702
134732
134762
134792
134822
134852
134882
134912
134942
134972
135002
135032
135062
135092
135122
135152
135182
135212
135242
135272
135327
135357
135387
135417
135447
135477
135507
135537
135567
135597
135627
135657
135687
135717
135747
135777
135807
135837
135867
135897
135927
135957
136013
136043
136073
13609
136103
136133
136163
136193
136223
136253
136283
136313
136343
136373
13639
136403
136433
136463
136493
136523
136553
136583
136613
136643
13669
136701
136731
136761
136791
136821
136851
136881
136911
136941
136971
13699
137001
137031
137061
137091
137121
137151
137181
137211
137241
137271
137301
137361
137391
137421
137451
137481
137511
137541
137571
137601
137631
137661
137691
137721
137751
137781
137811
137841
137871
137901
137931
137961
137991
138053
138083
138113
138143
138173
138203
138233
138263
138293
138323
138353
138383
138413
138443
138473
138503
138533
138563
138593
138623
138653
138683
138747
138777
138807
138837
138867
138897
138927
138957
138987
139017
139047
139077
139107
139137
139167
139197
139227
139257
139287
139317
139347
139413
139443
139473
139503
139533
139563
139593
139623
139653
139683
139713
139743
139773
139803
139833
139863
139893
139923
139953
139983
140013
140081
140111
140141
140171
140201
140231
140261
140291
140321
140351
140381
140411
140441
140471
140501
140531
140561
140591
140621
140651
140681
140711
140781
140811
140841
140871
140901
140931
140961
140991
141021
141051
141081
141111
141141
141171
141201
141231
141261
141291
141321
141351
141381
141453
141483
141513
141543
141573
141603
141633
141663
141693
141723
141753
141783
141813
141843
141873
141903
141933
141963
141993
142023
142053
142127
142157
142187
142217
142247
142277
142307
142337
142367
142397
142427
142457
142487
142517
142547
142577
142607
142637
142667
142697
142727
142803
142833
14285
142863
142893
142923
142953
142983
143013
143043
143073
143103
143133
14315
143163
143193
143223
143253
143283
143313
143343
143373
143403
14345
143482
143512
143542
143572
143602
143632
143662
143692
143722
14375
143752
143782
143812
143842
143872
143902
143932
143962
143992
144022
14405
144052
144082
144163
144193
144223
144253
144283
144313
144343
144373
144403
144433
144463
144493
144523
144553
144583
144613
144643
144673
144703
144733
144763
144846
144876
144906
144936
144966
144996
145026
145056
145086
145116
145146
145176
145206
145236
145266
145296
145326
145356
145386
145416
145446
145532
145562
145592
145622
145652
145682
145712
145742
145772
145802
145832
145862
145892
145922
145952
145982
146012
146042
146072
146102
146132
146220
146250
146280
146310
146340
146370
146400
146430
146460
146490
146520
146550
146580
146610
146640
146670
146700
146730
146760
146790
146881
146911
146941
146971
147001
147031
147061
147091
147121
147151
147181
147211
147241
147271
147301
147331
147361
147391
147421
147451
147481
147575
147605
147635
147665
147695
147725
147755
147785
147815
147845
147875
147905
147935
147965
147995
148025
148055
148085
148115
148145
148241
148271
148301
148331
148361
148391
148421
148451
148481
148511
148541
148571
148601
148631
148661
148691
148721
148751
148781
148811
148841
148940
148970
149000
149030
149060
149090
149120
149150
149180
149210
149240
149270
149300
149330
149360
149390
149420
149450
149480
149510
149612
149642
149672
149702
149732
149762
149792
149822
14984
149852
149882
149912
149942
149972
150002
150032
150062
150092
150122
15014
150152
150182
150287
150317
150347
150377
150407
150437
15044
150467
150497
150527
150557
150587
150617
150647
150677
150707
150737
15074
150767
150797
150827
150857
150964
150994
151024
151054
151084
151114
151144
151174
151204
151234
151264
151294
151324
151354
151384
151414
151444
151474
151504
151534
151644
151674
151704
151734
151764
151794
151824
151854
151884
151914
151944
151974
152004
152034
152064
152094
152124
152154
152184
152214
152327
152357
152387
152417
152447
152477
152507
152537
152567
152597
152627
152657
152687
152717
152747
152777
152807
152837
152867
152897
153013
153043
153073
153103
153133
153163
153193
153223
153253
153283
153313
153343
153373
153403
153433
153463
153493
153523
153553
153583
153703
153733
153763
153793
153823
153853
153883
153913
153943
153973
154003
154033
154063
154093
154123
154153
154183
154213
154243
154366
154396
154426
154456
154486
154516
154546
154576
154606
154636
154666
154696
154726
154756
154786
154816
154846
154876
154906
154936
155062
155092
155122
155152
155182
155212
155242
155272
155302
155332
155362
155392
155422
155452
155482
155512
155542
155572
155602
155731
155761
155791
155821
155851
155881
155911
155941
155971
156001
156031
156061
156091
156121
156151
156181
156211
156241
156271
156403
156433
156463
15647
156493
156523
156553
156583
156613
156643
156673
156703
156733
156763
15677
156793
156823
156853
156883
156913
156943
156973
15707
157109
157139
157169
157199
157229
157259
157289
157319
157349
15737
157379
157409
157439
157469
157499
157529
157559
157589
157619
157649
15767
157788
157818
157848
157878
157908
157938
157968
157998
158028
158058
158088
158118
158148
158178
158208
158238
158268
158298
158440
158470
158500
158530
158560
158590
158620
158650
158680
158710
158740
158770
158800
158830
158860
158890
158920
158950
158980
159126
159156
159186
159216
159246
159276
159306
159336
159366
159396
159426
159456
159486
159516
159546
159576
159606
159636
159666
159816
159846
159876
159906
159936
159966
159996
160026
160056
160086
160116
160146
160176
160206
160236
160266
160296
160326
160356
160509
160539
160569
160599
160629
160659
160689
160719
160749
160779
160809
160839
160869
160899
160929
160959
160989
161019
161176
161206
161236
161266
161296
161326
161356
161386
161416
161446
161476
161506
161536
161566
161596
161626
161656
161686
161846
161876
161906
161936
161966
161996
162026
162056
162086
162116
162146
162176
162206
162236
162266
162296
162326
162356
162520
162550
162580
162610
162640
162670
162700
162730
162760
162790
162820
162850
162880
162910
162940
162970
163000
163030
163060
163228
163258
163288
163318
16334
163348
163378
163408
163438
163468
163498
163528
163558
163588
163618
16364
163648
163678
163708
163880
163910
16394
163940
163970
164000
164030
164060
164090
164120
164150
164180
164210
16424
164240
164270
164300
164330
164360
164390
16454
164566
164596
164626
164656
164686
164716
164746
164776
164806
164836
164866
164896
164926
164956
164986
165016
165046
165076
165255
165285
165315
165345
165375
165405
165435
165465
165495
165525
165555
165585
165615
165645
165675
165705
165735
165765
165948
165978
166008
166038
166068
166098
166128
166158
166188
166218
166248
166278
166308
166338
166368
166398
166428
166615
166645
166675
166705
166735
166765
166795
166825
166855
166885
166915
166945
166975
167005
167035
167065
167095
167286
167316
167346
167376
167406
167436
167466
167496
167526
167556
167586
167616
167646
167676
167706
167736
167766
167961
167991
168021
168051
168081
168111
168141
168171
168201
168231
168261
168291
168321
168351
168381
168411
168441
168641
168671
168701
168731
168761
168791
168821
168851
168881
168911
168941
168971
169001
169031
169061
169091
169121
169325
169355
169385
169415
169445
169475
169505
169535
169565
169595
169625
169655
169685
169715
169745
169775
169805
170013
170043
170073
170103
170133
17015
170163
170193
170223
170253
170283
170313
170343
170373
170403
170433
17045
170463
170493
170705
170735
17075
170765
170795
170825
170855
170885
170915
170945
170975
171005
171035
17105
171065
171095
171125
171155
17135
171372
171402
171432
171462
171492
171522
171552
171582
171612
171642
171672
171702
171732
171762
171792
171822
172043
172073
172103
172133
172163
172193
172223
172253
172283
172313
172343
172373
172403
172433
172463
172493
172523
172748
172778
172808
172838
172868
172898
172928
172958
172988
173018
173048
173078
173108
173138
173168
173198
173428
173458
173488
173518
173548
173578
173608
173638
173668
173698
173728
173758
173788
173818
173848
174082
174112
174142
174172
174202
174232
174262
174292
174322
174352
174382
174412
174442
174472
174502
174532
174771
174801
174831
174861
174891
174921
174951
174981
175011
175041
175071
175101
175131
175161
175191
175221
175464
175494
175524
175554
175584
175614
175644
175674
175704
175734
175764
175794
175824
175854
175884
176132
176162
176192
176222
176252
176282
176312
176342
176372
176402
176432
176462
176492
176522
176552
176804
176834
176864
176894
17690
176924
176954
176984
177014
177044
177074
177104
177134
177164
177194
17720
177224
177481
17750
177511
177541
177571
177601
177631
177661
177691
177721
177751
177781
17780
177811
177841
177871
177901
17810
178163
178193
178223
178253
178283
178313
178343
178373
17840
178403
178433
178463
178493
178523
178553
178583
178849
178879
178909
178939
178969
178999
179029
179059
179089
179119
179149
179179
179209
179239
179269
179540
179570
179600
179630
179660
179690
179720
179750
179780
179810
179840
179870
179900
179930
180206
180236
180266
180296
180326
180356
180386
180416
180446
180476
180506
180536
180566
180596
180626
180907
180937
180967
180997
181027
181057
181087
181117
181147
181177
181207
181237
181267
181297
181583
181613
181643
181673
181703
181733
181763
181793
181823
181853
181883
181913
181943
181973
182264
182294
182324
182354
182384
182414
182444
182474
182504
182534
182564
182594
182624
182920
182950
182980
183010
183040
183070
183100
183130
183160
183190
183220
183250
183280
183310
183611
183641
183671
183701
183731
183761
183791
183821
183851
183881
18389
183911
183941
183971
184001
18419
184307
184337
184367
184397
184427
184457
184487
18449
184517
184547
184577
184607
184637
184667
18479
184978
185008
185038
185068
18509
185098
185128
185158
185188
185218
185248
185278
185308
185338
185654
185684
185714
185744
185774
185804
185834
185864
185894
185924
185954
185984
186014
186335
186365
186395
186425
186455
186485
186515
186545
186575
186605
186635
186665
186695
187021
187051
187081
187111
187141
187171
187201
187231
187261
187291
187321
187351
187682
187712
187742
187772
187802
187832
187862
187892
187922
187952
187982
188012
188042
188379
188409
188439
188469
188499
188529
188559
188589
188619
188649
188679
188709
189051
189081
189111
189141
189171
189201
189231
189261
189291
189321
189351
189381
189728
189758
189788
189818
189848
189878
189908
189938
189968
189998
190028
190058
190411
190441
190471
190501
19052
190531
190561
190591
190621
190651
190681
190711
190741
19082
191099
19112
191129
191159
191189
191219
191249
191279
191309
191339
191369
191399
19142
19172
191762
191792
191822
191852
191882
191912
191942
191972
192002
19202
192032
192062
192092
192461
192491
192521
192551
192581
192611
192641
192671
192701
192731
192761
193135
193165
193195
193225
193255
193285
193315
193345
193375
193405
193435
193815
193845
193875
193905
193935
193965
193995
194025
194055
194085
194115
194500
194530
194560
194590
194620
194650
194680
194710
194740
194770
195161
195191
195221
195251
195281
195311
195341
195371
195401
195431
195461
195857
195887
195917
195947
195977
196007
196037
196067
196097
196127
196529
196559
196589
196619
196649
196679
196709
196739
196769
196799
197206
197236
197266
197296
197326
197356
197386
19739
197416
197446
197476
19769
197889
197919
197949
197979
19799
198009
198039
198069
198099
198129
198159
19829
198578
19859
198608
198638
198668
198698
198728
198758
198788
198818
19889
199242
199272
199302
199332
199362
199392
199422
199452
199482
199512
199942
199972
200002
200032
200062
200092
200122
200152
200182
200618
200648
200678
200708
200738
200768
200798
200828
200858
201300
201330
201360
201390
201420
201450
201480
201510
201540
201987
202017
202047
202077
202107
202137
202167
202197
202650
202680
202710
202740
202770
202800
202830
202860
202890
203349
203379
203409
203439
203469
203499
203529
203559
204024
204054
204084
2041
204114
204144
204174
20419
204204
204234
20449
204705
204735
204765
20479
204795
204825
204855
204885
20509
205362
20539
205392
205422
205452
205482
205512
205542
205572
20569
206055
206085
206115
206145
206175
206205
206235
206723
206753
206783
206813
206843
206873
206903
206933
207427
207457
207487
207517
207547
207577
207607
208107
208137
208167
208197
208227
208257
208763
208793
208823
208853
208883
208913
208943
209455
209485
209515
209545
209575
209605
210123
210153
210183
210213
210243
210273
210303
210827
210857
210887
210917
21093
210947
210977
21123
211507
21153
211537
211567
211597
211627
21183
21213
212164
212194
212224
212254
212284
212314
21243
212857
212887
212917
212947
212977
213526
213556
213586
213616
213646
214201
214231
214261
214291
214321
214882
214912
214942
214972
215002
215569
215599
215629
215659
215689
216262
216292
216322
216352
216931
216961
216991
217021
217607
21761
217637
217667
217697
21791
21821
218289
218319
218349
218379
21851
21881
218977
219007
219037
21911
21941
219641
219671
219701
219731
220341
220371
220401
221018
221048
221078
221701
221731
222360
222390
222420
223055
223085
223727
223757
224405
224435
22453
22483
225089
225119
22513
22543
22573
225779
22603
22633
226446
226476
227149
228483
229843
23139
23169
23199
23229
23259
23289
23319
23819
23849
23879
23909
23939
23969
23999
24493
24523
24553
24583
24613
24643
24673
25161
25191
25221
25251
25281
25311
25341
25371
25854
25884
25914
25944
25974
26004
26034
26064
26541
26571
26601
26631
26661
26691
26721
26751
27222
27252
27282
27312
2733
27342
27372
27402
27432
27897
27927
27957
27987
28017
28047
28077
28107
28566
28596
28626
28656
28686
28716
28746
28776
28806
29259
29289
29319
29349
29379
29409
29439
29469
29499
29946
29976
30006
30036
30066
30096
30126
30156
30186
30628
30658
30688
30718
30748
30778
30808
30838
30868
31304
31334
31364
31394
31424
31454
31484
31514
31544
31974
32004
32034
32064
32094
32124
32154
32184
32214
32244
32668
32698
32728
32758
32788
32818
32848
32878
32908
33327
33357
33387
33417
33447
33477
33507
33537
33567
33597
34010
34040
34070
34100
34130
34160
3418
34190
34220
34250
34280
34687
34717
34747
34777
34807
34837
34867
34897
34927
34957
34987
35389
35419
35449
35479
35509
35539
35569
35599
35629
35659
36055
36085
36115
36145
36175
36205
36235
36265
36295
36325
36355
36746
36776
36806
36836
36866
36896
36926
36956
36986
37016
37401
37431
37461
37491
37521
37551
37581
37611
37641
37671
37701
38081
38111
38141
38171
38201
38231
38261
38291
38321
38351
38381
38411
38785
38815
38845
38875
38905
38935
38965
38995
39025
39055
39085
39454
39484
39514
39544
39574
39604
39634
39664
39694
39724
39754
39784
40147
40177
40207
40237
40267
40297
40327
40357
40387
40417
40447
40805
40835
40865
40895
40925
40955
4097
40985
41015
41045
41075
41105
41135
41488
41518
41548
41578
41608
41638
41668
41698
41728
41758
41788
41818
42165
42195
42225
42255
42285
42315
42345
42375
42405
42435
42465
42495
42525
42867
42897
42927
42957
42987
43017
43047
43077
43107
43137
43167
43197
43534
43564
43594
43624
43654
43684
43714
43744
43774
43804
43834
43864
43894
44225
44255
44285
44315
44345
44375
44405
44435
44465
44495
44525
44555
44881
44911
44941
44971
45001
45031
45061
45091
45121
45151
45181
45211
45241
45562
45592
45622
45652
45682
45712
45742
45772
45802
45832
45862
45892
45922
45952
46268
46298
46328
46358
46388
46418
46448
46478
46508
46538
46568
46598
46628
46939
46969
46999
47029
47059
47089
47119
47149
47179
47209
47239
47269
47299
47605
47635
47665
47695
4770
47725
47755
47785
47815
47845
47875
47905
47935
47965
47995
4800
48296
48326
48356
48386
48416
48446
48476
48506
48536
48566
48596
48626
48656
48686
48982
49012
49042
49072
49102
49132
49162
49192
49222
49252
49282
49312
49342
49372
49663
49693
49723
49753
49783
49813
49843
49873
49903
49933
49963
49993
50023
50053
50339
50369
50399
50429
50459
50489
50519
50549
50579
50609
50639
50669
50699
50729
51010
51040
51070
51100
51130
51160
51190
51220
51250
51280
51310
51340
51370
51400
51430
51706
51736
51766
51796
51826
51856
51886
51916
51946
51976
52006
52036
52066
52096
52367
52397
52427
52457
52487
52517
52547
52577
52607
52637
52667
52697
52727
52757
52787
53053
53083
53113
53143
53173
53203
53233
53263
53293
53323
53353
53383
53413
53443
53473
53735
53765
53795
53825
53855
53885
53915
53945
53975
54005
54035
54065
54095
54125
54155
54412
54442
54472
54502
54532
54562
54592
54622
54652
5467
54682
54712
54742
54772
54802
54832
55084
55114
55144
55174
55204
55234
55264
55294
55324
55354
55384
55414
55444
55474
55504
55534
55782
55812
55842
55872
55902
55932
55962
55992
56022
56052
56082
56112
56142
56172
56202
56445
56475
56505
56535
56565
56595
56625
56655
56685
56715
56745
56775
56805
56835
56865
56895
57134
57164
57194
57224
57254
57284
57314
57344
57374
57404
57434
57464
57494
57524
57554
57584
57818
57848
57878
57908
57938
57968
57998
58028
58058
58088
58118
58148
58178
58208
58238
58268
58498
58528
58558
58588
58618
58648
58678
58708
58738
58768
58798
58828
58858
58888
58918
58948
59173
59203
59233
59263
59293
59323
59353
59383
59413
59443
59473
59503
59533
59563
59593
59623
59844
59874
59904
59934
59964
59994
60024
60054
60084
60114
60144
60174
60204
60234
60264
60294
60324
60541
60571
60601
60631
60661
60691
60721
60751
60781
60811
60841
60871
60901
60931
60961
60991
61203
61233
61263
6127
61293
61323
61353
61383
61413
61443
61473
61503
61533
61563
6157
61593
61623
61653
61683
61891
61921
61951
61981
62011
62041
62071
62101
62131
62161
62191
62221
62251
62281
62311
62341
62371
62575
62605
62635
62665
62695
62725
62755
62785
62815
62845
62875
62905
62935
62965
62995
63025
63055
63255
63285
63315
63345
63375
63405
63435
63465
63495
63525
63555
63585
63615
63645
63675
63705
63735
63930
63960
63990
64020
64050
64080
64110
64140
64170
64200
64230
64260
64290
64320
64350
64380
64410
64601
64631
64661
64691
64721
64751
64781
64811
64841
64871
64901
64931
64961
64991
65021
65051
65081
65111
65298
65328
65358
65388
65418
65448
65478
65508
65538
65568
65598
65628
65658
65688
65718
65748
65778
65961
65991
66021
66051
66081
66111
66141
66171
66201
66231
66261
66291
66321
66351
66381
66411
66441
66471
66650
66680
66710
66740
66770
66800
66830
66860
66890
66920
66950
66980
67010
67040
67070
67100
67130
67160
67336
67366
67396
67426
67456
67486
67516
67546
67576
67606
67636
67666
67696
67726
67756
67786
67816
67846
68018
68048
68078
68108
6811
68138
68168
68198
68228
68258
68288
68318
68348
68378
68408
6841
68438
68468
68498
68528
68696
68726
68756
68786
68816
68846
68876
68906
68936
68966
68996
69026
69056
69086
69116
69146
69176
69206
69370
69400
69430
69460
69490
69520
69550
69580
69610
69640
69670
69700
69730
69760
69790
69820
69850
69880
70040
70070
70100
70130
70160
70190
70220
70250
70280
70310
70340
70370
70400
70430
70460
70490
70520
70550
70580
70737
70767
70797
70827
70857
70887
70917
70947
70977
71007
71037
71067
71097
71127
71157
71187
71217
71247
71400
71430
71460
71490
71520
71550
71580
71610
71640
71670
71700
71730
71760
71790
71820
71850
71880
71910
71940
72090
72120
72150
72180
72210
72240
72270
72300
72330
72360
72390
72420
72450
72480
72510
72540
72570
72600
72630
72776
72806
72836
72866
72896
72926
72956
72986
73016
73046
73076
73106
73136
73166
73196
73226
73256
73286
73316
73458
73488
73518
73548
73578
73608
73638
73668
73698
73728
73758
73788
73818
73848
73878
73908
73938
73968
73998
74137
74167
74197
74227
74257
74287
74317
74347
74377
74407
74437
74467
74497
74527
74557
74587
74617
74647
74677
74813
74843
74873
7489
74903
74933
74963
74993
75023
75053
75083
75113
75143
75173
7519
75203
75233
75263
75293
75323
75353
75485
75515
75545
75575
75605
75635
75665
75695
75725
75755
75785
75815
75845
75875
75905
75935
75965
75995
76025
76055
76184
76214
76244
76274
76304
76334
76364
76394
76424
76454
76484
76514
76544
76574
76604
76634
76664
76694
76724
76850
76880
76910
76940
76970
77000
77030
77060
77090
77120
77150
77180
77210
77240
77270
77300
77330
77360
77390
77420
77543
77573
77603
77633
77663
77693
77723
77753
77783
77813
77843
77873
77903
77933
77963
77993
78023
78053
78083
78203
78233
78263
78293
78323
78353
78383
78413
78443
78473
78503
78533
78563
78593
78623
78653
78683
78713
78743
78773
78889
78919
78949
78979
79009
79039
79069
79099
79129
79159
79189
79219
79249
79279
79309
79339
79369
79399
79429
79459
79572
79602
79632
79662
79692
79722
79752
79782
79812
79842
79872
79902
79932
79962
79992
80022
80052
80082
80112
80142
80252
80282
80312
80342
80372
80402
80432
80462
80492
80522
80552
80582
80612
80642
80672
80702
80732
80762
80792
80822
80929
80959
80989
81019
81049
81079
81109
81139
81169
81199
81229
81259
81289
81319
81349
81379
81409
81439
81469
81499
81604
8161
81634
81664
81694
81724
81754
81784
81814
81844
81874
81904
8191
81934
81964
81994
82024
82054
82084
82114
82144
82174
82204
8221
82306
82336
82366
82396
82426
82456
82486
82516
82546
82576
82606
82636
82666
82696
82726
82756
82786
82816
82846
82876
82975
83005
83035
83065
83095
83125
83155
83185
83215
83245
83275
83305
83335
83365
83395
83425
83455
83485
83515
83545
83641
83671
83701
83731
83761
83791
83821
83851
83881
83911
83941
83971
84001
84031
84061
84091
84121
84151
84181
84211
84241
84335
84365
84395
84425
84455
84485
84515
84545
84575
84605
84635
84665
84695
84725
84755
84785
84815
84845
84875
84905
84935
85026
85056
85086
85116
85146
85176
85206
85236
85266
85296
85326
85356
85386
85416
85446
85476
85506
85536
85566
85596
85684
85714
85744
85774
85804
85834
85864
85894
85924
85954
85984
86014
86044
86074
86104
86134
86164
86194
86224
86254
86284
86370
86400
86430
86460
86490
86520
86550
86580
86610
86640
86670
86700
86730
86760
86790
86820
86850
86880
86910
86940
86970
87053
87083
87113
87143
87173
87203
87233
87263
87293
87323
87353
87383
87413
87443
87473
87503
87533
87563
87593
87623
87653
87734
87764
87794
87824
87854
87884
87914
87944
87974
88004
88034
88064
88094
88124
88154
88184
88214
88244
88274
88304
88334
88413
88443
88473
88503
88533
8856
88563
88593
88623
88653
88683
88713
88743
88773
88803
88833
8886
88863
88893
88923
88953
88983
89013
89089
89119
89149
8916
89179
89209
89239
89269
89299
89329
89359
89389
89419
89449
89479
89509
89539
89569
89599
89629
89659
89689
89763
89793
89823
89853
89883
89913
89943
89973
90003
90033
90063
90093
90123
90153
90183
90213
90243
90273
90303
90333
90363
90393
90465
90495
90525
90555
90585
90615
90645
90675
90705
90735
90765
90795
90825
90855
90885
90915
90945
90975
91005
91035
91065
91135
91165
91195
91225
91255
91285
91315
91345
91375
91405
91435
91465
91495
91525
91555
91585
91615
91645
91675
91705
91735
91803
91833
91863
91893
91923
91953
91983
92013
92043
92073
92103
92133
92163
92193
92223
92253
92283
92313
92343
92373
92403
92433
92499
92529
92559
92589
92619
92649
92679
92709
92739
92769
92799
92829
92859
92889
92919
92949
92979
93009
93039
93069
93099
93163
93193
93223
93253
93283
93313
93343
93373
93403
93433
93463
93493
93523
93553
93583
93613
93643
93673
93703
93733
93763
93793
93855
93885
93915
93945
93975
94005
94035
94065
94095
94125
94155
94185
94215
94245
94275
94305
94335
94365
94395
94425
94455
94485
94545
94575
94605
94635
94665
94695
94725
94755
94785
94815
94845
94875
94905
94935
94965
94995
95025
95055
95085
95115
95145
95203
95233
95263
95293
95323
95353
95383
95413
95443
9545
95473
95503
95533
95563
95593
95623
95653
95683
95713
95743
9575
95773
95803
95833
95889
95919
95949
95979
96009
96039
9605
96069
96099
96129
96159
96189
96219
96249
96279
96309
96339
96369
96399
96429
96459
96489
96519
96574
96604
96634
96664
96694
96724
96754
96784
96814
96844
96874
96904
96934
96964
96994
97024
97054
97084
97114
97144
97174
97204
97257
97287
97317
97347
97377
97407
97437
97467
97497
97527
97557
97587
97617
97647
97677
97707
97737
97767
97797
97827
97857
97887
97939
97969
97999
98029
98059
98089
98119
98149
98179
98209
98239
98269
98299
98329
98359
98389
98419
98449
98479
98509
98539
98569
98619
98649
98679
98709
98739
98769
98799
98829
98859
98889
98919
98949
98979
99009
99039
99069
99099
99129
99159
99189
99219
99249
99298
99328
99358
99388
99418
99448
99478
99508
99538
99568
99598
99628
99658
99688
99718
99748
99778
99808
99838
99868
99898
99928
99975
