100011
100041
100071
100101
100131
100161
100191
100221
100251
100281
100311
100341
100371
100401
100431
100461
100491
100521
100551
100581
100611
100657
100687
100717
100747
100777
100807
100837
100867
100897
100927
100957
100987
101017
101047
101077
101107
101137
101167
101197
101227
101257
101287
101332
101362
101392
101422
101452
101482
101512
101542
101572
101602
101632
101662
101692
101722
101752
101782
101812
101842
101872
101902
101932
101962
102005
102035
10204
102065
102095
102125
102155
102185
102215
102245
102275
102305
102335
10234
102365
102395
102425
102455
102485
102515
102545
102575
102605
102635
10264
102665
102707
102737
102767
102797
102827
102857
102887
102917
102947
102977
103007
103037
103067
103097
103127
103157
103187
103217
103247
103277
103307
103337
103378
103408
103438
103468
103498
103528
103558
103588
103618
103648
103678
103708
103738
103768
103798
103828
103858
103888
103918
103948
103978
104008
104048
104078
104108
104138
104168
104198
104228
104258
104288
104318
104348
104378
104408
104438
104468
104498
104528
104558
104588
104618
104648
104678
104708
104747
104777
104807
104837
104867
104897
104927
104957
104987
105017
105047
105077
105107
105137
105167
105197
105227
105257
105287
105317
105347
105377
105415
105445
105475
105505
105535
105565
105595
105625
105655
105685
105715
105745
105775
105805
105835
105865
105895
105925
105955
105985
106015
106045
106082
106112
106142
106172
106202
106232
106262
106292
106322
106352
106382
106412
106442
106472
106502
106532
106562
106592
106622
106652
106682
106712
106742
106778
106808
106838
106868
106898
106928
106958
106988
107018
107048
107078
107108
107138
107168
107198
107228
107258
107288
107318
107348
107378
107408
107443
107473
107503
107533
107563
107593
107623
107653
107683
107713
107743
107773
107803
107833
107863
107893
107923
107953
107983
108013
108043
108073
108103
108138
108168
108198
108228
108258
108288
108318
108348
108378
108408
108438
108468
108498
108528
108558
108588
108618
108648
108678
108708
108738
108768
108802
10881
108832
108862
108892
108922
108952
108982
109012
109042
109072
109102
10911
109132
109162
109192
109222
109252
109282
109312
109342
109372
109402
10941
109432
109462
109495
109525
109555
109585
109615
109645
109675
109705
10971
109735
109765
109795
109825
109855
109885
109915
109945
109975
110005
110035
110065
110095
110125
110155
110188
110218
110248
110278
110308
110338
110368
110398
110428
110458
110488
110518
110548
110578
110608
110638
110668
110698
110728
110758
110788
110818
110850
110880
110910
110940
110970
111000
111030
111060
111090
111120
111150
111180
111210
111240
111270
111300
111330
111360
111390
111420
111450
111480
111510
111542
111572
111602
111632
111662
111692
111722
111752
111782
111812
111842
111872
111902
111932
111962
111992
112022
112052
112082
112112
112142
112172
112204
112234
112264
112294
112324
112354
112384
112414
112444
112474
112504
112534
112564
112594
112624
112654
112684
112714
112744
112774
112804
112834
112864
112895
112925
112955
112985
113015
113045
113075
113105
113135
113165
113195
113225
113255
113285
113315
113345
113375
113405
113435
113465
113495
113525
113555
113584
113614
113644
113690
113720
113750
113780
113810
113840
113870
113900
113930
113960
113990
114020
114050
114080
114110
114140
114173
114203
114233
114264
114294
114324
114351
114381
114411
114441
114471
114501
114531
114561
114591
114621
114651
114681
114711
114741
114771
114801
114831
114853
114883
114913
114944
114974
115004
115042
115072
115102
115132
115162
115192
115222
115252
115282
115312
115342
115372
115402
115432
115462
115492
115522
115533
115563
115593
115624
115654
115684
115733
115763
115793
11581
115823
115853
115883
115913
115943
115973
116003
116033
116063
116093
11611
116123
116153
116183
116213
116243
116273
116304
116334
116364
116394
11641
116424
116454
116484
116514
116544
116574
116604
116634
116664
116694
116724
116754
116784
116814
116844
116874
116893
116923
116953
116984
117014
117044
117085
117115
117145
117175
117205
117235
117265
117295
117325
117355
117385
117415
117445
117475
117505
117535
117573
117603
117633
117642
117672
117702
117732
117762
117792
117822
117852
117882
117912
117942
117972
118002
118032
118062
118092
118122
118152
118182
118212
118242
118272
118302
118333
118363
118393
118423
118453
118483
118513
118543
118573
118603
118633
118663
118693
118723
118753
118783
118813
118843
118873
118903
118933
118963
118993
119024
119054
119084
119114
119144
119174
119204
119234
119264
119294
119324
119354
119384
119414
119444
119474
119504
119534
119564
119594
119624
119654
119686
119716
119746
119776
119806
119836
119866
119896
119926
119956
119986
120016
120046
120076
120106
120136
120166
120196
120226
120256
120286
120316
120346
120378
120408
120438
120468
120498
120528
120558
120588
120618
120648
120678
120708
120738
120768
120798
120828
120858
120888
120918
120948
120978
121008
121040
121070
121100
121130
121160
121190
121220
121250
121280
121310
121340
121370
121400
121430
121460
121490
121520
121550
121580
121610
121640
121670
121700
121733
121763
121793
121823
121853
121883
121913
121943
121973
122003
122033
122063
122093
122123
122153
122183
122213
122243
122273
122303
122333
122363
122393
122426
12245
122456
122486
122516
122546
122576
122606
122636
122666
122696
122726
12275
122756
122786
122816
122846
122876
122906
122936
122966
122996
123026
12305
123056
123090
123120
123150
123180
123210
123240
123270
123300
123330
12335
123360
123390
123420
123450
123480
123510
123540
123570
123600
123630
123660
123690
123720
123750
123785
123815
123845
123875
123905
123935
123965
123995
124025
124055
124085
124115
124145
124175
124205
124235
124265
124295
124325
124355
124385
124415
124450
124480
124510
124540
124570
124600
124630
124660
124690
124720
124750
124780
124810
124840
124870
124900
124930
124960
124990
125020
125050
125080
125110
125146
125176
125206
125236
125266
125296
125326
125356
125386
125416
125446
125476
125506
125536
125566
125596
125626
125656
125686
125716
125746
125776
125813
125843
125873
125903
125933
125963
125993
126023
126053
126083
126113
126143
126173
126203
126233
126263
126293
126323
126353
126383
126413
126443
126481
126511
126541
126571
126601
126631
126661
126691
126721
126751
126781
126811
126841
126871
126901
126931
126961
126991
127021
127051
127081
127111
127141
127180
127210
127240
127270
127300
127330
127360
127390
127420
127450
127480
127510
127540
127570
127600
127630
127660
127690
127720
127750
127780
127810
127850
127880
127910
127940
127970
128000
128030
128060
128090
128120
128150
128180
128210
128240
128270
128300
128330
128360
128390
128420
128450
128480
128521
128551
128581
128611
128641
128671
128701
128731
128761
128791
128821
128851
128881
128911
128941
128971
129001
129031
129061
129091
129121
129151
129181
129223
129253
129283
129313
12933
129343
129373
129403
129433
129463
129493
129523
129553
129583
129613
12963
129643
129673
129703
129733
129763
129793
129823
129853
129896
129926
12993
129956
129986
130016
130046
130076
130106
130136
130166
130196
130226
13023
130256
130286
130316
130346
130376
130406
130436
130466
130496
130526
130571
130601
130631
130661
130691
130721
130751
130781
130811
130841
130871
130901
130931
130961
130991
131021
131051
131081
131111
131141
131171
131201
131247
131277
131307
131337
131367
131397
131427
131457
131487
131517
131547
131577
131607
131637
131667
131697
131727
131757
131787
131817
131847
131877
131924
131954
131984
132014
132044
132074
132104
132134
132164
132194
132224
132254
132284
132314
132344
132374
132404
132434
132464
132494
132524
132554
132603
132633
132663
132693
132723
132753
132783
132813
132843
132873
132903
132933
132963
132993
133023
133053
133083
133113
133143
133173
133203
133233
133283
133313
133343
133373
133403
133433
133463
133493
133523
133553
133583
133613
133643
133673
133703
133733
133763
133793
133823
133853
133883
133913
133965
133995
134025
134055
134085
134115
134145
134175
134205
134235
134265
134295
134325
134355
134385
134415
134445
134475
134505
134535
134565
134595
134648
134678
134708
134738
134768
134798
134828
134858
134888
134918
134948
134978
135008
135038
135068
135098
135128
135158
135188
135218
135248
135278
135333
135363
135393
135423
135453
135483
135513
135543
135573
135603
135633
135663
135693
135723
135753
135783
135813
135843
135873
135903
135933
135963
136019
136049
136079
136109
136139
13615
136169
136199
136229
136259
136289
136319
136349
136379
136409
136439
13645
136469
136499
136529
136559
136589
136619
136649
136707
136737
13675
136767
136797
136827
136857
136887
136917
136947
136977
137007
137037
13705
137067
137097
137127
137157
137187
137217
137247
137277
137307
137367
137397
137427
137457
137487
137517
137547
137577
137607
137637
137667
137697
137727
137757
137787
137817
137847
137877
137907
137937
137967
137997
138059
138089
138119
138149
138179
138209
138239
138269
138299
138329
138359
138389
138419
138449
138479
138509
138539
138569
138599
138629
138659
138723
138753
138783
138813
138843
138873
138903
138933
138963
138993
139023
139053
139083
139113
139143
139173
139203
139233
139263
139293
139323
139353
139419
139449
139479
139509
139539
139569
139599
139629
139659
139689
139719
139749
139779
139809
139839
139869
139899
139929
139959
139989
140019
140087
140117
140147
140177
140207
140237
140267
140297
140327
140357
140387
140417
140447
140477
140507
140537
140567
140597
140627
140657
140687
140717
140787
140817
140847
140877
140907
140937
140967
140997
141027
141057
141087
141117
141147
141177
141207
141237
141267
141297
141327
141357
141387
141459
141489
141519
141549
141579
141609
141639
141669
141699
141729
141759
141789
141819
141849
141879
141909
141939
141969
141999
142029
142059
142133
142163
142193
142223
142253
142283
142313
142343
142373
142403
142433
142463
142493
142523
142553
142583
142613
142643
142673
142703
142733
142809
142839
142869
142899
14291
142929
142959
142989
143019
143049
143079
143109
143139
143169
143199
14321
143229
143259
143289
143319
143349
143379
143409
143488
14351
143518
143548
143578
143608
143638
143668
143698
143728
143758
143788
14381
143818
143848
143878
143908
143938
143968
143998
144028
144058
144088
144169
144199
144229
144259
144289
144319
144349
144379
144409
144439
144469
144499
144529
144559
144589
144619
144649
144679
144709
144739
144769
144852
144882
144912
144942
144972
145002
145032
145062
145092
145122
145152
145182
145212
145242
145272
145302
145332
145362
145392
145422
145452
145538
145568
145598
145628
145658
145688
145718
145748
145778
145808
145838
145868
145898
145928
145958
145988
146018
146048
146078
146108
146138
146226
146256
146286
146316
146346
146376
146406
146436
146466
146496
146526
146556
146586
146616
146646
146676
146706
146736
146766
146796
146887
146917
146947
146977
147007
147037
147067
147097
147127
147157
147187
147217
147247
147277
147307
147337
147367
147397
147427
147457
147487
147581
147611
147641
147671
147701
147731
147761
147791
147821
147851
147881
147911
147941
147971
148001
148031
148061
148091
148121
148151
148247
148277
148307
148337
148367
148397
148427
148457
148487
148517
148547
148577
148607
148637
148667
148697
148727
148757
148787
148817
148847
148946
148976
149006
149036
149066
149096
149126
149156
149186
149216
149246
149276
149306
149336
149366
149396
149426
149456
149486
149516
14960
149618
149648
149678
149708
149738
149768
149798
149828
149858
149888
14990
149918
149948
149978
150008
150038
150068
150098
150128
150158
150188
15020
150293
150323
150353
150383
150413
150443
150473
15050
150503
150533
150563
150593
150623
150653
150683
150713
150743
150773
15080
150803
150833
150863
150970
151000
151030
151060
151090
151120
151150
151180
151210
151240
151270
151300
151330
151360
151390
151420
151450
151480
151510
151540
151650
151680
151710
151740
151770
151800
151830
151860
151890
151920
151950
151980
152010
152040
152070
152100
152130
152160
152190
152220
152333
152363
152393
152423
152453
152483
152513
152543
152573
152603
152633
152663
152693
152723
152753
152783
152813
152843
152873
152903
153019
153049
153079
153109
153139
153169
153199
153229
153259
153289
153319
153349
153379
153409
153439
153469
153499
153529
153559
153589
153709
153739
153769
153799
153829
153859
153889
153919
153949
153979
154009
154039
154069
154099
154129
154159
154189
154219
154249
154372
154402
154432
154462
154492
154522
154552
154582
154612
154642
154672
154702
154732
154762
154792
154822
154852
154882
154912
154942
155068
155098
155128
155158
155188
155218
155248
155278
155308
155338
155368
155398
155428
155458
155488
155518
155548
155578
155608
155737
155767
155797
155827
155857
155887
155917
155947
155977
156007
156037
156067
156097
156127
156157
156187
156217
156247
156277
156409
156439
156469
156499
156529
15653
156559
156589
156619
156649
156679
156709
156739
156769
156799
156829
15683
156859
156889
156919
156949
157085
157115
15713
157145
157175
157205
157235
157265
157295
157325
157355
157385
157415
15743
157445
157475
157505
157535
157565
157595
157625
15773
157764
157794
157824
157854
157884
157914
157944
157974
158004
158034
158064
158094
158124
158154
158184
158214
158244
158274
158304
158446
158476
158506
158536
158566
158596
158626
158656
158686
158716
158746
158776
158806
158836
158866
158896
158926
158956
158986
159132
159162
159192
159222
159252
159282
159312
159342
159372
159402
159432
159462
159492
159522
159552
159582
159612
159642
159672
159822
159852
159882
159912
159942
159972
160002
160032
160062
160092
160122
160152
160182
160212
160242
160272
160302
160332
160485
160515
160545
160575
160605
160635
160665
160695
160725
160755
160785
160815
160845
160875
160905
160935
160965
160995
161025
161182
161212
161242
161272
161302
161332
161362
161392
161422
161452
161482
161512
161542
161572
161602
161632
161662
161692
161852
161882
161912
161942
161972
162002
162032
162062
162092
162122
162152
162182
162212
162242
162272
162302
162332
162362
162526
162556
162586
162616
162646
162676
162706
162736
162766
162796
162826
162856
162886
162916
162946
162976
163006
163036
163204
163234
163264
163294
163324
163354
163384
16340
163414
163444
163474
163504
163534
163564
163594
163624
163654
163684
16370
163714
163886
163916
163946
163976
16400
164006
164036
164066
164096
164126
164156
164186
164216
164246
164276
16430
164306
164336
164366
164396
164572
16460
164602
164632
164662
164692
164722
164752
164782
164812
164842
164872
164902
164932
164962
164992
165022
165052
165082
165261
165291
165321
165351
165381
165411
165441
165471
165501
165531
165561
165591
165621
165651
165681
165711
165741
165924
165954
165984
166014
166044
166074
166104
166134
166164
166194
166224
166254
166284
166314
166344
166374
166404
166434
166621
166651
166681
166711
166741
166771
166801
166831
166861
166891
166921
166951
166981
167011
167041
167071
167101
167292
167322
167352
167382
167412
167442
167472
167502
167532
167562
167592
167622
167652
167682
167712
167742
167772
167967
167997
168027
168057
168087
168117
168147
168177
168207
168237
168267
168297
168327
168357
168387
168417
168447
168647
168677
168707
168737
168767
168797
168827
168857
168887
168917
168947
168977
169007
169037
169067
169097
169127
169331
169361
169391
169421
169451
169481
169511
169541
169571
169601
169631
169661
169691
169721
169751
169781
169811
170019
170049
170079
170109
170139
170169
170199
17021
170229
170259
170289
170319
170349
170379
170409
170439
170469
17051
170681
170711
170741
170771
170801
17081
170831
170861
170891
170921
170951
170981
171011
171041
171071
171101
17111
171131
171161
171378
171408
17141
171438
171468
171498
171528
171558
171588
171618
171648
171678
171708
171738
171768
171798
171828
172049
172079
172109
172139
172169
172199
172229
172259
172289
172319
172349
172379
172409
172439
172469
172499
172724
172754
172784
172814
172844
172874
172904
172934
172964
172994
173024
173054
173084
173114
173144
173174
173404
173434
173464
173494
173524
173554
173584
173614
173644
173674
173704
173734
173764
173794
173824
173854
174088
174118
174148
174178
174208
174238
174268
174298
174328
174358
174388
174418
174448
174478
174508
174538
174777
174807
174837
174867
174897
174927
174957
174987
175017
175047
175077
175107
175137
175167
175197
175440
175470
175500
175530
175560
175590
175620
175650
175680
175710
175740
175770
175800
175830
175860
175890
176138
176168
176198
176228
176258
176288
176318
176348
176378
176408
176438
176468
176498
176528
176558
176810
176840
176870
176900
176930
17696
176960
176990
177020
177050
177080
177110
177140
177170
177200
177230
17726
177487
177517
177547
17756
177577
177607
177637
177667
177697
177727
177757
177787
177817
177847
17786
177877
177907
17816
178169
178199
178229
178259
178289
178319
178349
178379
178409
178439
178469
178499
178529
178559
178589
178855
178885
178915
178945
178975
179005
179035
179065
179095
179125
179155
179185
179215
179245
179275
179546
179576
179606
179636
179666
179696
179726
179756
179786
179816
179846
179876
179906
179936
180212
180242
180272
180302
180332
180362
180392
180422
180452
180482
180512
180542
180572
180602
180883
180913
180943
180973
181003
181033
181063
181093
181123
181153
181183
181213
181243
181273
181303
181589
181619
181649
181679
181709
181739
181769
181799
181829
181859
181889
181919
181949
182240
182270
182300
182330
182360
182390
182420
182450
182480
182510
182540
182570
182600
182630
182926
182956
182986
183016
183046
183076
183106
183136
183166
183196
183226
183256
183286
183316
183617
183647
18365
183677
183707
183737
183767
183797
183827
183857
183887
183917
183947
18395
183977
18425
184283
184313
184343
184373
184403
184433
184463
184493
184523
18455
184553
184583
184613
184643
184673
18485
184984
185014
185044
185074
185104
185134
18515
185164
185194
185224
185254
185284
185314
185344
185660
185690
185720
185750
185780
185810
185840
185870
185900
185930
185960
185990
186020
186341
186371
186401
186431
186461
186491
186521
186551
186581
186611
186641
186671
186701
187027
187057
187087
187117
187147
187177
187207
187237
187267
187297
187327
187357
187688
187718
187748
187778
187808
187838
187868
187898
187928
187958
187988
188018
188048
188385
188415
188445
188475
188505
188535
188565
188595
188625
188655
188685
188715
189057
189087
189117
189147
189177
189207
189237
189267
189297
189327
189357
189387
189734
189764
189794
189824
189854
189884
189914
189944
189974
190004
190034
190064
190417
190447
190477
190507
190537
190567
19058
190597
190627
190657
190687
190717
190747
19088
191105
191135
191165
19118
191195
191225
191255
191285
191315
191345
191375
191405
19148
191768
19178
191798
191828
191858
191888
191918
191948
191978
192008
192038
192068
19208
192098
192467
192497
192527
192557
192587
192617
192647
192677
192707
192737
192767
193141
193171
193201
193231
193261
193291
193321
193351
193381
193411
193441
193821
193851
193881
193911
193941
193971
194001
194031
194061
194091
194121
194506
194536
194566
194596
194626
194656
194686
194716
194746
194776
195167
195197
195227
195257
195287
195317
195347
195377
195407
195437
195467
195863
195893
195923
195953
195983
196013
196043
196073
196103
196133
196535
196565
196595
196625
196655
196685
196715
196745
196775
196805
197212
197242
197272
197302
197332
197362
197392
197422
19745
197452
197482
19775
197895
197925
197955
197985
198015
198045
19805
198075
198105
198135
198165
19835
198584
198614
198644
19865
198674
198704
198734
198764
198794
198824
19895
199248
199278
199308
199338
199368
199398
199428
199458
199488
199518
199948
199978
200008
200038
200068
200098
200128
200158
200188
200624
200654
200684
200714
200744
200774
200804
200834
200864
201306
201336
201366
201396
201426
201456
201486
201516
201963
201993
202023
202053
202083
202113
202143
202173
202203
202656
202686
202716
202746
202776
202806
202836
202866
203325
203355
203385
203415
203445
203475
203505
203535
204000
204030
204060
204090
204120
204150
204180
204210
20425
20455
204681
2047
204711
204741
204771
204801
204831
20485
204861
204891
20515
205368
205398
205428
20545
205458
205488
205518
205548
205578
20575
206061
206091
206121
206151
206181
206211
206241
206729
206759
206789
206819
206849
206879
206909
207403
207433
207463
207493
207523
207553
207583
208083
208113
208143
208173
208203
208233
208263
208769
208799
208829
208859
208889
208919
208949
209461
209491
209521
209551
209581
209611
210129
210159
210189
210219
210249
210279
210803
210833
210863
210893
210923
210953
21099
21129
211483
211513
211543
211573
21159
211603
211633
21189
212170
21219
212200
212230
212260
212290
212320
21249
212863
212893
212923
212953
212983
213532
213562
213592
213622
213652
214207
214237
214267
214297
214327
214888
214918
214948
214978
215008
215575
215605
215635
215665
215695
216268
216298
216328
216358
216937
216967
216997
217027
217613
217643
21767
217673
217703
21797
21827
218295
218325
218355
218385
21857
21887
218983
219013
219043
21917
21947
219647
219677
219707
219737
220347
220377
220407
221024
221054
221084
221707
221737
222366
222396
222426
223061
223091
223733
223763
224411
224441
22459
22489
225095
225125
22519
22549
225785
22579
22609
22639
226452
227125
227804
228489
23145
23175
23205
23235
23265
23295
23325
23825
23855
23885
23915
23945
23975
24005
24499
24529
24559
24589
24619
24649
24679
25167
25197
25227
25257
25287
25317
25347
25377
25860
25890
25920
25950
25980
26010
26040
26070
26547
26577
26607
26637
26667
26697
26727
26757
27228
27258
27288
27318
27348
27378
2739
27408
27438
27903
27933
27963
27993
28023
28053
28083
28113
28572
28602
28632
28662
28692
28722
28752
28782
28812
29265
29295
29325
29355
29385
29415
29445
29475
29922
29952
29982
30012
30042
30072
30102
30132
30162
30604
30634
30664
30694
30724
30754
30784
30814
30844
31280
31310
31340
31370
31400
31430
31460
31490
31520
31550
31980
32010
32040
32070
32100
32130
32160
32190
32220
32644
32674
32704
32734
32764
32794
32824
32854
32884
32914
33333
33363
33393
33423
33453
33483
33513
33543
33573
33603
34016
34046
34076
34106
34136
34166
34196
34226
3424
34256
34286
34693
34723
34753
34783
34813
34843
34873
34903
34933
34963
35365
35395
35425
35455
35485
35515
35545
35575
35605
35635
35665
36061
36091
36121
36151
36181
36211
36241
36271
36301
36331
36722
36752
36782
36812
36842
36872
36902
36932
36962
36992
37022
37407
37437
37467
37497
37527
37557
37587
37617
37647
37677
37707
38087
38117
38147
38177
38207
38237
38267
38297
38327
38357
38387
38761
38791
38821
38851
38881
38911
38941
38971
39001
39031
39061
39091
39460
39490
39520
39550
39580
39610
39640
39670
39700
39730
39760
40123
40153
40183
40213
40243
40273
40303
40333
40363
40393
40423
40453
40811
40841
40871
40901
40931
40961
40991
41021
4103
41051
41081
41111
41141
41494
41524
41554
41584
41614
41644
41674
41704
41734
41764
41794
41824
42171
42201
42231
42261
42291
42321
42351
42381
42411
42441
42471
42501
42843
42873
42903
42933
42963
42993
43023
43053
43083
43113
43143
43173
43203
43540
43570
43600
43630
43660
43690
43720
43750
43780
43810
43840
43870
44201
44231
44261
44291
44321
44351
44381
44411
44441
44471
44501
44531
44561
44887
44917
44947
44977
45007
45037
45067
45097
45127
45157
45187
45217
45247
45568
45598
45628
45658
45688
45718
45748
45778
45808
45838
45868
45898
45928
46244
46274
46304
46334
46364
46394
46424
46454
46484
46514
46544
46574
46604
46634
46945
46975
47005
47035
47065
47095
47125
47155
47185
47215
47245
47275
47305
47611
47641
47671
47701
47731
4776
47761
47791
47821
47851
47881
47911
47941
47971
48001
48302
48332
48362
48392
48422
48452
48482
48512
48542
48572
48602
48632
48662
48692
48988
49018
49048
49078
49108
49138
49168
49198
49228
49258
49288
49318
49348
49378
49669
49699
49729
49759
49789
49819
49849
49879
49909
49939
49969
49999
50029
50059
50345
50375
50405
50435
50465
50495
50525
50555
50585
50615
50645
50675
50705
50735
51016
51046
51076
51106
51136
51166
51196
51226
51256
51286
51316
51346
51376
51406
51682
51712
51742
51772
51802
51832
51862
51892
51922
51952
51982
52012
52042
52072
52102
52373
52403
52433
52463
52493
52523
52553
52583
52613
52643
52673
52703
52733
52763
52793
53059
53089
53119
53149
53179
53209
53239
53269
53299
53329
53359
53389
53419
53449
53479
53741
53771
53801
53831
53861
53891
53921
53951
53981
54011
54041
54071
54101
54131
54161
54418
5443
54448
54478
54508
54538
54568
54598
54628
54658
54688
54718
5473
54748
54778
54808
54838
55090
55120
55150
55180
55210
55240
55270
55300
55330
55360
55390
55420
55450
55480
55510
55540
55788
55818
55848
55878
55908
55938
55968
55998
56028
56058
56088
56118
56148
56178
56208
56451
56481
56511
56541
56571
56601
56631
56661
56691
56721
56751
56781
56811
56841
56871
56901
57140
57170
57200
57230
57260
57290
57320
57350
57380
57410
57440
57470
57500
57530
57560
57590
57824
57854
57884
57914
57944
57974
58004
58034
58064
58094
58124
58154
58184
58214
58244
58274
58504
58534
58564
58594
58624
58654
58684
58714
58744
58774
58804
58834
58864
58894
58924
58954
59179
59209
59239
59269
59299
59329
59359
59389
59419
59449
59479
59509
59539
59569
59599
59629
59850
59880
59910
59940
59970
60000
60030
60060
60090
60120
60150
60180
60210
60240
60270
60300
60330
60547
60577
60607
60637
60667
60697
60727
60757
60787
60817
60847
60877
60907
60937
60967
60997
61209
61239
61269
61299
61329
6133
61359
61389
61419
61449
61479
61509
61539
61569
61599
61629
6163
61659
61689
61897
61927
61957
61987
62017
62047
62077
62107
62137
62167
62197
62227
62257
62287
62317
62347
62377
62581
62611
62641
62671
62701
62731
62761
62791
62821
62851
62881
62911
62941
62971
63001
63031
63061
63261
63291
63321
63351
63381
63411
63441
63471
63501
63531
63561
63591
63621
63651
63681
63711
63741
63936
63966
63996
64026
64056
64086
64116
64146
64176
64206
64236
64266
64296
64326
64356
64386
64416
64607
64637
64667
64697
64727
64757
64787
64817
64847
64877
64907
64937
64967
64997
65027
65057
65087
65117
65304
65334
65364
65394
65424
65454
65484
65514
65544
65574
65604
65634
65664
65694
65724
65754
65784
65967
65997
66027
66057
66087
66117
66147
66177
66207
66237
66267
66297
66327
66357
66387
66417
66447
66477
66656
66686
66716
66746
66776
66806
66836
66866
66896
66926
66956
66986
67016
67046
67076
67106
67136
67166
67342
67372
67402
67432
67462
67492
67522
67552
67582
67612
67642
67672
67702
67732
67762
67792
67822
67852
68024
68054
68084
68114
68144
6817
68174
68204
68234
68264
68294
68324
68354
68384
68414
68444
6847
68474
68504
68534
68702
68732
68762
68792
68822
68852
68882
68912
68942
68972
69002
69032
69062
69092
69122
69152
69182
69212
69376
69406
69436
69466
69496
69526
69556
69586
69616
69646
69676
69706
69736
69766
69796
69826
69856
69886
70046
70076
70106
70136
70166
70196
70226
70256
70286
70316
70346
70376
70406
70436
70466
70496
70526
70556
70586
70743
70773
70803
70833
70863
70893
70923
70953
70983
71013
71043
71073
71103
71133
71163
71193
71223
71253
71406
71436
71466
71496
71526
71556
71586
71616
71646
71676
71706
71736
71766
71796
71826
71856
71886
71916
71946
72096
72126
72156
72186
72216
72246
72276
72306
72336
72366
72396
72426
72456
72486
72516
72546
72576
72606
72636
72782
72812
72842
72872
72902
72932
72962
72992
73022
73052
73082
73112
73142
73172
73202
73232
73262
73292
73322
73464
73494
73524
73554
73584
73614
73644
73674
73704
73734
73764
73794
73824
73854
73884
73914
73944
73974
74004
74143
74173
74203
74233
74263
74293
74323
74353
74383
74413
74443
74473
74503
74533
74563
74593
74623
74653
74683
74819
74849
74879
74909
74939
7495
74969
74999
75029
75059
75089
75119
75149
75179
75209
75239
7525
75269
75299
75329
75359
75491
75521
75551
75581
75611
75641
75671
75701
75731
75761
75791
75821
75851
75881
75911
75941
75971
76001
76031
76160
76190
76220
76250
76280
76310
76340
76370
76400
76430
76460
76490
76520
76550
76580
76610
76640
76670
76700
76730
76856
76886
76916
76946
76976
77006
77036
77066
77096
77126
77156
77186
77216
77246
77276
77306
77336
77366
77396
77426
77549
77579
77609
77639
77669
77699
77729
77759
77789
77819
77849
77879
77909
77939
77969
77999
78029
78059
78089
78209
78239
78269
78299
78329
78359
78389
78419
78449
78479
78509
78539
78569
78599
78629
78659
78689
78719
78749
78779
78895
78925
78955
78985
79015
79045
79075
79105
79135
79165
79195
79225
79255
79285
79315
79345
79375
79405
79435
79465
79578
79608
79638
79668
79698
79728
79758
79788
79818
79848
79878
79908
79938
79968
79998
80028
80058
80088
80118
80148
80258
80288
80318
80348
80378
80408
80438
80468
80498
80528
80558
80588
80618
80648
80678
80708
80738
80768
80798
80828
80935
80965
80995
81025
81055
81085
81115
81145
81175
81205
81235
81265
81295
81325
81355
81385
81415
81445
81475
81505
81610
81640
8167
81670
81700
81730
81760
81790
81820
81850
81880
81910
81940
8197
81970
82000
82030
82060
82090
82120
82150
82180
8227
82282
82312
82342
82372
82402
82432
82462
82492
82522
82552
82582
82612
82642
82672
82702
82732
82762
82792
82822
82852
82882
82981
83011
83041
83071
83101
83131
83161
83191
83221
83251
83281
83311
83341
83371
83401
83431
83461
83491
83521
83551
83647
83677
83707
83737
83767
83797
83827
83857
83887
83917
83947
83977
84007
84037
84067
84097
84127
84157
84187
84217
84247
84341
84371
84401
84431
84461
84491
84521
84551
84581
84611
84641
84671
84701
84731
84761
84791
84821
84851
84881
84911
85002
85032
85062
85092
85122
85152
85182
85212
85242
85272
85302
85332
85362
85392
85422
85452
85482
85512
85542
85572
85602
85690
85720
85750
85780
85810
85840
85870
85900
85930
85960
85990
86020
86050
86080
86110
86140
86170
86200
86230
86260
86290
86376
86406
86436
86466
86496
86526
86556
86586
86616
86646
86676
86706
86736
86766
86796
86826
86856
86886
86916
86946
86976
87059
87089
87119
87149
87179
87209
87239
87269
87299
87329
87359
87389
87419
87449
87479
87509
87539
87569
87599
87629
87659
87740
87770
87800
87830
87860
87890
87920
87950
87980
88010
88040
88070
88100
88130
88160
88190
88220
88250
88280
88310
88340
88419
88449
88479
88509
88539
88569
88599
8862
88629
88659
88689
88719
88749
88779
88809
88839
88869
88899
8892
88929
88959
88989
89019
89095
89125
89155
89185
89215
89245
89275
89305
89335
89365
89395
89425
89455
89485
89515
89545
89575
89605
89635
89665
89695
89769
89799
89829
89859
89889
89919
89949
89979
90009
90039
90069
90099
90129
90159
90189
90219
90249
90279
90309
90339
90369
90441
90471
90501
90531
90561
90591
90621
90651
90681
90711
90741
90771
90801
90831
90861
90891
90921
90951
90981
91011
91041
91071
91141
91171
91201
91231
91261
91291
91321
91351
91381
91411
91441
91471
91501
91531
91561
91591
91621
91651
91681
91711
91741
91809
91839
91869
91899
91929
91959
91989
92019
92049
92079
92109
92139
92169
92199
92229
92259
92289
92319
92349
92379
92409
92439
92505
92535
92565
92595
92625
92655
92685
92715
92745
92775
92805
92835
92865
92895
92925
92955
92985
93015
93045
93075
93105
93169
93199
93229
93259
93289
93319
93349
93379
93409
93439
93469
93499
93529
93559
93589
93619
93649
93679
93709
93739
93769
93799
93861
93891
93921
93951
93981
94011
94041
94071
94101
94131
94161
94191
94221
94251
94281
94311
94341
94371
94401
94431
94461
94521
94551
94581
94611
94641
94671
94701
94731
94761
94791
94821
94851
94881
94911
94941
94971
95001
95031
95061
95091
95121
95151
95209
9521
95239
95269
95299
95329
95359
95389
95419
95449
95479
95509
9551
95539
95569
95599
95629
95659
95689
95719
95749
95779
95809
9581
95839
95895
95925
95955
95985
96015
96045
96075
96105
96135
96165
96195
96225
96255
96285
96315
96345
96375
96405
96435
96465
96495
96525
96580
96610
96640
96670
96700
96730
96760
96790
96820
96850
96880
96910
96940
96970
97000
97030
97060
97090
97120
97150
97180
97210
97263
97293
97323
97353
97383
97413
97443
97473
97503
97533
97563
97593
97623
97653
97683
97713
97743
97773
97803
97833
97863
97893
97945
97975
98005
98035
98065
98095
98125
98155
98185
98215
98245
98275
98305
98335
98365
98395
98425
98455
98485
98515
98545
98575
98625
98655
98685
98715
98745
98775
98805
98835
98865
98895
98925
98955
98985
99015
99045
99075
99105
99135
99165
99195
99225
99255
99304
99334
99364
99394
99424
99454
99484
99514
99544
99574
99604
99634
99664
99694
99724
99754
99784
99814
99844
99874
99904
99934
99981
