100008
100038
100068
100098
100128
100158
100188
100218
100248
100278
100308
100338
100368
100398
100428
100458
100488
100518
100548
100578
100608
100654
100684
100714
100744
100774
100804
100834
100864
100894
100924
100954
100984
101014
101044
101074
101104
101134
101164
101194
101224
101254
101284
101329
101359
101389
101419
101449
101479
101509
101539
101569
101599
101629
101659
101689
101719
101749
101779
101809
101839
101869
101899
101929
101959
102002
10201
102032
102062
102092
102122
102152
102182
102212
102242
102272
102302
10231
102332
102362
102392
102422
102452
102482
102512
102542
102572
102602
10261
102632
102662
102704
102734
102764
102794
102824
102854
102884
10291
102914
102944
102974
103004
103034
103064
103094
103124
103154
103184
103214
103244
103274
103304
103334
103375
103405
103435
103465
103495
103525
103555
103585
103615
103645
103675
103705
103735
103765
103795
103825
103855
103885
103915
103945
103975
104005
104045
104075
104105
104135
104165
104195
104225
104255
104285
104315
104345
104375
104405
104435
104465
104495
104525
104555
104585
104615
104645
104675
104705
104744
104774
104804
104834
104864
104894
104924
104954
104984
105014
105044
105074
105104
105134
105164
105194
105224
105254
105284
105314
105344
105374
105412
105442
105472
105502
105532
105562
105592
105622
105652
105682
105712
105742
105772
105802
105832
105862
105892
105922
105952
105982
106012
106042
106072
106109
106139
106169
106199
106229
106259
106289
106319
106349
106379
106409
106439
106469
106499
106529
106559
106589
106619
106649
106679
106709
106739
106775
106805
106835
106865
106895
106925
106955
106985
107015
107045
107075
107105
107135
107165
107195
107225
107255
107285
107315
107345
107375
107405
107440
107470
107500
107530
107560
107590
107620
107650
107680
107710
107740
107770
107800
107830
107860
107890
107920
107950
107980
108010
108040
108070
108100
108135
108165
108195
108225
108255
108285
108315
108345
108375
108405
108435
108465
108495
108525
108555
108585
108615
108645
108675
108705
108735
108765
108795
108829
108859
108889
108919
108949
108979
109009
109039
109069
10908
109099
109129
109159
109189
109219
109249
109279
109309
109339
109369
10938
109399
109429
109459
109492
109522
109552
109582
109612
109642
109672
10968
109702
109732
109762
109792
109822
109852
109882
109912
109942
109972
110002
110032
110062
110092
110122
110152
110185
110215
110245
110275
110305
110335
110365
110395
110425
110455
110485
110515
110545
110575
110605
110635
110665
110695
110725
110755
110785
110815
110847
110877
110907
110937
110967
110997
111027
111057
111087
111117
111147
111177
111207
111237
111267
111297
111327
111357
111387
111417
111447
111477
111507
111539
111569
111599
111629
111659
111689
111719
111749
111779
111809
111839
111869
111899
111929
111959
111989
112019
112049
112079
112109
112139
112169
112201
112231
112261
112291
112321
112351
112381
112411
112441
112471
112501
112531
112561
112591
112621
112651
112681
112711
112741
112771
112801
112831
112861
112892
112922
112952
112982
113012
113042
113072
113102
113132
113162
113192
113222
113252
113282
113312
113342
113372
113402
113432
113462
113492
113522
113552
113581
113611
113641
113687
113717
113747
113777
113807
113837
113867
113897
113927
113957
113987
114017
114047
114077
114107
114137
114170
114200
114230
114261
114291
114321
114348
114378
114408
114438
114468
114498
114528
114558
114588
114618
114648
114678
114708
114738
114768
114798
114828
114850
114880
114910
114941
114971
115001
115039
115069
115099
115129
115159
115189
115219
115249
115279
115309
115339
115369
115399
115429
115459
115489
115519
115530
115560
115590
115621
115651
115681
115730
115760
11578
115790
115820
115850
115880
115910
115940
115970
116000
116030
116060
11608
116090
116120
116150
116180
116210
116240
116270
116301
116331
116361
11638
116391
116421
116451
116481
116511
116541
116571
116601
116631
116661
116691
116721
116751
116781
116811
116841
116871
116890
116920
116950
116981
117011
117041
117082
117112
117142
117172
117202
117232
117262
117292
117322
117352
117382
117412
117442
117472
117502
117532
117562
117570
117600
117630
117669
117699
117729
117759
117789
117819
117849
117879
117909
117939
117969
117999
118029
118059
118089
118119
118149
118179
118209
118239
118269
118299
118330
118360
118390
118420
118450
118480
118510
118540
118570
118600
118630
118660
118690
118720
118750
118780
118810
118840
118870
118900
118930
118960
118990
119021
119051
119081
119111
119141
119171
119201
119231
119261
119291
119321
119351
119381
119411
119441
119471
119501
119531
119561
119591
119621
119651
119683
119713
119743
119773
119803
119833
119863
119893
119923
119953
119983
120013
120043
120073
120103
120133
120163
120193
120223
120253
120283
120313
120343
120375
120405
120435
120465
120495
120525
120555
120585
120615
120645
120675
120705
120735
120765
120795
120825
120855
120885
120915
120945
120975
121005
121035
121067
121097
121127
121157
121187
121217
121247
121277
121307
121337
121367
121397
121427
121457
121487
121517
121547
121577
121607
121637
121667
121697
121730
121760
121790
121820
121850
121880
121910
121940
121970
122000
122030
122060
122090
122120
122150
122180
122210
122240
122270
122300
122330
122360
122390
12242
122423
122453
122483
122513
122543
122573
122603
122633
122663
122693
12272
122723
122753
122783
122813
122843
122873
122903
122933
122963
122993
12302
123023
123053
123087
123117
123147
123177
123207
123237
123267
123297
12332
123327
123357
123387
123417
123447
123477
123507
123537
123567
123597
123627
123657
123687
123717
123747
123782
123812
123842
123872
123902
123932
123962
123992
124022
124052
124082
124112
124142
124172
124202
124232
124262
124292
124322
124352
124382
124412
124447
124477
124507
124537
124567
124597
124627
124657
124687
124717
124747
124777
124807
124837
124867
124897
124927
124957
124987
125017
125047
125077
125107
125143
125173
125203
125233
125263
125293
125323
125353
125383
125413
125443
125473
125503
125533
125563
125593
125623
125653
125683
125713
125743
125773
125810
125840
125870
125900
125930
125960
125990
126020
126050
126080
126110
126140
126170
126200
126230
126260
126290
126320
126350
126380
126410
126440
126470
126508
126538
126568
126598
126628
126658
126688
126718
126748
126778
126808
126838
126868
126898
126928
126958
126988
127018
127048
127078
127108
127138
127177
127207
127237
127267
127297
127327
127357
127387
127417
127447
127477
127507
127537
127567
127597
127627
127657
127687
127717
127747
127777
127807
127847
127877
127907
127937
127967
127997
128027
128057
128087
128117
128147
128177
128207
128237
128267
128297
128327
128357
128387
128417
128447
128477
128507
128548
128578
128608
128638
128668
128698
128728
128758
128788
128818
128848
128878
128908
128938
128968
128998
129028
129058
129088
129118
129148
129178
129220
129250
129280
12930
129310
129340
129370
129400
129430
129460
129490
129520
129550
129580
12960
129610
129640
129670
129700
129730
129760
129790
129820
129850
129893
12990
129923
129953
129983
130013
130043
130073
130103
130133
130163
130193
13020
130223
130253
130283
130313
130343
130373
130403
130433
130463
130493
130523
130568
130598
130628
130658
130688
130718
130748
130778
130808
130838
130868
130898
130928
130958
130988
131018
131048
131078
131108
131138
131168
131198
131244
131274
131304
131334
131364
131394
131424
131454
131484
131514
131544
131574
131604
131634
131664
131694
131724
131754
131784
131814
131844
131874
131921
131951
131981
132011
132041
132071
132101
132131
132161
132191
132221
132251
132281
132311
132341
132371
132401
132431
132461
132491
132521
132551
132600
132630
132660
132690
132720
132750
132780
132810
132840
132870
132900
132930
132960
132990
133020
133050
133080
133110
133140
133170
133200
133230
133280
133310
133340
133370
133400
133430
133460
133490
133520
133550
133580
133610
133640
133670
133700
133730
133760
133790
133820
133850
133880
133910
133962
133992
134022
134052
134082
134112
134142
134172
134202
134232
134262
134292
134322
134352
134382
134412
134442
134472
134502
134532
134562
134592
134645
134675
134705
134735
134765
134795
134825
134855
134885
134915
134945
134975
135005
135035
135065
135095
135125
135155
135185
135215
135245
135275
135330
135360
135390
135420
135450
135480
135510
135540
135570
135600
135630
135660
135690
135720
135750
135780
135810
135840
135870
135900
135930
135960
136016
136046
136076
136106
13612
136136
136166
136196
136226
136256
136286
136316
136346
136376
136406
13642
136436
136466
136496
136526
136556
136586
136616
136646
136704
13672
136734
136764
136794
136824
136854
136884
136914
136944
136974
137004
13702
137034
137064
137094
137124
137154
137184
137214
137244
137274
137304
137364
137394
137424
137454
137484
137514
137544
137574
137604
137634
137664
137694
137724
137754
137784
137814
137844
137874
137904
137934
137964
137994
138056
138086
138116
138146
138176
138206
138236
138266
138296
138326
138356
138386
138416
138446
138476
138506
138536
138566
138596
138626
138656
138720
138750
138780
138810
138840
138870
138900
138930
138960
138990
139020
139050
139080
139110
139140
139170
139200
139230
139260
139290
139320
139350
139416
139446
139476
139506
139536
139566
139596
139626
139656
139686
139716
139746
139776
139806
139836
139866
139896
139926
139956
139986
140016
140084
140114
140144
140174
140204
140234
140264
140294
140324
140354
140384
140414
140444
140474
140504
140534
140564
140594
140624
140654
140684
140714
140784
140814
140844
140874
140904
140934
140964
140994
141024
141054
141084
141114
141144
141174
141204
141234
141264
141294
141324
141354
141384
141456
141486
141516
141546
141576
141606
141636
141666
141696
141726
141756
141786
141816
141846
141876
141906
141936
141966
141996
142026
142056
142130
142160
142190
142220
142250
142280
142310
142340
142370
142400
142430
142460
142490
142520
142550
142580
142610
142640
142670
142700
142730
142806
142836
142866
14288
142896
142926
142956
142986
143016
143046
143076
143106
143136
143166
14318
143196
143226
143256
143286
143316
143346
143376
143406
14348
143485
143515
143545
143575
143605
143635
143665
143695
143725
143755
14378
143785
143815
143845
143875
143905
143935
143965
143995
144025
144055
14408
144085
144166
144196
144226
144256
144286
144316
144346
144376
144406
144436
144466
144496
144526
144556
144586
144616
144646
144676
144706
144736
144766
144849
144879
144909
144939
144969
144999
145029
145059
145089
145119
145149
145179
145209
145239
145269
145299
145329
145359
145389
145419
145449
145535
145565
145595
145625
145655
145685
145715
145745
145775
145805
145835
145865
145895
145925
145955
145985
146015
146045
146075
146105
146135
146223
146253
146283
146313
146343
146373
146403
146433
146463
146493
146523
146553
146583
146613
146643
146673
146703
146733
146763
146793
146884
146914
146944
146974
147004
147034
147064
147094
147124
147154
147184
147214
147244
147274
147304
147334
147364
147394
147424
147454
147484
147578
147608
147638
147668
147698
147728
147758
147788
147818
147848
147878
147908
147938
147968
147998
148028
148058
148088
148118
148148
148244
148274
148304
148334
148364
148394
148424
148454
148484
148514
148544
148574
148604
148634
148664
148694
148724
148754
148784
148814
148844
148943
148973
149003
149033
149063
149093
149123
149153
149183
149213
149243
149273
149303
149333
149363
149393
149423
149453
149483
149513
149615
149645
149675
149705
149735
149765
149795
149825
149855
14987
149885
149915
149945
149975
150005
150035
150065
150095
150125
150155
15017
150185
150290
150320
150350
150380
150410
150440
15047
150470
150500
150530
150560
150590
150620
150650
150680
150710
150740
15077
150770
150800
150830
150860
150967
150997
151027
151057
151087
151117
151147
151177
151207
151237
151267
151297
151327
151357
151387
151417
151447
151477
151507
151537
151647
151677
151707
151737
151767
151797
151827
151857
151887
151917
151947
151977
152007
152037
152067
152097
152127
152157
152187
152217
152330
152360
152390
152420
152450
152480
152510
152540
152570
152600
152630
152660
152690
152720
152750
152780
152810
152840
152870
152900
153016
153046
153076
153106
153136
153166
153196
153226
153256
153286
153316
153346
153376
153406
153436
153466
153496
153526
153556
153586
153706
153736
153766
153796
153826
153856
153886
153916
153946
153976
154006
154036
154066
154096
154126
154156
154186
154216
154246
154369
154399
154429
154459
154489
154519
154549
154579
154609
154639
154669
154699
154729
154759
154789
154819
154849
154879
154909
154939
155065
155095
155125
155155
155185
155215
155245
155275
155305
155335
155365
155395
155425
155455
155485
155515
155545
155575
155605
155734
155764
155794
155824
155854
155884
155914
155944
155974
156004
156034
156064
156094
156124
156154
156184
156214
156244
156274
156406
156436
156466
156496
15650
156526
156556
156586
156616
156646
156676
156706
156736
156766
156796
15680
156826
156856
156886
156916
156946
157082
15710
157112
157142
157172
157202
157232
157262
157292
157322
157352
157382
15740
157412
157442
157472
157502
157532
157562
157592
157622
15770
157761
157791
157821
157851
157881
157911
157941
157971
158001
158031
158061
158091
158121
158151
158181
158211
158241
158271
158301
158443
158473
158503
158533
158563
158593
158623
158653
158683
158713
158743
158773
158803
158833
158863
158893
158923
158953
158983
159129
159159
159189
159219
159249
159279
159309
159339
159369
159399
159429
159459
159489
159519
159549
159579
159609
159639
159669
159819
159849
159879
159909
159939
159969
159999
160029
160059
160089
160119
160149
160179
160209
160239
160269
160299
160329
160482
160512
160542
160572
160602
160632
160662
160692
160722
160752
160782
160812
160842
160872
160902
160932
160962
160992
161022
161179
161209
161239
161269
161299
161329
161359
161389
161419
161449
161479
161509
161539
161569
161599
161629
161659
161689
161849
161879
161909
161939
161969
161999
162029
162059
162089
162119
162149
162179
162209
162239
162269
162299
162329
162359
162523
162553
162583
162613
162643
162673
162703
162733
162763
162793
162823
162853
162883
162913
162943
162973
163003
163033
163201
163231
163261
163291
163321
163351
16337
163381
163411
163441
163471
163501
163531
163561
163591
163621
163651
16367
163681
163711
163883
163913
163943
16397
163973
164003
164033
164063
164093
164123
164153
164183
164213
164243
16427
164273
164303
164333
164363
164393
164569
16457
164599
164629
164659
164689
164719
164749
164779
164809
164839
164869
164899
164929
164959
164989
165019
165049
165079
165258
165288
165318
165348
165378
165408
165438
165468
165498
165528
165558
165588
165618
165648
165678
165708
165738
165921
165951
165981
166011
166041
166071
166101
166131
166161
166191
166221
166251
166281
166311
166341
166371
166401
166431
166618
166648
166678
166708
166738
166768
166798
166828
166858
166888
166918
166948
166978
167008
167038
167068
167098
167289
167319
167349
167379
167409
167439
167469
167499
167529
167559
167589
167619
167649
167679
167709
167739
167769
167964
167994
168024
168054
168084
168114
168144
168174
168204
168234
168264
168294
168324
168354
168384
168414
168444
168644
168674
168704
168734
168764
168794
168824
168854
168884
168914
168944
168974
169004
169034
169064
169094
169124
169328
169358
169388
169418
169448
169478
169508
169538
169568
169598
169628
169658
169688
169718
169748
169778
169808
170016
170046
170076
170106
170136
170166
17018
170196
170226
170256
170286
170316
170346
170376
170406
170436
170466
17048
170496
170708
170738
170768
17078
170798
170828
170858
170888
170918
170948
170978
171008
171038
171068
17108
171098
171128
171158
171375
17138
171405
171435
171465
171495
171525
171555
171585
171615
171645
171675
171705
171735
171765
171795
171825
172046
172076
172106
172136
172166
172196
172226
172256
172286
172316
172346
172376
172406
172436
172466
172496
172721
172751
172781
172811
172841
172871
172901
172931
172961
172991
173021
173051
173081
173111
173141
173171
173401
173431
173461
173491
173521
173551
173581
173611
173641
173671
173701
173731
173761
173791
173821
173851
174085
174115
174145
174175
174205
174235
174265
174295
174325
174355
174385
174415
174445
174475
174505
174535
174774
174804
174834
174864
174894
174924
174954
174984
175014
175044
175074
175104
175134
175164
175194
175224
175467
175497
175527
175557
175587
175617
175647
175677
175707
175737
175767
175797
175827
175857
175887
176135
176165
176195
176225
176255
176285
176315
176345
176375
176405
176435
176465
176495
176525
176555
176807
176837
176867
176897
176927
17693
176957
176987
177017
177047
177077
177107
177137
177167
177197
177227
17723
177484
177514
17753
177544
177574
177604
177634
177664
177694
177724
177754
177784
177814
17783
177844
177874
177904
17813
178166
178196
178226
178256
178286
178316
178346
178376
178406
178436
178466
178496
178526
178556
178586
178852
178882
178912
178942
178972
179002
179032
179062
179092
179122
179152
179182
179212
179242
179272
179543
179573
179603
179633
179663
179693
179723
179753
179783
179813
179843
179873
179903
179933
180209
180239
180269
180299
180329
180359
180389
180419
180449
180479
180509
180539
180569
180599
180880
180910
180940
180970
181000
181030
181060
181090
181120
181150
181180
181210
181240
181270
181300
181586
181616
181646
181676
181706
181736
181766
181796
181826
181856
181886
181916
181946
181976
182267
182297
182327
182357
182387
182417
182447
182477
182507
182537
182567
182597
182627
182923
182953
182983
183013
183043
183073
183103
183133
183163
183193
183223
183253
183283
183313
183614
18362
183644
183674
183704
183734
183764
183794
183824
183854
183884
183914
18392
183944
183974
18422
184280
184310
184340
184370
184400
184430
184460
184490
18452
184520
184550
184580
184610
184640
184670
18482
184981
185011
185041
185071
185101
18512
185131
185161
185191
185221
185251
185281
185311
185341
185657
185687
185717
185747
185777
185807
185837
185867
185897
185927
185957
185987
186017
186338
186368
186398
186428
186458
186488
186518
186548
186578
186608
186638
186668
186698
187024
187054
187084
187114
187144
187174
187204
187234
187264
187294
187324
187354
187685
187715
187745
187775
187805
187835
187865
187895
187925
187955
187985
188015
188045
188382
188412
188442
188472
188502
188532
188562
188592
188622
188652
188682
188712
189054
189084
189114
189144
189174
189204
189234
189264
189294
189324
189354
189384
189731
189761
189791
189821
189851
189881
189911
189941
189971
190001
190031
190061
190414
190444
190474
190504
190534
19055
190564
190594
190624
190654
190684
190714
190744
19085
191102
191132
19115
191162
191192
191222
191252
191282
191312
191342
191372
191402
19145
19175
191765
191795
191825
191855
191885
191915
191945
191975
192005
192035
19205
192065
192095
192464
192494
192524
192554
192584
192614
192644
192674
192704
192734
192764
193138
193168
193198
193228
193258
193288
193318
193348
193378
193408
193438
193818
193848
193878
193908
193938
193968
193998
194028
194058
194088
194118
194503
194533
194563
194593
194623
194653
194683
194713
194743
194773
195164
195194
195224
195254
195284
195314
195344
195374
195404
195434
195464
195860
195890
195920
195950
195980
196010
196040
196070
196100
196130
196532
196562
196592
196622
196652
196682
196712
196742
196772
196802
197209
197239
197269
197299
197329
197359
197389
197419
19742
197449
197479
19772
197892
197922
197952
197982
198012
19802
198042
198072
198102
198132
198162
19832
198581
198611
19862
198641
198671
198701
198731
198761
198791
198821
19892
199245
199275
199305
199335
199365
199395
199425
199455
199485
199515
199945
199975
200005
200035
200065
200095
200125
200155
200185
200621
200651
200681
200711
200741
200771
200801
200831
200861
201303
201333
201363
201393
201423
201453
201483
201513
201960
201990
202020
202050
202080
202110
202140
202170
202200
202653
202683
202713
202743
202773
202803
202833
202863
203322
203352
203382
203412
203442
203472
203502
203532
203562
204027
204057
204087
204117
204147
204177
204207
20422
204237
2044
20452
204708
204738
204768
204798
20482
204828
204858
204888
20512
205365
205395
20542
205425
205455
205485
205515
205545
205575
20572
206058
206088
206118
206148
206178
206208
206238
206726
206756
206786
206816
206846
206876
206906
207400
207430
207460
207490
207520
207550
207580
208080
208110
208140
208170
208200
208230
208260
208766
208796
208826
208856
208886
208916
208946
209458
209488
209518
209548
209578
209608
210126
210156
210186
210216
210246
210276
210800
210830
210860
210890
210920
210950
21096
21126
211480
211510
211540
21156
211570
211600
211630
21186
21216
212167
212197
212227
212257
212287
212317
21246
212860
212890
212920
212950
212980
213529
213559
213589
213619
213649
214204
214234
214264
214294
214324
214885
214915
214945
214975
215005
215572
215602
215632
215662
215692
216265
216295
216325
216355
216934
216964
216994
217024
217610
21764
217640
217670
217700
21794
21824
218292
218322
218352
218382
21854
21884
218980
219010
219040
21914
21944
219644
219674
219704
219734
220344
220374
220404
221021
221051
221081
221704
221734
222363
222393
222423
223058
223088
223730
223760
224408
224438
22456
22486
225092
225122
22516
22546
22576
225782
22606
22636
226449
227122
227801
228486
23142
23172
23202
23232
23262
23292
23322
23822
23852
23882
23912
23942
23972
24002
24496
24526
24556
24586
24616
24646
24676
25164
25194
25224
25254
25284
25314
25344
25374
25857
25887
25917
25947
25977
26007
26037
26067
26544
26574
26604
26634
26664
26694
26724
26754
27225
27255
27285
27315
27345
2736
27375
27405
27435
27900
27930
27960
27990
28020
28050
28080
28110
28569
28599
28629
28659
28689
28719
28749
28779
28809
29262
29292
29322
29352
29382
29412
29442
29472
29502
29949
29979
30009
30039
30069
30099
30129
30159
30601
30631
30661
30691
30721
30751
30781
30811
30841
30871
31307
31337
31367
31397
31427
31457
31487
31517
31547
31977
32007
32037
32067
32097
32127
32157
32187
32217
32641
32671
32701
32731
32761
32791
32821
32851
32881
32911
33330
33360
33390
33420
33450
33480
33510
33540
33570
33600
34013
34043
34073
34103
34133
34163
34193
3421
34223
34253
34283
34690
34720
34750
34780
34810
34840
34870
34900
34930
34960
35362
35392
35422
35452
35482
35512
35542
35572
35602
35632
35662
36058
36088
36118
36148
36178
36208
36238
36268
36298
36328
36358
36749
36779
36809
36839
36869
36899
36929
36959
36989
37019
37404
37434
37464
37494
37524
37554
37584
37614
37644
37674
37704
38084
38114
38144
38174
38204
38234
38264
38294
38324
38354
38384
38414
38788
38818
38848
38878
38908
38938
38968
38998
39028
39058
39088
39457
39487
39517
39547
39577
39607
39637
39667
39697
39727
39757
40120
40150
40180
40210
40240
40270
40300
40330
40360
40390
40420
40450
40808
40838
40868
40898
40928
40958
40988
4100
41018
41048
41078
41108
41138
41491
41521
41551
41581
41611
41641
41671
41701
41731
41761
41791
41821
42168
42198
42228
42258
42288
42318
42348
42378
42408
42438
42468
42498
42840
42870
42900
42930
42960
42990
43020
43050
43080
43110
43140
43170
43200
43537
43567
43597
43627
43657
43687
43717
43747
43777
43807
43837
43867
43897
44228
44258
44288
44318
44348
44378
44408
44438
44468
44498
44528
44558
44884
44914
44944
44974
45004
45034
45064
45094
45124
45154
45184
45214
45244
45565
45595
45625
45655
45685
45715
45745
45775
45805
45835
45865
45895
45925
46241
46271
46301
46331
46361
46391
46421
46451
46481
46511
46541
46571
46601
46631
46942
46972
47002
47032
47062
47092
47122
47152
47182
47212
47242
47272
47302
47608
47638
47668
47698
47728
4773
47758
47788
47818
47848
47878
47908
47938
47968
47998
48299
48329
48359
48389
48419
48449
48479
48509
48539
48569
48599
48629
48659
48689
48985
49015
49045
49075
49105
49135
49165
49195
49225
49255
49285
49315
49345
49375
49666
49696
49726
49756
49786
49816
49846
49876
49906
49936
49966
49996
50026
50056
50342
50372
50402
50432
50462
50492
50522
50552
50582
50612
50642
50672
50702
50732
51013
51043
51073
51103
51133
51163
51193
51223
51253
51283
51313
51343
51373
51403
51433
51709
51739
51769
51799
51829
51859
51889
51919
51949
51979
52009
52039
52069
52099
52370
52400
52430
52460
52490
52520
52550
52580
52610
52640
52670
52700
52730
52760
52790
53056
53086
53116
53146
53176
53206
53236
53266
53296
53326
53356
53386
53416
53446
53476
53738
53768
53798
53828
53858
53888
53918
53948
53978
54008
54038
54068
54098
54128
54158
5440
54415
54445
54475
54505
54535
54565
54595
54625
54655
54685
5470
54715
54745
54775
54805
54835
55087
55117
55147
55177
55207
55237
55267
55297
55327
55357
55387
55417
55447
55477
55507
55537
55785
55815
55845
55875
55905
55935
55965
55995
56025
56055
56085
56115
56145
56175
56205
56448
56478
56508
56538
56568
56598
56628
56658
56688
56718
56748
56778
56808
56838
56868
56898
57137
57167
57197
57227
57257
57287
57317
57347
57377
57407
57437
57467
57497
57527
57557
57587
57821
57851
57881
57911
57941
57971
58001
58031
58061
58091
58121
58151
58181
58211
58241
58271
58501
58531
58561
58591
58621
58651
58681
58711
58741
58771
58801
58831
58861
58891
58921
58951
59176
59206
59236
59266
59296
59326
59356
59386
59416
59446
59476
59506
59536
59566
59596
59626
59847
59877
59907
59937
59967
59997
60027
60057
60087
60117
60147
60177
60207
60237
60267
60297
60327
60544
60574
60604
60634
60664
60694
60724
60754
60784
60814
60844
60874
60904
60934
60964
60994
61206
61236
61266
61296
6130
61326
61356
61386
61416
61446
61476
61506
61536
61566
61596
6160
61626
61656
61686
61894
61924
61954
61984
62014
62044
62074
62104
62134
62164
62194
62224
62254
62284
62314
62344
62374
62578
62608
62638
62668
62698
62728
62758
62788
62818
62848
62878
62908
62938
62968
62998
63028
63058
63258
63288
63318
63348
63378
63408
63438
63468
63498
63528
63558
63588
63618
63648
63678
63708
63738
63933
63963
63993
64023
64053
64083
64113
64143
64173
64203
64233
64263
64293
64323
64353
64383
64413
64604
64634
64664
64694
64724
64754
64784
64814
64844
64874
64904
64934
64964
64994
65024
65054
65084
65114
65301
65331
65361
65391
65421
65451
65481
65511
65541
65571
65601
65631
65661
65691
65721
65751
65781
65964
65994
66024
66054
66084
66114
66144
66174
66204
66234
66264
66294
66324
66354
66384
66414
66444
66474
66653
66683
66713
66743
66773
66803
66833
66863
66893
66923
66953
66983
67013
67043
67073
67103
67133
67163
67339
67369
67399
67429
67459
67489
67519
67549
67579
67609
67639
67669
67699
67729
67759
67789
67819
67849
68021
68051
68081
68111
6814
68141
68171
68201
68231
68261
68291
68321
68351
68381
68411
6844
68441
68471
68501
68531
68699
68729
68759
68789
68819
68849
68879
68909
68939
68969
68999
69029
69059
69089
69119
69149
69179
69209
69373
69403
69433
69463
69493
69523
69553
69583
69613
69643
69673
69703
69733
69763
69793
69823
69853
69883
70043
70073
70103
70133
70163
70193
70223
70253
70283
70313
70343
70373
70403
70433
70463
70493
70523
70553
70583
70740
70770
70800
70830
70860
70890
70920
70950
70980
71010
71040
71070
71100
71130
71160
71190
71220
71250
71403
71433
71463
71493
71523
71553
71583
71613
71643
71673
71703
71733
71763
71793
71823
71853
71883
71913
71943
72093
72123
72153
72183
72213
72243
72273
72303
72333
72363
72393
72423
72453
72483
72513
72543
72573
72603
72633
72779
72809
72839
72869
72899
72929
72959
72989
73019
73049
73079
73109
73139
73169
73199
73229
73259
73289
73319
73461
73491
73521
73551
73581
73611
73641
73671
73701
73731
73761
73791
73821
73851
73881
73911
73941
73971
74001
74140
74170
74200
74230
74260
74290
74320
74350
74380
74410
74440
74470
74500
74530
74560
74590
74620
74650
74680
74816
74846
74876
74906
7492
74936
74966
74996
75026
75056
75086
75116
75146
75176
75206
7522
75236
75266
75296
75326
75356
75488
75518
75548
75578
75608
75638
75668
75698
75728
75758
75788
75818
75848
75878
75908
75938
75968
75998
76028
76058
76187
76217
76247
76277
76307
76337
76367
76397
76427
76457
76487
76517
76547
76577
76607
76637
76667
76697
76727
76853
76883
76913
76943
76973
77003
77033
77063
77093
77123
77153
77183
77213
77243
77273
77303
77333
77363
77393
77423
77546
77576
77606
77636
77666
77696
77726
77756
77786
77816
77846
77876
77906
77936
77966
77996
78026
78056
78086
78206
78236
78266
78296
78326
78356
78386
78416
78446
78476
78506
78536
78566
78596
78626
78656
78686
78716
78746
78776
78892
78922
78952
78982
79012
79042
79072
79102
79132
79162
79192
79222
79252
79282
79312
79342
79372
79402
79432
79462
79575
79605
79635
79665
79695
79725
79755
79785
79815
79845
79875
79905
79935
79965
79995
80025
80055
80085
80115
80145
80255
80285
80315
80345
80375
80405
80435
80465
80495
80525
80555
80585
80615
80645
80675
80705
80735
80765
80795
80825
80932
80962
80992
81022
81052
81082
81112
81142
81172
81202
81232
81262
81292
81322
81352
81382
81412
81442
81472
81502
81607
81637
8164
81667
81697
81727
81757
81787
81817
81847
81877
81907
81937
8194
81967
81997
82027
82057
82087
82117
82147
82177
82207
8224
82309
82339
82369
82399
82429
82459
82489
82519
82549
82579
82609
82639
82669
82699
82729
82759
82789
82819
82849
82879
82978
83008
83038
83068
83098
83128
83158
83188
83218
83248
83278
83308
83338
83368
83398
83428
83458
83488
83518
83548
83644
83674
83704
83734
83764
83794
83824
83854
83884
83914
83944
83974
84004
84034
84064
84094
84124
84154
84184
84214
84244
84338
84368
84398
84428
84458
84488
84518
84548
84578
84608
84638
84668
84698
84728
84758
84788
84818
84848
84878
84908
84938
85029
85059
85089
85119
85149
85179
85209
85239
85269
85299
85329
85359
85389
85419
85449
85479
85509
85539
85569
85599
85687
85717
85747
85777
85807
85837
85867
85897
85927
85957
85987
86017
86047
86077
86107
86137
86167
86197
86227
86257
86287
86373
86403
86433
86463
86493
86523
86553
86583
86613
86643
86673
86703
86733
86763
86793
86823
86853
86883
86913
86943
86973
87056
87086
87116
87146
87176
87206
87236
87266
87296
87326
87356
87386
87416
87446
87476
87506
87536
87566
87596
87626
87656
87737
87767
87797
87827
87857
87887
87917
87947
87977
88007
88037
88067
88097
88127
88157
88187
88217
88247
88277
88307
88337
88416
88446
88476
88506
88536
88566
8859
88596
88626
88656
88686
88716
88746
88776
88806
88836
88866
8889
88896
88926
88956
88986
89016
89092
89122
89152
89182
8919
89212
89242
89272
89302
89332
89362
89392
89422
89452
89482
89512
89542
89572
89602
89632
89662
89692
89766
89796
89826
89856
89886
89916
89946
89976
90006
90036
90066
90096
90126
90156
90186
90216
90246
90276
90306
90336
90366
90396
90468
90498
90528
90558
90588
90618
90648
90678
90708
90738
90768
90798
90828
90858
90888
90918
90948
90978
91008
91038
91068
91138
91168
91198
91228
91258
91288
91318
91348
91378
91408
91438
91468
91498
91528
91558
91588
91618
91648
91678
91708
91738
91806
91836
91866
91896
91926
91956
91986
92016
92046
92076
92106
92136
92166
92196
92226
92256
92286
92316
92346
92376
92406
92436
92502
92532
92562
92592
92622
92652
92682
92712
92742
92772
92802
92832
92862
92892
92922
92952
92982
93012
93042
93072
93102
93166
93196
93226
93256
93286
93316
93346
93376
93406
93436
93466
93496
93526
93556
93586
93616
93646
93676
93706
93736
93766
93796
93858
93888
93918
93948
93978
94008
94038
94068
94098
94128
94158
94188
94218
94248
94278
94308
94338
94368
94398
94428
94458
94488
94548
94578
94608
94638
94668
94698
94728
94758
94788
94818
94848
94878
94908
94938
94968
94998
95028
95058
95088
95118
95148
95206
95236
95266
95296
95326
95356
95386
95416
95446
95476
9548
95506
95536
95566
95596
95626
95656
95686
95716
95746
95776
9578
95806
95836
95892
95922
95952
95982
96012
96042
96072
96102
96132
96162
96192
96222
96252
96282
96312
96342
96372
96402
96432
96462
96492
96522
96577
96607
96637
96667
96697
96727
96757
96787
96817
96847
96877
96907
96937
96967
96997
97027
97057
97087
97117
97147
97177
97207
97260
97290
97320
97350
97380
97410
97440
97470
97500
97530
97560
97590
97620
97650
97680
97710
97740
97770
97800
97830
97860
97890
97942
97972
98002
98032
98062
98092
98122
98152
98182
98212
98242
98272
98302
98332
98362
98392
98422
98452
98482
98512
98542
98572
98622
98652
98682
98712
98742
98772
98802
98832
98862
98892
98922
98952
98982
99012
99042
99072
99102
99132
99162
99192
99222
99252
99301
99331
99361
99391
99421
99451
99481
99511
99541
99571
99601
99631
99661
99691
99721
99751
99781
99811
99841
99871
99901
99931
99978
