100027
100057
100087
100117
100147
100177
100207
100237
100267
100297
100327
100357
100387
100417
100447
100477
100507
100537
100567
100597
100643
100673
100703
100733
100763
100793
100823
100853
100883
100913
100943
100973
101003
101033
101063
101093
101123
101153
101183
101213
101243
101273
101303
101348
101378
101408
101438
101468
101498
101528
101558
101588
101618
101648
101678
101708
101738
101768
101798
101828
101858
101888
101918
101948
101978
102021
102051
102081
102111
102141
102171
10220
102201
102231
102261
102291
102321
102351
102381
102411
102441
102471
10250
102501
102531
102561
102591
102621
102651
102693
102723
102753
102783
10280
102813
102843
102873
102903
102933
102963
102993
103023
103053
103083
103113
103143
103173
103203
103233
103263
103293
103323
103364
103394
103424
103454
103484
103514
103544
103574
103604
103634
103664
103694
103724
103754
103784
103814
103844
103874
103904
103934
103964
103994
104024
104064
104094
104124
104154
104184
104214
104244
104274
104304
104334
104364
104394
104424
104454
104484
104514
104544
104574
104604
104634
104664
104694
104733
104763
104793
104823
104853
104883
104913
104943
104973
105003
105033
105063
105093
105123
105153
105183
105213
105243
105273
105303
105333
105363
105401
105431
105461
105491
105521
105551
105581
105611
105641
105671
105701
105731
105761
105791
105821
105851
105881
105911
105941
105971
106001
106031
106061
106098
106128
106158
106188
106218
106248
106278
106308
106338
106368
106398
106428
106458
106488
106518
106548
106578
106608
106638
106668
106698
106728
106764
106794
106824
106854
106884
106914
106944
106974
107004
107034
107064
107094
107124
107154
107184
107214
107244
107274
107304
107334
107364
107394
107424
107459
107489
107519
107549
107579
107609
107639
107669
107699
107729
107759
107789
107819
107849
107879
107909
107939
107969
107999
108029
108059
108089
108124
108154
108184
108214
108244
108274
108304
108334
108364
108394
108424
108454
108484
108514
108544
108574
108604
108634
108664
108694
108724
108754
108784
108818
108848
108878
108908
108938
108968
10897
108998
109028
109058
109088
109118
109148
109178
109208
109238
109268
10927
109298
109328
109358
109388
109418
109448
109481
109511
109541
10957
109571
109601
109631
109661
109691
109721
109751
109781
109811
109841
109871
109901
109931
109961
109991
110021
110051
110081
110111
110141
110174
110204
110234
110264
110294
110324
110354
110384
110414
110444
110474
110504
110534
110564
110594
110624
110654
110684
110714
110744
110774
110804
110834
110866
110896
110926
110956
110986
111016
111046
111076
111106
111136
111166
111196
111226
111256
111286
111316
111346
111376
111406
111436
111466
111496
111528
111558
111588
111618
111648
111678
111708
111738
111768
111798
111828
111858
111888
111918
111948
111978
112008
112038
112068
112098
112128
112158
112188
112220
112250
112280
112310
112340
112370
112400
112430
112460
112490
112520
112550
112580
112610
112640
112670
112700
112730
112760
112790
112820
112850
112881
112911
112941
112971
113001
113031
113061
113091
113121
113151
113181
113211
113241
113271
113301
113331
113361
113391
113421
113451
113481
113511
113541
113570
113600
113630
113660
113676
113706
113736
113766
113796
113826
113856
113886
113916
113946
113976
114006
114036
114066
114096
114126
114156
114189
114219
114250
114280
114310
114340
114367
114397
114427
114457
114487
114517
114547
114577
114607
114637
114667
114697
114727
114757
114787
114817
114869
114899
114930
114960
114990
115020
115028
115058
115088
115118
115148
115178
115208
115238
115268
115298
115328
115358
115388
115418
115448
115478
115508
115549
115579
115610
115640
11567
115670
115700
115719
115749
115779
115809
115839
115869
115899
115929
115959
11597
115989
116019
116049
116079
116109
116139
116169
116199
116229
116259
11627
116290
116320
116350
116380
116410
116440
116470
116500
116530
116560
11657
116590
116620
116650
116680
116710
116740
116770
116800
116830
116860
116909
116939
116970
117000
117030
117060
117071
117101
117131
117161
117191
117221
117251
117281
117311
117341
117371
117401
117431
117461
117491
117521
117551
117589
117619
117658
117688
117718
117748
117778
117808
117838
117868
117898
117928
117958
117988
118018
118048
118078
118108
118138
118168
118198
118228
118258
118288
118318
118349
118379
118409
118439
118469
118499
118529
118559
118589
118619
118649
118679
118709
118739
118769
118799
118829
118859
118889
118919
118949
118979
119010
119040
119070
119100
119130
119160
119190
119220
119250
119280
119310
119340
119370
119400
119430
119460
119490
119520
119550
119580
119610
119640
119670
119702
119732
119762
119792
119822
119852
119882
119912
119942
119972
120002
120032
120062
120092
120122
120152
120182
120212
120242
120272
120302
120332
120364
120394
120424
120454
120484
120514
120544
120574
120604
120634
120664
120694
120724
120754
120784
120814
120844
120874
120904
120934
120964
120994
121024
121056
121086
121116
121146
121176
121206
121236
121266
121296
121326
121356
121386
121416
121446
121476
121506
121536
121566
121596
121626
121656
121686
121716
121749
121779
121809
121839
121869
121899
121929
121959
121989
122019
122049
122079
122109
122139
122169
122199
122229
122259
122289
122319
122349
122379
122412
122442
122472
122502
122532
122562
122592
12261
122622
122652
122682
122712
122742
122772
122802
122832
122862
122892
12291
122922
122952
122982
123012
123042
123072
123106
123136
123166
123196
12321
123226
123256
123286
123316
123346
123376
123406
123436
123466
123496
12351
123526
123556
123586
123616
123646
123676
123706
123736
123771
123801
123831
123861
123891
123921
123951
123981
124011
124041
124071
124101
124131
124161
124191
124221
124251
124281
124311
124341
124371
124401
124431
124466
124496
124526
124556
124586
124616
124646
124676
124706
124736
124766
124796
124826
124856
124886
124916
124946
124976
125006
125036
125066
125096
125132
125162
125192
125222
125252
125282
125312
125342
125372
125402
125432
125462
125492
125522
125552
125582
125612
125642
125672
125702
125732
125762
125792
125829
125859
125889
125919
125949
125979
126009
126039
126069
126099
126129
126159
126189
126219
126249
126279
126309
126339
126369
126399
126429
126459
126497
126527
126557
126587
126617
126647
126677
126707
126737
126767
126797
126827
126857
126887
126917
126947
126977
127007
127037
127067
127097
127127
127166
127196
127226
127256
127286
127316
127346
127376
127406
127436
127466
127496
127526
127556
127586
127616
127646
127676
127706
127736
127766
127796
127826
127866
127896
127926
127956
127986
128016
128046
128076
128106
128136
128166
128196
128226
128256
128286
128316
128346
128376
128406
128436
128466
128496
128537
128567
128597
128627
128657
128687
128717
128747
128777
128807
128837
128867
128897
128927
128957
128987
129017
129047
129077
129107
129137
129167
129209
129239
129269
129299
129329
129359
129389
129419
129449
129479
12949
129509
129539
129569
129599
129629
129659
129689
129719
129749
129779
12979
129809
129839
129882
129912
129942
129972
130002
130032
130062
13009
130092
130122
130152
130182
130212
130242
130272
130302
130332
130362
130392
130422
130452
130482
130512
130542
130587
130617
130647
130677
130707
130737
130767
130797
130827
130857
130887
130917
130947
130977
131007
131037
131067
131097
131127
131157
131187
131217
131263
131293
131323
131353
131383
131413
131443
131473
131503
131533
131563
131593
131623
131653
131683
131713
131743
131773
131803
131833
131863
131893
131940
131970
132000
132030
132060
132090
132120
132150
132180
132210
132240
132270
132300
132330
132360
132390
132420
132450
132480
132510
132540
132570
132619
132649
132679
132709
132739
132769
132799
132829
132859
132889
132919
132949
132979
133009
133039
133069
133099
133129
133159
133189
133219
133249
133299
133329
133359
133389
133419
133449
133479
133509
133539
133569
133599
133629
133659
133689
133719
133749
133779
133809
133839
133869
133899
133929
133981
134011
134041
134071
134101
134131
134161
134191
134221
134251
134281
134311
134341
134371
134401
134431
134461
134491
134521
134551
134581
134611
134664
134694
134724
134754
134784
134814
134844
134874
134904
134934
134964
134994
135024
135054
135084
135114
135144
135174
135204
135234
135264
135294
135349
135379
135409
135439
135469
135499
135529
135559
135589
135619
135649
135679
135709
135739
135769
135799
135829
135859
135889
135919
135949
136005
13601
136035
136065
136095
136125
136155
136185
136215
136245
136275
136305
13631
136335
136365
136395
136425
136455
136485
1365
136515
136545
136575
136605
13661
136635
136693
136723
136753
136783
136813
136843
136873
136903
13691
136933
136963
136993
137023
137053
137083
137113
137143
137173
137203
13721
137233
137263
137293
137323
137383
137413
137443
137473
137503
137533
137563
137593
137623
137653
137683
137713
137743
137773
137803
137833
137863
137893
137923
137953
137983
138045
138075
138105
138135
138165
138195
138225
138255
138285
138315
138345
138375
138405
138435
138465
138495
138525
138555
138585
138615
138645
138675
138739
138769
138799
138829
138859
138889
138919
138949
138979
139009
139039
139069
139099
139129
139159
139189
139219
139249
139279
139309
139339
139405
139435
139465
139495
139525
139555
139585
139615
139645
139675
139705
139735
139765
139795
139825
139855
139885
139915
139945
139975
140005
140035
140103
140133
140163
140193
140223
140253
140283
140313
140343
140373
140403
140433
140463
140493
140523
140553
140583
140613
140643
140673
140703
140773
140803
140833
140863
140893
140923
140953
140983
141013
141043
141073
141103
141133
141163
141193
141223
141253
141283
141313
141343
141373
141445
141475
141505
141535
141565
141595
141625
141655
141685
141715
141745
141775
141805
141835
141865
141895
141925
141955
141985
142015
142045
142075
142149
142179
142209
142239
142269
142299
142329
142359
142389
142419
142449
142479
142509
142539
142569
142599
142629
142659
142689
142719
142749
142825
142855
142885
142915
142945
142975
143005
143035
143065
14307
143095
143125
143155
143185
143215
143245
143275
143305
143335
143365
14337
143395
143425
143504
143534
143564
143594
143624
143654
14367
143684
143714
143744
143774
143804
143834
143864
143894
143924
143954
14397
143984
144014
144044
144074
144104
144185
144215
144245
144275
144305
144335
144365
144395
144425
144455
144485
144515
144545
144575
144605
144635
144665
144695
144725
144755
144785
144868
144898
144928
144958
144988
145018
145048
145078
145108
145138
145168
145198
145228
145258
145288
145318
145348
145378
145408
145438
145524
145554
145584
145614
145644
145674
145704
145734
145764
145794
145824
145854
145884
145914
145944
145974
146004
146034
146064
146094
146124
146212
146242
146272
146302
146332
146362
146392
146422
146452
146482
146512
146542
146572
146602
146632
146662
146692
146722
146752
146782
146812
146903
146933
146963
146993
147023
147053
147083
147113
147143
147173
147203
147233
147263
147293
147323
147353
147383
147413
147443
147473
147567
147597
147627
147657
147687
147717
147747
147777
147807
147837
147867
147897
147927
147957
147987
148017
148047
148077
148107
148137
148167
148263
148293
148323
148353
148383
148413
148443
148473
148503
148533
148563
148593
148623
148653
148683
148713
148743
148773
148803
148833
148932
148962
148992
149022
149052
149082
149112
149142
149172
149202
149232
149262
149292
149322
149352
149382
149412
149442
149472
149502
149604
149634
149664
149694
149724
149754
14976
149784
149814
149844
149874
149904
149934
149964
149994
150024
150054
15006
150084
150114
150144
150174
150204
150309
150339
15036
150369
150399
150429
150459
150489
150519
150549
150579
150609
150639
15066
150669
150699
150729
150759
150789
150819
150849
150879
15096
150986
151016
151046
151076
151106
151136
151166
151196
151226
151256
151286
151316
151346
151376
151406
151436
151466
151496
151526
151556
151666
151696
151726
151756
151786
151816
151846
151876
151906
151936
151966
151996
152026
152056
152086
152116
152146
152176
152206
152236
152349
152379
152409
152439
152469
152499
152529
152559
152589
152619
152649
152679
152709
152739
152769
152799
152829
152859
152889
153005
153035
153065
153095
153125
153155
153185
153215
153245
153275
153305
153335
153365
153395
153425
153455
153485
153515
153545
153575
153695
153725
153755
153785
153815
153845
153875
153905
153935
153965
153995
154025
154055
154085
154115
154145
154175
154205
154235
154265
154388
154418
154448
154478
154508
154538
154568
154598
154628
154658
154688
154718
154748
154778
154808
154838
154868
154898
154928
155054
155084
155114
155144
155174
155204
155234
155264
155294
155324
155354
155384
155414
155444
155474
155504
155534
155564
155594
155723
155753
155783
155813
155843
155873
155903
155933
155963
155993
156023
156053
156083
156113
156143
156173
156203
156233
156263
156293
156425
156455
156485
156515
156545
156575
156605
156635
156665
15669
156695
156725
156755
156785
156815
156845
156875
156905
156935
156965
15699
157101
157131
157161
157191
157221
157251
157281
15729
157311
157341
157371
157401
157431
157461
157491
157521
157551
157581
15759
157611
157641
157780
157810
157840
157870
157900
157930
157960
157990
158020
158050
158080
158110
158140
158170
158200
158230
158260
158290
158320
158462
158492
158522
158552
158582
158612
158642
158672
158702
158732
158762
158792
158822
158852
158882
158912
158942
158972
159002
159148
159178
159208
159238
159268
159298
159328
159358
159388
159418
159448
159478
159508
159538
159568
159598
159628
159658
159808
159838
159868
159898
159928
159958
159988
160018
160048
160078
160108
160138
160168
160198
160228
160258
160288
160318
160348
160501
160531
160561
160591
160621
160651
160681
160711
160741
160771
160801
160831
160861
160891
160921
160951
160981
161011
161168
161198
161228
161258
161288
161318
161348
161378
161408
161438
161468
161498
161528
161558
161588
161618
161648
161678
161708
161868
161898
161928
161958
161988
162018
162048
162078
162108
162138
162168
162198
162228
162258
162288
162318
162348
162378
162542
162572
162602
162632
162662
162692
162722
162752
162782
162812
162842
162872
162902
162932
162962
162992
163022
163052
163220
163250
16326
163280
163310
163340
163370
163400
163430
163460
163490
163520
163550
16356
163580
163610
163640
163670
163700
163730
16386
163902
163932
163962
163992
164022
164052
164082
164112
164142
16416
164172
164202
164232
164262
164292
164322
164352
164382
164412
16446
164588
164618
164648
164678
164708
164738
164768
164798
164828
164858
164888
164918
164948
164978
165008
165038
165068
165247
165277
165307
165337
165367
165397
165427
165457
165487
165517
165547
165577
165607
165637
165667
165697
165727
165757
165940
165970
166000
166030
166060
166090
166120
166150
166180
166210
166240
166270
166300
166330
166360
166390
166420
166607
166637
166667
166697
166727
166757
166787
166817
166847
166877
166907
166937
166967
166997
167027
167057
167087
167117
167308
167338
167368
167398
167428
167458
167488
167518
167548
167578
167608
167638
167668
167698
167728
167758
167788
167983
168013
168043
168073
168103
168133
168163
168193
168223
168253
168283
168313
168343
168373
168403
168433
168463
168663
168693
168723
168753
168783
168813
168843
168873
168903
168933
168963
168993
169023
169053
169083
169113
169143
169347
169377
169407
169437
169467
169497
169527
169557
169587
169617
169647
169677
169707
169737
169767
169797
170005
170035
170065
17007
170095
170125
170155
170185
170215
170245
170275
170305
170335
170365
17037
170395
170425
170455
170485
17067
170697
170727
170757
170787
170817
170847
170877
170907
170937
170967
17097
170997
171027
171057
171087
171117
171147
17127
171364
171394
171424
171454
171484
171514
171544
171574
171604
171634
171664
171694
171724
171754
171784
171814
171844
172065
172095
172125
172155
172185
172215
172245
172275
172305
172335
172365
172395
172425
172455
172485
172515
172740
172770
172800
172830
172860
172890
172920
172950
172980
173010
173040
173070
173100
173130
173160
173190
173420
173450
173480
173510
173540
173570
173600
173630
173660
173690
173720
173750
173780
173810
173840
173870
174104
174134
174164
174194
174224
174254
174284
174314
174344
174374
174404
174434
174464
174494
174524
174763
174793
174823
174853
174883
174913
174943
174973
175003
175033
175063
175093
175123
175153
175183
175213
175456
175486
175516
175546
175576
175606
175636
175666
175696
175726
175756
175786
175816
175846
175876
176124
176154
176184
176214
176244
176274
176304
176334
176364
176394
176424
176454
176484
176514
176544
176574
17682
176826
176856
176886
176916
176946
176976
177006
177036
177066
177096
17712
177126
177156
177186
177216
177246
17742
177503
177533
177563
177593
177623
177653
177683
177713
17772
177743
177773
177803
177833
177863
177893
177923
17802
178185
178215
178245
178275
178305
17832
178335
178365
178395
178425
178455
178485
178515
178545
178575
178841
178871
178901
178931
178961
178991
179021
179051
179081
179111
179141
179171
179201
179231
179261
179532
179562
179592
179622
179652
179682
179712
179742
179772
179802
179832
179862
179892
179922
179952
180228
180258
180288
180318
180348
180378
180408
180438
180468
180498
180528
180558
180588
180618
180899
180929
180959
180989
181019
181049
181079
181109
181139
181169
181199
181229
181259
181289
181575
181605
181635
181665
181695
181725
181755
181785
181815
181845
181875
181905
181935
181965
182256
182286
182316
182346
182376
182406
182436
182466
182496
182526
182556
182586
182616
182646
182942
182972
183002
183032
183062
183092
183122
183152
183182
183212
183242
183272
183302
183603
183633
183663
183693
183723
183753
183783
18381
183813
183843
183873
183903
183933
183963
183993
18411
184299
184329
184359
184389
18441
184419
184449
184479
184509
184539
184569
184599
184629
184659
18471
184970
185000
18501
185030
185060
185090
185120
185150
185180
185210
185240
185270
185300
185330
185646
185676
185706
185736
185766
185796
185826
185856
185886
185916
185946
185976
186006
186327
186357
186387
186417
186447
186477
186507
186537
186567
186597
186627
186657
186687
187013
187043
187073
187103
187133
187163
187193
187223
187253
187283
187313
187343
187373
187704
187734
187764
187794
187824
187854
187884
187914
187944
187974
188004
188034
188371
188401
188431
188461
188491
188521
188551
188581
188611
188641
188671
188701
189043
189073
189103
189133
189163
189193
189223
189253
189283
189313
189343
189373
189720
189750
189780
189810
189840
189870
189900
189930
189960
189990
190020
190050
190403
190433
19044
190463
190493
190523
190553
190583
190613
190643
190673
190703
190733
19074
19104
191091
191121
191151
191181
191211
191241
191271
191301
191331
19134
191361
191391
191421
19164
191784
191814
191844
191874
191904
191934
19194
191964
191994
192024
192054
192084
192453
192483
192513
192543
192573
192603
192633
192663
192693
192723
192753
193127
193157
193187
193217
193247
193277
193307
193337
193367
193397
193427
193807
193837
193867
193897
193927
193957
193987
194017
194047
194077
194107
194492
194522
194552
194582
194612
194642
194672
194702
194732
194762
194792
195183
195213
195243
195273
195303
195333
195363
195393
195423
195453
195849
195879
195909
195939
195969
195999
196029
196059
196089
196119
196521
196551
196581
196611
196641
196671
196701
196731
196761
196791
196821
197228
197258
197288
19731
197318
197348
197378
197408
197438
197468
19761
197881
19791
197911
197941
197971
198001
198031
198061
198091
198121
198151
19821
19851
198570
198600
198630
198660
198690
198720
198750
198780
19881
198810
198840
199264
199294
199324
199354
199384
199414
199444
199474
199504
199934
199964
199994
200024
200054
200084
200114
200144
200174
200610
200640
200670
200700
200730
200760
200790
200820
200850
201292
201322
201352
201382
201412
201442
201472
201502
201532
201979
202009
202039
202069
202099
202129
202159
202189
202642
202672
202702
202732
202762
202792
202822
202852
202882
203341
203371
203401
203431
203461
203491
203521
203551
204016
204046
204076
204106
20411
204136
204166
204196
204226
20441
204697
20471
204727
204757
204787
204817
204847
204877
204907
20501
20531
205384
205414
205444
205474
205504
205534
205564
20561
206047
206077
206107
206137
206167
206197
206227
206257
206745
206775
206805
206835
206865
206895
206925
207419
207449
207479
207509
207539
207569
207599
208099
208129
208159
208189
208219
208249
208279
208785
208815
208845
208875
208905
208935
209447
209477
209507
209537
209567
209597
209627
210145
210175
210205
210235
210265
210295
210819
210849
21085
210879
210909
210939
210969
21115
21145
211499
211529
211559
211589
211619
211649
21175
21205
212186
212216
212246
212276
212306
21235
21265
212849
212879
212909
212939
212969
212999
213548
213578
213608
213638
213668
214223
214253
214283
214313
214343
214904
214934
214964
214994
215561
215591
215621
215651
215681
216254
216284
216314
216344
216923
216953
216983
217013
217043
217629
217659
217689
21783
21813
218281
218311
218341
218371
21843
21873
218969
218999
219029
21903
219059
21933
219663
219693
219723
220333
220363
220393
221010
221040
221070
221693
221723
221753
222382
222412
223047
223077
223107
223749
223779
224427
22445
22475
22505
225081
225111
22535
22565
225771
225801
22595
22625
226468
227141
227820
229167
23131
23161
23191
23221
23251
23281
23311
23811
23841
23871
23901
23931
23961
23991
24485
24515
24545
24575
24605
24635
24665
24695
25183
25213
25243
25273
25303
25333
25363
25846
25876
25906
25936
25966
25996
26026
26056
26533
26563
26593
26623
26653
26683
26713
26743
27214
27244
2725
27274
27304
27334
27364
27394
27424
27889
27919
27949
27979
28009
28039
28069
28099
28129
28588
28618
28648
28678
28708
28738
28768
28798
29251
29281
29311
29341
29371
29401
29431
29461
29491
29938
29968
29998
30028
30058
30088
30118
30148
30178
30620
30650
30680
30710
30740
30770
30800
30830
30860
31296
31326
31356
31386
31416
31446
31476
31506
31536
31966
31996
32026
32056
32086
32116
32146
32176
32206
32236
32660
32690
32720
32750
32780
32810
32840
32870
32900
32930
33349
33379
33409
33439
33469
33499
33529
33559
33589
34002
34032
34062
34092
3410
34122
34152
34182
34212
34242
34272
34302
34709
34739
34769
34799
34829
34859
34889
34919
34949
34979
35381
35411
35441
35471
35501
35531
35561
35591
35621
35651
36047
36077
36107
36137
36167
36197
36227
36257
36287
36317
36347
36738
36768
36798
36828
36858
36888
36918
36948
36978
37008
37038
37423
37453
37483
37513
37543
37573
37603
37633
37663
37693
37723
38103
38133
38163
38193
38223
38253
38283
38313
38343
38373
38403
38777
38807
38837
38867
38897
38927
38957
38987
39017
39047
39077
39446
39476
39506
39536
39566
39596
39626
39656
39686
39716
39746
39776
40139
40169
40199
40229
40259
40289
40319
40349
40379
40409
40439
40469
40827
40857
40887
4089
40917
40947
40977
41007
41037
41067
41097
41127
41480
41510
41540
41570
41600
41630
41660
41690
41720
41750
41780
41810
41840
42187
42217
42247
42277
42307
42337
42367
42397
42427
42457
42487
42517
42859
42889
42919
42949
42979
43009
43039
43069
43099
43129
43159
43189
43526
43556
43586
43616
43646
43676
43706
43736
43766
43796
43826
43856
43886
44217
44247
44277
44307
44337
44367
44397
44427
44457
44487
44517
44547
44577
44903
44933
44963
44993
45023
45053
45083
45113
45143
45173
45203
45233
45263
45584
45614
45644
45674
45704
45734
45764
45794
45824
45854
45884
45914
45944
46260
46290
46320
46350
46380
46410
46440
46470
46500
46530
46560
46590
46620
46931
46961
46991
47021
47051
47081
47111
47141
47171
47201
47231
47261
47291
47321
4762
47627
47657
47687
47717
47747
47777
47807
47837
47867
47897
4792
47927
47957
47987
48288
48318
48348
48378
48408
48438
48468
48498
48528
48558
48588
48618
48648
48678
48974
49004
49034
49064
49094
49124
49154
49184
49214
49244
49274
49304
49334
49364
49655
49685
49715
49745
49775
49805
49835
49865
49895
49925
49955
49985
50015
50045
50331
50361
50391
50421
50451
50481
50511
50541
50571
50601
50631
50661
50691
50721
51002
51032
51062
51092
51122
51152
51182
51212
51242
51272
51302
51332
51362
51392
51422
51698
51728
51758
51788
51818
51848
51878
51908
51938
51968
51998
52028
52058
52088
52118
52389
52419
52449
52479
52509
52539
52569
52599
52629
52659
52689
52719
52749
52779
53045
53075
53105
53135
53165
53195
53225
53255
53285
53315
53345
53375
53405
53435
53465
53727
53757
53787
53817
53847
53877
53907
53937
53967
53997
54027
54057
54087
54117
54147
54404
54434
54464
54494
54524
54554
54584
5459
54614
54644
54674
54704
54734
54764
54794
54824
54854
5489
55106
55136
55166
55196
55226
55256
55286
55316
55346
55376
55406
55436
55466
55496
55526
55774
55804
55834
55864
55894
55924
55954
55984
56014
56044
56074
56104
56134
56164
56194
56224
56467
56497
56527
56557
56587
56617
56647
56677
56707
56737
56767
56797
56827
56857
56887
57126
57156
57186
57216
57246
57276
57306
57336
57366
57396
57426
57456
57486
57516
57546
57576
57810
57840
57870
57900
57930
57960
57990
58020
58050
58080
58110
58140
58170
58200
58230
58260
58490
58520
58550
58580
58610
58640
58670
58700
58730
58760
58790
58820
58850
58880
58910
58940
59165
59195
59225
59255
59285
59315
59345
59375
59405
59435
59465
59495
59525
59555
59585
59615
59645
59866
59896
59926
59956
59986
60016
60046
60076
60106
60136
60166
60196
60226
60256
60286
60316
60533
60563
60593
60623
60653
60683
60713
60743
60773
60803
60833
60863
60893
60923
60953
60983
61013
61225
61255
61285
61315
61345
61375
61405
61435
61465
6149
61495
61525
61555
61585
61615
61645
61675
61883
61913
61943
61973
62003
62033
62063
62093
62123
62153
62183
62213
62243
62273
62303
62333
62363
62567
62597
62627
62657
62687
62717
62747
62777
62807
62837
62867
62897
62927
62957
62987
63017
63047
63247
63277
63307
63337
63367
63397
63427
63457
63487
63517
63547
63577
63607
63637
63667
63697
63727
63922
63952
63982
64012
64042
64072
64102
64132
64162
64192
64222
64252
64282
64312
64342
64372
64402
64432
64623
64653
64683
64713
64743
64773
64803
64833
64863
64893
64923
64953
64983
65013
65043
65073
65103
65290
65320
65350
65380
65410
65440
65470
65500
65530
65560
65590
65620
65650
65680
65710
65740
65770
65800
65983
66013
66043
66073
66103
66133
66163
66193
66223
66253
66283
66313
66343
66373
66403
66433
66463
66642
66672
66702
66732
66762
66792
66822
66852
66882
66912
66942
66972
67002
67032
67062
67092
67122
67152
67328
67358
67388
67418
67448
67478
67508
67538
67568
67598
67628
67658
67688
67718
67748
67778
67808
67838
68010
6803
68040
68070
68100
68130
68160
68190
68220
68250
68280
68310
6833
68340
68370
68400
68430
68460
68490
68520
68688
68718
68748
68778
68808
68838
68868
68898
68928
68958
68988
69018
69048
69078
69108
69138
69168
69198
69362
69392
69422
69452
69482
69512
69542
69572
69602
69632
69662
69692
69722
69752
69782
69812
69842
69872
69902
70062
70092
70122
70152
70182
70212
70242
70272
70302
70332
70362
70392
70422
70452
70482
70512
70542
70572
70729
70759
70789
70819
70849
70879
70909
70939
70969
70999
71029
71059
71089
71119
71149
71179
71209
71239
71269
71422
71452
71482
71512
71542
71572
71602
71632
71662
71692
71722
71752
71782
71812
71842
71872
71902
71932
72082
72112
72142
72172
72202
72232
72262
72292
72322
72352
72382
72412
72442
72472
72502
72532
72562
72592
72622
72768
72798
72828
72858
72888
72918
72948
72978
73008
73038
73068
73098
73128
73158
73188
73218
73248
73278
73308
73450
73480
73510
73540
73570
73600
73630
73660
73690
73720
73750
73780
73810
73840
73870
73900
73930
73960
73990
74129
74159
74189
74219
74249
74279
74309
74339
74369
74399
74429
74459
74489
74519
74549
74579
74609
74639
74669
74805
7481
74835
74865
74895
74925
74955
74985
75015
75045
75075
75105
7511
75135
75165
75195
75225
75255
75285
75315
75345
75375
7541
75507
75537
75567
75597
75627
75657
75687
75717
75747
75777
75807
75837
75867
75897
75927
75957
75987
76017
76047
76176
76206
76236
76266
76296
76326
76356
76386
76416
76446
76476
76506
76536
76566
76596
76626
76656
76686
76716
76842
76872
76902
76932
76962
76992
77022
77052
77082
77112
77142
77172
77202
77232
77262
77292
77322
77352
77382
77412
77535
77565
77595
77625
77655
77685
77715
77745
77775
77805
77835
77865
77895
77925
77955
77985
78015
78045
78075
78105
78225
78255
78285
78315
78345
78375
78405
78435
78465
78495
78525
78555
78585
78615
78645
78675
78705
78735
78765
78881
78911
78941
78971
79001
79031
79061
79091
79121
79151
79181
79211
79241
79271
79301
79331
79361
79391
79421
79451
79564
79594
79624
79654
79684
79714
79744
79774
79804
79834
79864
79894
79924
79954
79984
80014
80044
80074
80104
80134
80244
80274
80304
80334
80364
80394
80424
80454
80484
80514
80544
80574
80604
80634
80664
80694
80724
80754
80784
80814
80921
80951
80981
81011
81041
81071
81101
81131
81161
81191
81221
81251
81281
81311
81341
81371
81401
81431
81461
81491
81521
81626
81656
81686
81716
81746
81776
81806
8183
81836
81866
81896
81926
81956
81986
82016
82046
82076
82106
8213
82136
82166
82196
82298
82328
82358
82388
82418
82448
82478
82508
82538
82568
82598
82628
82658
82688
82718
82748
82778
82808
82838
82868
82967
82997
83027
83057
83087
83117
83147
83177
83207
83237
83267
83297
83327
83357
83387
83417
83447
83477
83507
83537
83567
83663
83693
83723
83753
83783
83813
83843
83873
83903
83933
83963
83993
84023
84053
84083
84113
84143
84173
84203
84233
84327
84357
84387
84417
84447
84477
84507
84537
84567
84597
84627
84657
84687
84717
84747
84777
84807
84837
84867
84897
84927
85018
85048
85078
85108
85138
85168
85198
85228
85258
85288
85318
85348
85378
85408
85438
85468
85498
85528
85558
85588
85618
85706
85736
85766
85796
85826
85856
85886
85916
85946
85976
86006
86036
86066
86096
86126
86156
86186
86216
86246
86276
86362
86392
86422
86452
86482
86512
86542
86572
86602
86632
86662
86692
86722
86752
86782
86812
86842
86872
86902
86932
86962
87045
87075
87105
87135
87165
87195
87225
87255
87285
87315
87345
87375
87405
87435
87465
87495
87525
87555
87585
87615
87645
87726
87756
87786
87816
87846
87876
87906
87936
87966
87996
88026
88056
88086
88116
88146
88176
88206
88236
88266
88296
88326
88405
88435
88465
8848
88495
88525
88555
88585
88615
88645
88675
88705
88735
88765
8878
88795
88825
88855
88885
88915
88945
88975
89005
8908
89081
89111
89141
89171
89201
89231
89261
89291
89321
89351
89381
89411
89441
89471
89501
89531
89561
89591
89621
89651
89681
89711
89785
89815
89845
89875
89905
89935
89965
89995
90025
90055
90085
90115
90145
90175
90205
90235
90265
90295
90325
90355
90385
90457
90487
90517
90547
90577
90607
90637
90667
90697
90727
90757
90787
90817
90847
90877
90907
90937
90967
90997
91027
91057
91127
91157
91187
91217
91247
91277
91307
91337
91367
91397
91427
91457
91487
91517
91547
91577
91607
91637
91667
91697
91727
91757
91825
91855
91885
91915
91945
91975
92005
92035
92065
92095
92125
92155
92185
92215
92245
92275
92305
92335
92365
92395
92425
92491
92521
92551
92581
92611
92641
92671
92701
92731
92761
92791
92821
92851
92881
92911
92941
92971
93001
93031
93061
93091
93121
93185
93215
93245
93275
93305
93335
93365
93395
93425
93455
93485
93515
93545
93575
93605
93635
93665
93695
93725
93755
93785
93847
93877
93907
93937
93967
93997
94027
94057
94087
94117
94147
94177
94207
94237
94267
94297
94327
94357
94387
94417
94447
94477
94537
94567
94597
94627
94657
94687
94717
94747
94777
94807
94837
94867
94897
94927
94957
94987
95017
95047
95077
95107
95137
95167
95225
95255
95285
95315
95345
9537
95375
95405
95435
95465
95495
95525
95555
95585
95615
95645
9567
95675
95705
95735
95765
95795
95825
95881
95911
95941
9597
95971
96001
96031
96061
96091
96121
96151
96181
96211
96241
96271
96301
96331
96361
96391
96421
96451
96481
96511
96566
96596
96626
96656
96686
96716
96746
96776
96806
96836
96866
96896
96926
96956
96986
97016
97046
97076
97106
97136
97166
97196
97249
97279
97309
97339
97369
97399
97429
97459
97489
97519
97549
97579
97609
97639
97669
97699
97729
97759
97789
97819
97849
97879
97931
97961
97991
98021
98051
98081
98111
98141
98171
98201
98231
98261
98291
98321
98351
98381
98411
98441
98471
98501
98531
98561
98611
98641
98671
98701
98731
98761
98791
98821
98851
98881
98911
98941
98971
99001
99031
99061
99091
99121
99151
99181
99211
99241
99290
99320
99350
99380
99410
99440
99470
99500
99530
99560
99590
99620
99650
99680
99710
99740
99770
99800
99830
99860
99890
99920
99967
99997
