100022
100052
100082
100112
100142
100172
100202
100232
100262
100292
100322
100352
100382
100412
100442
100472
100502
100532
100562
100592
100622
100668
100698
100728
100758
100788
100818
100848
100878
100908
100938
100968
100998
101028
101058
101088
101118
101148
101178
101208
101238
101268
101298
101343
101373
101403
101433
101463
101493
101523
101553
101583
101613
101643
101673
101703
101733
101763
101793
101823
101853
101883
101913
101943
101973
102016
102046
102076
102106
102136
10215
102166
102196
102226
102256
102286
102316
102346
102376
102406
102436
10245
102466
102496
102526
102556
102586
102616
102646
102688
102718
102748
10275
102778
102808
102838
102868
102898
102928
102958
102988
103018
103048
103078
103108
103138
103168
103198
103228
103258
103288
103318
103348
103389
103419
103449
103479
103509
103539
103569
103599
103629
103659
103689
103719
103749
103779
103809
103839
103869
103899
103929
103959
103989
104019
104059
104089
104119
104149
104179
104209
104239
104269
104299
104329
104359
104389
104419
104449
104479
104509
104539
104569
104599
104629
104659
104689
104728
104758
104788
104818
104848
104878
104908
104938
104968
104998
105028
105058
105088
105118
105148
105178
105208
105238
105268
105298
105328
105358
105388
105426
105456
105486
105516
105546
105576
105606
105636
105666
105696
105726
105756
105786
105816
105846
105876
105906
105936
105966
105996
106026
106056
106093
106123
106153
106183
106213
106243
106273
106303
106333
106363
106393
106423
106453
106483
106513
106543
106573
106603
106633
106663
106693
106723
106753
106789
106819
106849
106879
106909
106939
106969
106999
107029
107059
107089
107119
107149
107179
107209
107239
107269
107299
107329
107359
107389
107419
107454
107484
107514
107544
107574
107604
107634
107664
107694
107724
107754
107784
107814
107844
107874
107904
107934
107964
107994
108024
108054
108084
108114
108149
108179
108209
108239
108269
108299
108329
108359
108389
108419
108449
108479
108509
108539
108569
108599
108629
108659
108689
108719
108749
108779
108813
108843
108873
108903
10892
108933
108963
108993
109023
109053
109083
109113
109143
109173
109203
10922
109233
109263
109293
109323
109353
109383
109413
109443
109473
109506
10952
109536
109566
109596
109626
109656
109686
109716
109746
109776
109806
109836
109866
109896
109926
109956
109986
110016
110046
110076
110106
110136
110169
110199
110229
110259
110289
110319
110349
110379
110409
110439
110469
110499
110529
110559
110589
110619
110649
110679
110709
110739
110769
110799
110829
110861
110891
110921
110951
110981
111011
111041
111071
111101
111131
111161
111191
111221
111251
111281
111311
111341
111371
111401
111431
111461
111491
111523
111553
111583
111613
111643
111673
111703
111733
111763
111793
111823
111853
111883
111913
111943
111973
112003
112033
112063
112093
112123
112153
112183
112215
112245
112275
112305
112335
112365
112395
112425
112455
112485
112515
112545
112575
112605
112635
112665
112695
112725
112755
112785
112815
112845
112875
112906
112936
112966
112996
113026
113056
113086
113116
113146
113176
113206
113236
113266
113296
113326
113356
113386
113416
113446
113476
113506
113536
113565
113595
113625
113655
113671
113701
113731
113761
113791
113821
113851
113881
113911
113941
113971
114001
114031
114061
114091
114121
114151
114184
114214
114245
114275
114305
114335
114362
114392
114422
114452
114482
114512
114542
114572
114602
114632
114662
114692
114722
114752
114782
114812
114842
114864
114894
114925
114955
114985
115015
115053
115083
115113
115143
115173
115203
115233
115263
115293
115323
115353
115383
115413
115443
115473
115503
115544
115574
115605
11562
115635
115665
115695
115714
115744
115774
115804
115834
115864
115894
11592
115924
115954
115984
116014
116044
116074
116104
116134
116164
116194
11622
116224
116254
116285
116315
116345
116375
116405
116435
116465
116495
11652
116525
116555
116585
116615
116645
116675
116705
116735
116765
116795
116825
116855
116904
116934
116965
116995
117025
117055
117066
117096
117126
117156
117186
117216
117246
117276
117306
117336
117366
117396
117426
117456
117486
117516
117546
117584
117614
117653
117683
117713
117743
117773
117803
117833
117863
117893
117923
117953
117983
118013
118043
118073
118103
118133
118163
118193
118223
118253
118283
118313
118344
118374
118404
118434
118464
118494
118524
118554
118584
118614
118644
118674
118704
118734
118764
118794
118824
118854
118884
118914
118944
118974
119005
119035
119065
119095
119125
119155
119185
119215
119245
119275
119305
119335
119365
119395
119425
119455
119485
119515
119545
119575
119605
119635
119665
119697
119727
119757
119787
119817
119847
119877
119907
119937
119967
119997
120027
120057
120087
120117
120147
120177
120207
120237
120267
120297
120327
120357
120389
120419
120449
120479
120509
120539
120569
120599
120629
120659
120689
120719
120749
120779
120809
120839
120869
120899
120929
120959
120989
121019
121051
121081
121111
121141
121171
121201
121231
121261
121291
121321
121351
121381
121411
121441
121471
121501
121531
121561
121591
121621
121651
121681
121711
121744
121774
121804
121834
121864
121894
121924
121954
121984
122014
122044
122074
122104
122134
122164
122194
122224
122254
122284
122314
122344
122374
122407
122437
122467
122497
122527
122557
12256
122587
122617
122647
122677
122707
122737
122767
122797
122827
122857
12286
122887
122917
122947
122977
123007
123037
123067
123101
123131
12316
123161
123191
123221
123251
123281
123311
123341
123371
123401
123431
12346
123461
123491
123521
123551
123581
123611
123641
123671
123701
123731
123766
123796
123826
123856
123886
123916
123946
123976
124006
124036
124066
124096
124126
124156
124186
124216
124246
124276
124306
124336
124366
124396
124426
124461
124491
124521
124551
124581
124611
124641
124671
124701
124731
124761
124791
124821
124851
124881
124911
124941
124971
125001
125031
125061
125091
125127
125157
125187
125217
125247
125277
125307
125337
125367
125397
125427
125457
125487
125517
125547
125577
125607
125637
125667
125697
125727
125757
125787
125824
125854
125884
125914
125944
125974
126004
126034
126064
126094
126124
126154
126184
126214
126244
126274
126304
126334
126364
126394
126424
126454
126492
126522
126552
126582
126612
126642
126672
126702
126732
126762
126792
126822
126852
126882
126912
126942
126972
127002
127032
127062
127092
127122
127161
127191
127221
127251
127281
127311
127341
127371
127401
127431
127461
127491
127521
127551
127581
127611
127641
127671
127701
127731
127761
127791
127821
127861
127891
127921
127951
127981
128011
128041
128071
128101
128131
128161
128191
128221
128251
128281
128311
128341
128371
128401
128431
128461
128491
128532
128562
128592
128622
128652
128682
128712
128742
128772
128802
128832
128862
128892
128922
128952
128982
129012
129042
129072
129102
129132
129162
129204
129234
129264
129294
129324
129354
129384
129414
12944
129444
129474
129504
129534
129564
129594
129624
129654
129684
129714
12974
129744
129774
129804
129834
129864
129907
129937
129967
129997
130027
13004
130057
130087
130117
130147
130177
130207
130237
130267
130297
130327
13034
130357
130387
130417
130447
130477
130507
130537
130582
130612
130642
130672
130702
130732
130762
130792
130822
130852
130882
130912
130942
130972
131002
131032
131062
131092
131122
131152
131182
131212
131258
131288
131318
131348
131378
131408
131438
131468
131498
131528
131558
131588
131618
131648
131678
131708
131738
131768
131798
131828
131858
131888
131935
131965
131995
132025
132055
132085
132115
132145
132175
132205
132235
132265
132295
132325
132355
132385
132415
132445
132475
132505
132535
132565
132614
132644
132674
132704
132734
132764
132794
132824
132854
132884
132914
132944
132974
133004
133034
133064
133094
133124
133154
133184
133214
133244
133294
133324
133354
133384
133414
133444
133474
133504
133534
133564
133594
133624
133654
133684
133714
133744
133774
133804
133834
133864
133894
133924
133976
134006
134036
134066
134096
134126
134156
134186
134216
134246
134276
134306
134336
134366
134396
134426
134456
134486
134516
134546
134576
134606
134659
134689
134719
134749
134779
134809
134839
134869
134899
134929
134959
134989
135019
135049
135079
135109
135139
135169
135199
135229
135259
135289
135344
135374
135404
135434
135464
135494
135524
135554
135584
135614
135644
135674
135704
135734
135764
135794
135824
135854
135884
135914
135944
1360
136000
136030
136060
136090
136120
136150
136180
136210
136240
13626
136270
136300
136330
136360
136390
136420
136450
136480
136510
136540
13656
136570
136600
136630
136688
136718
136748
136778
136808
136838
13686
136868
136898
136928
136958
136988
137018
137048
137078
137108
137138
13716
137168
137198
137228
137258
137288
137318
137378
137408
137438
137468
137498
137528
137558
137588
137618
137648
137678
137708
137738
137768
137798
137828
137858
137888
137918
137948
137978
138040
138070
138100
138130
138160
138190
138220
138250
138280
138310
138340
138370
138400
138430
138460
138490
138520
138550
138580
138610
138640
138670
138734
138764
138794
138824
138854
138884
138914
138944
138974
139004
139034
139064
139094
139124
139154
139184
139214
139244
139274
139304
139334
139400
139430
139460
139490
139520
139550
139580
139610
139640
139670
139700
139730
139760
139790
139820
139850
139880
139910
139940
139970
140000
140030
140098
140128
140158
140188
140218
140248
140278
140308
140338
140368
140398
140428
140458
140488
140518
140548
140578
140608
140638
140668
140698
140768
140798
140828
140858
140888
140918
140948
140978
141008
141038
141068
141098
141128
141158
141188
141218
141248
141278
141308
141338
141368
141440
141470
141500
141530
141560
141590
141620
141650
141680
141710
141740
141770
141800
141830
141860
141890
141920
141950
141980
142010
142040
142070
142144
142174
142204
142234
142264
142294
142324
142354
142384
142414
142444
142474
142504
142534
142564
142594
142624
142654
142684
142714
142744
142820
142850
142880
142910
142940
142970
143000
14302
143030
143060
143090
143120
143150
143180
143210
143240
143270
143300
14332
143330
143360
143390
143420
143499
143529
143559
143589
143619
14362
143649
143679
143709
143739
143769
143799
143829
143859
143889
143919
14392
143949
143979
144009
144039
144069
144099
144180
144210
144240
144270
144300
144330
144360
144390
144420
144450
144480
144510
144540
144570
144600
144630
144660
144690
144720
144750
144780
144863
144893
144923
144953
144983
145013
145043
145073
145103
145133
145163
145193
145223
145253
145283
145313
145343
145373
145403
145433
145463
145549
145579
145609
145639
145669
145699
145729
145759
145789
145819
145849
145879
145909
145939
145969
145999
146029
146059
146089
146119
146207
146237
146267
146297
146327
146357
146387
146417
146447
146477
146507
146537
146567
146597
146627
146657
146687
146717
146747
146777
146807
146898
146928
146958
146988
147018
147048
147078
147108
147138
147168
147198
147228
147258
147288
147318
147348
147378
147408
147438
147468
147562
147592
147622
147652
147682
147712
147742
147772
147802
147832
147862
147892
147922
147952
147982
148012
148042
148072
148102
148132
148162
148258
148288
148318
148348
148378
148408
148438
148468
148498
148528
148558
148588
148618
148648
148678
148708
148738
148768
148798
148828
148927
148957
148987
149017
149047
149077
149107
149137
149167
149197
149227
149257
149287
149317
149347
149377
149407
149437
149467
149497
149527
149629
149659
149689
14971
149719
149749
149779
149809
149839
149869
149899
149929
149959
149989
15001
150019
150049
150079
150109
150139
150169
150199
150304
15031
150334
150364
150394
150424
150454
150484
150514
150544
150574
150604
15061
150634
150664
150694
150724
150754
150784
150814
150844
150874
15091
150981
151011
151041
151071
151101
151131
151161
151191
151221
151251
151281
151311
151341
151371
151401
151431
151461
151491
151521
151551
151661
151691
151721
151751
151781
151811
151841
151871
151901
151931
151961
151991
152021
152051
152081
152111
152141
152171
152201
152231
152344
152374
152404
152434
152464
152494
152524
152554
152584
152614
152644
152674
152704
152734
152764
152794
152824
152854
152884
153000
153030
153060
153090
153120
153150
153180
153210
153240
153270
153300
153330
153360
153390
153420
153450
153480
153510
153540
153570
153690
153720
153750
153780
153810
153840
153870
153900
153930
153960
153990
154020
154050
154080
154110
154140
154170
154200
154230
154260
154383
154413
154443
154473
154503
154533
154563
154593
154623
154653
154683
154713
154743
154773
154803
154833
154863
154893
154923
155049
155079
155109
155139
155169
155199
155229
155259
155289
155319
155349
155379
155409
155439
155469
155499
155529
155559
155589
155619
155748
155778
155808
155838
155868
155898
155928
155958
155988
156018
156048
156078
156108
156138
156168
156198
156228
156258
156288
156420
156450
156480
156510
156540
156570
156600
156630
15664
156660
156690
156720
156750
156780
156810
156840
156870
156900
156930
15694
156960
157096
157126
157156
157186
157216
15724
157246
157276
157306
157336
157366
157396
157426
157456
157486
157516
15754
157546
157576
157606
157636
157775
157805
157835
157865
157895
157925
157955
157985
158015
158045
158075
158105
158135
158165
158195
158225
158255
158285
158315
158457
158487
158517
158547
158577
158607
158637
158667
158697
158727
158757
158787
158817
158847
158877
158907
158937
158967
158997
159143
159173
159203
159233
159263
159293
159323
159353
159383
159413
159443
159473
159503
159533
159563
159593
159623
159653
159803
159833
159863
159893
159923
159953
159983
160013
160043
160073
160103
160133
160163
160193
160223
160253
160283
160313
160343
160496
160526
160556
160586
160616
160646
160676
160706
160736
160766
160796
160826
160856
160886
160916
160946
160976
161006
161163
161193
161223
161253
161283
161313
161343
161373
161403
161433
161463
161493
161523
161553
161583
161613
161643
161673
161703
161863
161893
161923
161953
161983
162013
162043
162073
162103
162133
162163
162193
162223
162253
162283
162313
162343
162373
162537
162567
162597
162627
162657
162687
162717
162747
162777
162807
162837
162867
162897
162927
162957
162987
163017
163047
16321
163215
163245
163275
163305
163335
163365
163395
163425
163455
163485
16351
163515
163545
163575
163605
163635
163665
163695
163725
16381
163897
163927
163957
163987
164017
164047
164077
164107
16411
164137
164167
164197
164227
164257
164287
164317
164347
164377
164407
16441
164583
164613
164643
164673
164703
164733
164763
164793
164823
164853
164883
164913
164943
164973
165003
165033
165063
165242
165272
165302
165332
165362
165392
165422
165452
165482
165512
165542
165572
165602
165632
165662
165692
165722
165752
165935
165965
165995
166025
166055
166085
166115
166145
166175
166205
166235
166265
166295
166325
166355
166385
166415
166602
166632
166662
166692
166722
166752
166782
166812
166842
166872
166902
166932
166962
166992
167022
167052
167082
167112
167303
167333
167363
167393
167423
167453
167483
167513
167543
167573
167603
167633
167663
167693
167723
167753
167783
167978
168008
168038
168068
168098
168128
168158
168188
168218
168248
168278
168308
168338
168368
168398
168428
168458
168658
168688
168718
168748
168778
168808
168838
168868
168898
168928
168958
168988
169018
169048
169078
169108
169138
169342
169372
169402
169432
169462
169492
169522
169552
169582
169612
169642
169672
169702
169732
169762
169792
170000
17002
170030
170060
170090
170120
170150
170180
170210
170240
170270
170300
17032
170330
170360
170390
170420
170450
170480
17062
170692
170722
170752
170782
170812
170842
170872
170902
17092
170932
170962
170992
171022
171052
171082
171112
171142
171172
17122
171389
171419
171449
171479
171509
17152
171539
171569
171599
171629
171659
171689
171719
171749
171779
171809
171839
172060
172090
172120
172150
172180
172210
172240
172270
172300
172330
172360
172390
172420
172450
172480
172510
172735
172765
172795
172825
172855
172885
172915
172945
172975
173005
173035
173065
173095
173125
173155
173185
173415
173445
173475
173505
173535
173565
173595
173625
173655
173685
173715
173745
173775
173805
173835
173865
174099
174129
174159
174189
174219
174249
174279
174309
174339
174369
174399
174429
174459
174489
174519
174549
174788
174818
174848
174878
174908
174938
174968
174998
175028
175058
175088
175118
175148
175178
175208
175451
175481
175511
175541
175571
175601
175631
175661
175691
175721
175751
175781
175811
175841
175871
175901
176149
176179
176209
176239
176269
176299
176329
176359
176389
176419
176449
176479
176509
176539
176569
176821
176851
176881
176911
176941
176971
177001
177031
177061
17707
177091
177121
177151
177181
177211
177241
17737
177498
177528
177558
177588
177618
177648
17767
177678
177708
177738
177768
177798
177828
177858
177888
177918
17797
178180
178210
178240
17827
178270
178300
178330
178360
178390
178420
178450
178480
178510
178540
178570
178600
178866
178896
178926
178956
178986
179016
179046
179076
179106
179136
179166
179196
179226
179256
179527
179557
179587
179617
179647
179677
179707
179737
179767
179797
179827
179857
179887
179917
179947
180223
180253
180283
180313
180343
180373
180403
180433
180463
180493
180523
180553
180583
180613
180894
180924
180954
180984
181014
181044
181074
181104
181134
181164
181194
181224
181254
181284
181570
181600
181630
181660
181690
181720
181750
181780
181810
181840
181870
181900
181930
181960
182251
182281
182311
182341
182371
182401
182431
182461
182491
182521
182551
182581
182611
182641
182937
182967
182997
183027
183057
183087
183117
183147
183177
183207
183237
183267
183297
183327
183628
183658
183688
183718
183748
18376
183778
183808
183838
183868
183898
183928
183958
183988
18406
184294
184324
184354
18436
184384
184414
184444
184474
184504
184534
184564
184594
184624
184654
18466
18496
184965
184995
185025
185055
185085
185115
185145
185175
185205
185235
18526
185265
185295
185325
185641
185671
185701
185731
185761
185791
185821
185851
185881
185911
185941
185971
186001
186322
186352
186382
186412
186442
186472
186502
186532
186562
186592
186622
186652
186682
187008
187038
187068
187098
187128
187158
187188
187218
187248
187278
187308
187338
187368
187699
187729
187759
187789
187819
187849
187879
187909
187939
187969
187999
188029
188366
188396
188426
188456
188486
188516
188546
188576
188606
188636
188666
188696
188726
189068
189098
189128
189158
189188
189218
189248
189278
189308
189338
189368
189398
189745
189775
189805
189835
189865
189895
189925
189955
189985
190015
190045
190075
190428
190458
190488
190518
190548
190578
190608
190638
190668
19069
190698
190728
19099
191086
191116
191146
191176
191206
191236
191266
19129
191296
191326
191356
191386
191416
19159
191779
191809
191839
191869
19189
191899
191929
191959
191989
192019
192049
192079
192448
192478
192508
192538
192568
192598
192628
192658
192688
192718
192748
193122
193152
193182
193212
193242
193272
193302
193332
193362
193392
193422
193802
193832
193862
193892
193922
193952
193982
194012
194042
194072
194102
194487
194517
194547
194577
194607
194637
194667
194697
194727
194757
194787
195178
195208
195238
195268
195298
195328
195358
195388
195418
195448
195844
195874
195904
195934
195964
195994
196024
196054
196084
196114
196144
196546
196576
196606
196636
196666
196696
196726
196756
196786
196816
197223
197253
19726
197283
197313
197343
197373
197403
197433
197463
197493
19756
19786
197906
197936
197966
197996
198026
198056
198086
198116
198146
19816
19846
198565
198595
198625
198655
198685
198715
198745
19876
198775
198805
198835
199259
199289
199319
199349
199379
199409
199439
199469
199499
199929
199959
199989
200019
200049
200079
200109
200139
200169
200605
200635
200665
200695
200725
200755
200785
200815
200845
201287
201317
201347
201377
201407
201437
201467
201497
201527
201974
202004
202034
202064
202094
202124
202154
202184
202214
202667
202697
202727
202757
202787
202817
202847
202877
203336
203366
203396
203426
203456
203486
203516
203546
204011
204041
20406
204071
204101
204131
204161
204191
204221
20436
20466
204692
204722
204752
204782
204812
204842
204872
204902
20496
20526
205379
205409
205439
205469
205499
205529
205559
20556
206042
206072
206102
206132
206162
206192
206222
206252
206740
206770
206800
206830
206860
206890
206920
207414
207444
207474
207504
207534
207564
207594
208094
208124
208154
208184
208214
208244
208274
208780
208810
208840
208870
208900
208930
209442
209472
209502
209532
209562
209592
209622
210140
210170
210200
210230
210260
210290
21080
210814
210844
210874
210904
210934
210964
21110
21140
211494
211524
211554
211584
211614
211644
21170
21200
212181
212211
212241
212271
21230
212301
21260
212844
212874
212904
212934
212964
212994
213543
213573
213603
213633
213663
214218
214248
214278
214308
214338
214899
214929
214959
214989
215019
215586
215616
215646
215676
216249
216279
216309
216339
216369
216948
216978
217008
217038
217624
217654
217684
217714
21778
21808
218306
218336
218366
21838
21868
218964
21898
218994
219024
219054
21928
219658
219688
219718
220328
220358
220388
221005
221035
221065
221688
221718
221748
222377
222407
223042
223072
223102
223744
223774
22440
224422
224452
22470
22500
225106
22530
22560
225766
225796
22590
22620
226463
227136
227815
229162
23126
23156
23186
23216
23246
23276
23306
23806
23836
23866
23896
23926
23956
23986
24480
24510
24540
24570
24600
24630
24660
24690
25178
25208
25238
25268
25298
25328
25358
25841
25871
25901
25931
25961
25991
26021
26051
26528
26558
26588
26618
26648
26678
26708
26738
2720
27209
27239
27269
27299
27329
27359
27389
27419
27884
27914
27944
27974
28004
28034
28064
28094
28124
28583
28613
28643
28673
28703
28733
28763
28793
29246
29276
29306
29336
29366
29396
29426
29456
29486
29933
29963
29993
30023
30053
30083
30113
30143
30173
30615
30645
30675
30705
30735
30765
30795
30825
30855
31291
31321
31351
31381
31411
31441
31471
31501
31531
31961
31991
32021
32051
32081
32111
32141
32171
32201
32231
32655
32685
32715
32745
32775
32805
32835
32865
32895
32925
33344
33374
33404
33434
33464
33494
33524
33554
33584
33614
34027
3405
34057
34087
34117
34147
34177
34207
34237
34267
34297
34704
34734
34764
34794
34824
34854
34884
34914
34944
34974
35376
35406
35436
35466
35496
35526
35556
35586
35616
35646
36042
36072
36102
36132
36162
36192
36222
36252
36282
36312
36342
36733
36763
36793
36823
36853
36883
36913
36943
36973
37003
37033
37418
37448
37478
37508
37538
37568
37598
37628
37658
37688
37718
38098
38128
38158
38188
38218
38248
38278
38308
38338
38368
38398
38772
38802
38832
38862
38892
38922
38952
38982
39012
39042
39072
39441
39471
39501
39531
39561
39591
39621
39651
39681
39711
39741
39771
40134
40164
40194
40224
40254
40284
40314
40344
40374
40404
40434
40464
40822
4084
40852
40882
40912
40942
40972
41002
41032
41062
41092
41122
4114
41152
41505
41535
41565
41595
41625
41655
41685
41715
41745
41775
41805
41835
42182
42212
42242
42272
42302
42332
42362
42392
42422
42452
42482
42512
42854
42884
42914
42944
42974
43004
43034
43064
43094
43124
43154
43184
43521
43551
43581
43611
43641
43671
43701
43731
43761
43791
43821
43851
43881
44212
44242
44272
44302
44332
44362
44392
44422
44452
44482
44512
44542
44572
44898
44928
44958
44988
45018
45048
45078
45108
45138
45168
45198
45228
45258
45579
45609
45639
45669
45699
45729
45759
45789
45819
45849
45879
45909
45939
46255
46285
46315
46345
46375
46405
46435
46465
46495
46525
46555
46585
46615
46926
46956
46986
47016
47046
47076
47106
47136
47166
47196
47226
47256
47286
47316
47622
47652
47682
47712
47742
47772
47802
47832
47862
4787
47892
47922
47952
47982
48283
48313
48343
48373
48403
48433
48463
48493
48523
48553
48583
48613
48643
48673
48969
48999
49029
49059
49089
49119
49149
49179
49209
49239
49269
49299
49329
49359
49650
49680
49710
49740
49770
49800
49830
49860
49890
49920
49950
49980
50010
50040
50326
50356
50386
50416
50446
50476
50506
50536
50566
50596
50626
50656
50686
50716
50746
51027
51057
51087
51117
51147
51177
51207
51237
51267
51297
51327
51357
51387
51417
51693
51723
51753
51783
51813
51843
51873
51903
51933
51963
51993
52023
52053
52083
52113
52384
52414
52444
52474
52504
52534
52564
52594
52624
52654
52684
52714
52744
52774
53040
53070
53100
53130
53160
53190
53220
53250
53280
53310
53340
53370
53400
53430
53460
53722
53752
53782
53812
53842
53872
53902
53932
53962
53992
54022
54052
54082
54112
54142
54172
54429
54459
54489
54519
5454
54549
54579
54609
54639
54669
54699
54729
54759
54789
54819
5484
54849
55101
55131
55161
55191
55221
55251
55281
55311
55341
55371
55401
55431
55461
55491
55521
55769
55799
55829
55859
55889
55919
55949
55979
56009
56039
56069
56099
56129
56159
56189
56219
56462
56492
56522
56552
56582
56612
56642
56672
56702
56732
56762
56792
56822
56852
56882
57121
57151
57181
57211
57241
57271
57301
57331
57361
57391
57421
57451
57481
57511
57541
57571
57805
57835
57865
57895
57925
57955
57985
58015
58045
58075
58105
58135
58165
58195
58225
58255
58485
58515
58545
58575
58605
58635
58665
58695
58725
58755
58785
58815
58845
58875
58905
58935
59160
59190
59220
59250
59280
59310
59340
59370
59400
59430
59460
59490
59520
59550
59580
59610
59640
59861
59891
59921
59951
59981
60011
60041
60071
60101
60131
60161
60191
60221
60251
60281
60311
60528
60558
60588
60618
60648
60678
60708
60738
60768
60798
60828
60858
60888
60918
60948
60978
61008
61220
61250
61280
61310
61340
61370
61400
61430
6144
61460
61490
61520
61550
61580
61610
61640
61670
61700
6174
61908
61938
61968
61998
62028
62058
62088
62118
62148
62178
62208
62238
62268
62298
62328
62358
62562
62592
62622
62652
62682
62712
62742
62772
62802
62832
62862
62892
62922
62952
62982
63012
63042
63242
63272
63302
63332
63362
63392
63422
63452
63482
63512
63542
63572
63602
63632
63662
63692
63722
63752
63947
63977
64007
64037
64067
64097
64127
64157
64187
64217
64247
64277
64307
64337
64367
64397
64427
64618
64648
64678
64708
64738
64768
64798
64828
64858
64888
64918
64948
64978
65008
65038
65068
65098
65285
65315
65345
65375
65405
65435
65465
65495
65525
65555
65585
65615
65645
65675
65705
65735
65765
65795
65978
66008
66038
66068
66098
66128
66158
66188
66218
66248
66278
66308
66338
66368
66398
66428
66458
66488
66667
66697
66727
66757
66787
66817
66847
66877
66907
66937
66967
66997
67027
67057
67087
67117
67147
67323
67353
67383
67413
67443
67473
67503
67533
67563
67593
67623
67653
67683
67713
67743
67773
67803
67833
68005
68035
68065
68095
68125
68155
68185
68215
68245
68275
6828
68305
68335
68365
68395
68425
68455
68485
68515
6858
68683
68713
68743
68773
68803
68833
68863
68893
68923
68953
68983
69013
69043
69073
69103
69133
69163
69193
69223
69387
69417
69447
69477
69507
69537
69567
69597
69627
69657
69687
69717
69747
69777
69807
69837
69867
69897
70057
70087
70117
70147
70177
70207
70237
70267
70297
70327
70357
70387
70417
70447
70477
70507
70537
70567
70724
70754
70784
70814
70844
70874
70904
70934
70964
70994
71024
71054
71084
71114
71144
71174
71204
71234
71264
71417
71447
71477
71507
71537
71567
71597
71627
71657
71687
71717
71747
71777
71807
71837
71867
71897
71927
71957
72107
72137
72167
72197
72227
72257
72287
72317
72347
72377
72407
72437
72467
72497
72527
72557
72587
72617
72763
72793
72823
72853
72883
72913
72943
72973
73003
73033
73063
73093
73123
73153
73183
73213
73243
73273
73303
73445
73475
73505
73535
73565
73595
73625
73655
73685
73715
73745
73775
73805
73835
73865
73895
73925
73955
73985
74124
74154
74184
74214
74244
74274
74304
74334
74364
74394
74424
74454
74484
74514
74544
74574
74604
74634
74664
74800
74830
74860
74890
74920
74950
74980
75010
75040
7506
75070
75100
75130
75160
75190
75220
75250
75280
75310
75340
7536
75370
75502
75532
75562
75592
75622
75652
75682
75712
75742
75772
75802
75832
75862
75892
75922
75952
75982
76012
76042
76171
76201
76231
76261
76291
76321
76351
76381
76411
76441
76471
76501
76531
76561
76591
76621
76651
76681
76711
76741
76867
76897
76927
76957
76987
77017
77047
77077
77107
77137
77167
77197
77227
77257
77287
77317
77347
77377
77407
77530
77560
77590
77620
77650
77680
77710
77740
77770
77800
77830
77860
77890
77920
77950
77980
78010
78040
78070
78100
78220
78250
78280
78310
78340
78370
78400
78430
78460
78490
78520
78550
78580
78610
78640
78670
78700
78730
78760
78790
78906
78936
78966
78996
79026
79056
79086
79116
79146
79176
79206
79236
79266
79296
79326
79356
79386
79416
79446
79476
79589
79619
79649
79679
79709
79739
79769
79799
79829
79859
79889
79919
79949
79979
80009
80039
80069
80099
80129
80159
80269
80299
80329
80359
80389
80419
80449
80479
80509
80539
80569
80599
80629
80659
80689
80719
80749
80779
80809
80839
80946
80976
81006
81036
81066
81096
81126
81156
81186
81216
81246
81276
81306
81336
81366
81396
81426
81456
81486
81516
81621
81651
81681
81711
81741
81771
8178
81801
81831
81861
81891
81921
81951
81981
82011
82041
82071
8208
82101
82131
82161
82191
82293
82323
82353
82383
82413
82443
82473
82503
82533
82563
82593
82623
82653
82683
82713
82743
82773
82803
82833
82863
82962
82992
83022
83052
83082
83112
83142
83172
83202
83232
83262
83292
83322
83352
83382
83412
83442
83472
83502
83532
83562
83658
83688
83718
83748
83778
83808
83838
83868
83898
83928
83958
83988
84018
84048
84078
84108
84138
84168
84198
84228
84322
84352
84382
84412
84442
84472
84502
84532
84562
84592
84622
84652
84682
84712
84742
84772
84802
84832
84862
84892
84922
85013
85043
85073
85103
85133
85163
85193
85223
85253
85283
85313
85343
85373
85403
85433
85463
85493
85523
85553
85583
85613
85701
85731
85761
85791
85821
85851
85881
85911
85941
85971
86001
86031
86061
86091
86121
86151
86181
86211
86241
86271
86301
86387
86417
86447
86477
86507
86537
86567
86597
86627
86657
86687
86717
86747
86777
86807
86837
86867
86897
86927
86957
87040
87070
87100
87130
87160
87190
87220
87250
87280
87310
87340
87370
87400
87430
87460
87490
87520
87550
87580
87610
87640
87721
87751
87781
87811
87841
87871
87901
87931
87961
87991
88021
88051
88081
88111
88141
88171
88201
88231
88261
88291
88321
88400
8843
88430
88460
88490
88520
88550
88580
88610
88640
88670
88700
8873
88730
88760
88790
88820
88850
88880
88910
88940
88970
89000
8903
89030
89106
89136
89166
89196
89226
89256
89286
89316
89346
89376
89406
89436
89466
89496
89526
89556
89586
89616
89646
89676
89706
89780
89810
89840
89870
89900
89930
89960
89990
90020
90050
90080
90110
90140
90170
90200
90230
90260
90290
90320
90350
90380
90452
90482
90512
90542
90572
90602
90632
90662
90692
90722
90752
90782
90812
90842
90872
90902
90932
90962
90992
91022
91052
91122
91152
91182
91212
91242
91272
91302
91332
91362
91392
91422
91452
91482
91512
91542
91572
91602
91632
91662
91692
91722
91752
91820
91850
91880
91910
91940
91970
92000
92030
92060
92090
92120
92150
92180
92210
92240
92270
92300
92330
92360
92390
92420
92486
92516
92546
92576
92606
92636
92666
92696
92726
92756
92786
92816
92846
92876
92906
92936
92966
92996
93026
93056
93086
93116
93180
93210
93240
93270
93300
93330
93360
93390
93420
93450
93480
93510
93540
93570
93600
93630
93660
93690
93720
93750
93780
93842
93872
93902
93932
93962
93992
94022
94052
94082
94112
94142
94172
94202
94232
94262
94292
94322
94352
94382
94412
94442
94472
94532
94562
94592
94622
94652
94682
94712
94742
94772
94802
94832
94862
94892
94922
94952
94982
95012
95042
95072
95102
95132
95162
95220
95250
95280
95310
9532
95340
95370
95400
95430
95460
95490
95520
95550
95580
95610
9562
95640
95670
95700
95730
95760
95790
95820
95850
95906
9592
95936
95966
95996
96026
96056
96086
96116
96146
96176
96206
96236
96266
96296
96326
96356
96386
96416
96446
96476
96506
96561
96591
96621
96651
96681
96711
96741
96771
96801
96831
96861
96891
96921
96951
96981
97011
97041
97071
97101
97131
97161
97191
97244
97274
97304
97334
97364
97394
97424
97454
97484
97514
97544
97574
97604
97634
97664
97694
97724
97754
97784
97814
97844
97874
97926
97956
97986
98016
98046
98076
98106
98136
98166
98196
98226
98256
98286
98316
98346
98376
98406
98436
98466
98496
98526
98556
98606
98636
98666
98696
98726
98756
98786
98816
98846
98876
98906
98936
98966
98996
99026
99056
99086
99116
99146
99176
99206
99236
99285
99315
99345
99375
99405
99435
99465
99495
99525
99555
99585
99615
99645
99675
99705
99735
99765
99795
99825
99855
99885
99915
99962
99992
