100010
100040
100070
100100
100130
100160
100190
100220
100250
100280
100310
100340
100370
100400
100430
100460
100490
100520
100550
100580
100610
100656
100686
100716
100746
100776
100806
100836
100866
100896
100926
100956
100986
101016
101046
101076
101106
101136
101166
101196
101226
101256
101286
101331
101361
101391
101421
101451
101481
101511
101541
101571
101601
101631
101661
101691
101721
101751
101781
101811
101841
101871
101901
101931
101961
102004
10203
102034
102064
102094
102124
102154
102184
102214
102244
102274
102304
10233
102334
102364
102394
102424
102454
102484
102514
102544
102574
102604
10263
102634
102664
102706
102736
102766
102796
102826
102856
102886
102916
102946
102976
103006
103036
103066
103096
103126
103156
103186
103216
103246
103276
103306
103336
103377
103407
103437
103467
103497
103527
103557
103587
103617
103647
103677
103707
103737
103767
103797
103827
103857
103887
103917
103947
103977
104007
104047
104077
104107
104137
104167
104197
104227
104257
104287
104317
104347
104377
104407
104437
104467
104497
104527
104557
104587
104617
104647
104677
104707
104746
104776
104806
104836
104866
104896
104926
104956
104986
105016
105046
105076
105106
105136
105166
105196
105226
105256
105286
105316
105346
105376
105414
105444
105474
105504
105534
105564
105594
105624
105654
105684
105714
105744
105774
105804
105834
105864
105894
105924
105954
105984
106014
106044
106081
106111
106141
106171
106201
106231
106261
106291
106321
106351
106381
106411
106441
106471
106501
106531
106561
106591
106621
106651
106681
106711
106741
106777
106807
106837
106867
106897
106927
106957
106987
107017
107047
107077
107107
107137
107167
107197
107227
107257
107287
107317
107347
107377
107407
107442
107472
107502
107532
107562
107592
107622
107652
107682
107712
107742
107772
107802
107832
107862
107892
107922
107952
107982
108012
108042
108072
108102
108137
108167
108197
108227
108257
108287
108317
108347
108377
108407
108437
108467
108497
108527
108557
108587
108617
108647
108677
108707
108737
108767
10880
108801
108831
108861
108891
108921
108951
108981
109011
109041
109071
10910
109101
109131
109161
109191
109221
109251
109281
109311
109341
109371
10940
109401
109431
109461
109494
109524
109554
109584
109614
109644
109674
10970
109704
109734
109764
109794
109824
109854
109884
109914
109944
109974
110004
110034
110064
110094
110124
110154
110187
110217
110247
110277
110307
110337
110367
110397
110427
110457
110487
110517
110547
110577
110607
110637
110667
110697
110727
110757
110787
110817
110849
110879
110909
110939
110969
110999
111029
111059
111089
111119
111149
111179
111209
111239
111269
111299
111329
111359
111389
111419
111449
111479
111509
111541
111571
111601
111631
111661
111691
111721
111751
111781
111811
111841
111871
111901
111931
111961
111991
112021
112051
112081
112111
112141
112171
112203
112233
112263
112293
112323
112353
112383
112413
112443
112473
112503
112533
112563
112593
112623
112653
112683
112713
112743
112773
112803
112833
112863
112894
112924
112954
112984
113014
113044
113074
113104
113134
113164
113194
113224
113254
113284
113314
113344
113374
113404
113434
113464
113494
113524
113554
113583
113613
113643
113689
113719
113749
113779
113809
113839
113869
113899
113929
113959
113989
114019
114049
114079
114109
114139
114172
114202
114232
114263
114293
114323
114350
114380
114410
114440
114470
114500
114530
114560
114590
114620
114650
114680
114710
114740
114770
114800
114830
114852
114882
114912
114943
114973
115003
115041
115071
115101
115131
115161
115191
115221
115251
115281
115311
115341
115371
115401
115431
115461
115491
115521
115532
115562
115592
115623
115653
115683
115732
115762
115792
11580
115822
115852
115882
115912
115942
115972
116002
116032
116062
116092
11610
116122
116152
116182
116212
116242
116272
116303
116333
116363
116393
11640
116423
116453
116483
116513
116543
116573
116603
116633
116663
116693
116723
116753
116783
116813
116843
116873
116892
116922
116952
116983
117013
117043
117084
117114
117144
117174
117204
117234
117264
117294
117324
117354
117384
117414
117444
117474
117504
117534
117572
117602
117632
117641
117671
117701
117731
117761
117791
117821
117851
117881
117911
117941
117971
118001
118031
118061
118091
118121
118151
118181
118211
118241
118271
118301
118332
118362
118392
118422
118452
118482
118512
118542
118572
118602
118632
118662
118692
118722
118752
118782
118812
118842
118872
118902
118932
118962
118992
119023
119053
119083
119113
119143
119173
119203
119233
119263
119293
119323
119353
119383
119413
119443
119473
119503
119533
119563
119593
119623
119653
119685
119715
119745
119775
119805
119835
119865
119895
119925
119955
119985
120015
120045
120075
120105
120135
120165
120195
120225
120255
120285
120315
120345
120377
120407
120437
120467
120497
120527
120557
120587
120617
120647
120677
120707
120737
120767
120797
120827
120857
120887
120917
120947
120977
121007
121037
121069
121099
121129
121159
121189
121219
121249
121279
121309
121339
121369
121399
121429
121459
121489
121519
121549
121579
121609
121639
121669
121699
121732
121762
121792
121822
121852
121882
121912
121942
121972
122002
122032
122062
122092
122122
122152
122182
122212
122242
122272
122302
122332
122362
122392
122425
12244
122455
122485
122515
122545
122575
122605
122635
122665
122695
122725
12274
122755
122785
122815
122845
122875
122905
122935
122965
122995
123025
12304
123055
123089
123119
123149
123179
123209
123239
123269
123299
123329
12334
123359
123389
123419
123449
123479
123509
123539
123569
123599
123629
123659
123689
123719
123749
123784
123814
123844
123874
123904
123934
123964
123994
124024
124054
124084
124114
124144
124174
124204
124234
124264
124294
124324
124354
124384
124414
124449
124479
124509
124539
124569
124599
124629
124659
124689
124719
124749
124779
124809
124839
124869
124899
124929
124959
124989
125019
125049
125079
125109
125145
125175
125205
125235
125265
125295
125325
125355
125385
125415
125445
125475
125505
125535
125565
125595
125625
125655
125685
125715
125745
125775
125812
125842
125872
125902
125932
125962
125992
126022
126052
126082
126112
126142
126172
126202
126232
126262
126292
126322
126352
126382
126412
126442
126480
126510
126540
126570
126600
126630
126660
126690
126720
126750
126780
126810
126840
126870
126900
126930
126960
126990
127020
127050
127080
127110
127140
127179
127209
127239
127269
127299
127329
127359
127389
127419
127449
127479
127509
127539
127569
127599
127629
127659
127689
127719
127749
127779
127809
127849
127879
127909
127939
127969
127999
128029
128059
128089
128119
128149
128179
128209
128239
128269
128299
128329
128359
128389
128419
128449
128479
128520
128550
128580
128610
128640
128670
128700
128730
128760
128790
128820
128850
128880
128910
128940
128970
129000
129030
129060
129090
129120
129150
129180
129222
129252
129282
129312
12932
129342
129372
129402
129432
129462
129492
129522
129552
129582
129612
12962
129642
129672
129702
129732
129762
129792
129822
129852
129895
12992
129925
129955
129985
130015
130045
130075
130105
130135
130165
130195
13022
130225
130255
130285
130315
130345
130375
130405
130435
130465
130495
130525
130570
130600
130630
130660
130690
130720
130750
130780
130810
130840
130870
130900
130930
130960
130990
131020
131050
131080
131110
131140
131170
131200
131246
131276
131306
131336
131366
131396
131426
131456
131486
131516
131546
131576
131606
131636
131666
131696
131726
131756
131786
131816
131846
131876
131923
131953
131983
132013
132043
132073
132103
132133
132163
132193
132223
132253
132283
132313
132343
132373
132403
132433
132463
132493
132523
132553
132602
132632
132662
132692
132722
132752
132782
132812
132842
132872
132902
132932
132962
132992
133022
133052
133082
133112
133142
133172
133202
133232
133282
133312
133342
133372
133402
133432
133462
133492
133522
133552
133582
133612
133642
133672
133702
133732
133762
133792
133822
133852
133882
133912
133964
133994
134024
134054
134084
134114
134144
134174
134204
134234
134264
134294
134324
134354
134384
134414
134444
134474
134504
134534
134564
134594
134647
134677
134707
134737
134767
134797
134827
134857
134887
134917
134947
134977
135007
135037
135067
135097
135127
135157
135187
135217
135247
135277
135332
135362
135392
135422
135452
135482
135512
135542
135572
135602
135632
135662
135692
135722
135752
135782
135812
135842
135872
135902
135932
135962
136018
136048
136078
136108
136138
13614
136168
136198
136228
136258
136288
136318
136348
136378
136408
136438
13644
136468
136498
136528
136558
136588
136618
136648
136706
136736
13674
136766
136796
136826
136856
136886
136916
136946
136976
137006
137036
13704
137066
137096
137126
137156
137186
137216
137246
137276
137306
137366
137396
137426
137456
137486
137516
137546
137576
137606
137636
137666
137696
137726
137756
137786
137816
137846
137876
137906
137936
137966
137996
138058
138088
138118
138148
138178
138208
138238
138268
138298
138328
138358
138388
138418
138448
138478
138508
138538
138568
138598
138628
138658
138722
138752
138782
138812
138842
138872
138902
138932
138962
138992
139022
139052
139082
139112
139142
139172
139202
139232
139262
139292
139322
139352
139418
139448
139478
139508
139538
139568
139598
139628
139658
139688
139718
139748
139778
139808
139838
139868
139898
139928
139958
139988
140018
140086
140116
140146
140176
140206
140236
140266
140296
140326
140356
140386
140416
140446
140476
140506
140536
140566
140596
140626
140656
140686
140716
140786
140816
140846
140876
140906
140936
140966
140996
141026
141056
141086
141116
141146
141176
141206
141236
141266
141296
141326
141356
141386
141458
141488
141518
141548
141578
141608
141638
141668
141698
141728
141758
141788
141818
141848
141878
141908
141938
141968
141998
142028
142058
142132
142162
142192
142222
142252
142282
142312
142342
142372
142402
142432
142462
142492
142522
142552
142582
142612
142642
142672
142702
142732
142808
142838
142868
142898
14290
142928
142958
142988
143018
143048
143078
143108
143138
143168
143198
14320
143228
143258
143288
143318
143348
143378
143408
143487
14350
143517
143547
143577
143607
143637
143667
143697
143727
143757
143787
14380
143817
143847
143877
143907
143937
143967
143997
144027
144057
144087
14410
144168
144198
144228
144258
144288
144318
144348
144378
144408
144438
144468
144498
144528
144558
144588
144618
144648
144678
144708
144738
144768
144851
144881
144911
144941
144971
145001
145031
145061
145091
145121
145151
145181
145211
145241
145271
145301
145331
145361
145391
145421
145451
145537
145567
145597
145627
145657
145687
145717
145747
145777
145807
145837
145867
145897
145927
145957
145987
146017
146047
146077
146107
146137
146225
146255
146285
146315
146345
146375
146405
146435
146465
146495
146525
146555
146585
146615
146645
146675
146705
146735
146765
146795
146886
146916
146946
146976
147006
147036
147066
147096
147126
147156
147186
147216
147246
147276
147306
147336
147366
147396
147426
147456
147486
147580
147610
147640
147670
147700
147730
147760
147790
147820
147850
147880
147910
147940
147970
148000
148030
148060
148090
148120
148150
148246
148276
148306
148336
148366
148396
148426
148456
148486
148516
148546
148576
148606
148636
148666
148696
148726
148756
148786
148816
148846
148945
148975
149005
149035
149065
149095
149125
149155
149185
149215
149245
149275
149305
149335
149365
149395
149425
149455
149485
149515
149617
149647
149677
149707
149737
149767
149797
149827
149857
149887
14989
149917
149947
149977
150007
150037
150067
150097
150127
150157
150187
15019
150292
150322
150352
150382
150412
150442
150472
15049
150502
150532
150562
150592
150622
150652
150682
150712
150742
150772
15079
150802
150832
150862
150969
150999
151029
151059
151089
151119
151149
151179
151209
151239
151269
151299
151329
151359
151389
151419
151449
151479
151509
151539
151649
151679
151709
151739
151769
151799
151829
151859
151889
151919
151949
151979
152009
152039
152069
152099
152129
152159
152189
152219
152332
152362
152392
152422
152452
152482
152512
152542
152572
152602
152632
152662
152692
152722
152752
152782
152812
152842
152872
152902
153018
153048
153078
153108
153138
153168
153198
153228
153258
153288
153318
153348
153378
153408
153438
153468
153498
153528
153558
153588
153708
153738
153768
153798
153828
153858
153888
153918
153948
153978
154008
154038
154068
154098
154128
154158
154188
154218
154248
154371
154401
154431
154461
154491
154521
154551
154581
154611
154641
154671
154701
154731
154761
154791
154821
154851
154881
154911
154941
155067
155097
155127
155157
155187
155217
155247
155277
155307
155337
155367
155397
155427
155457
155487
155517
155547
155577
155607
155736
155766
155796
155826
155856
155886
155916
155946
155976
156006
156036
156066
156096
156126
156156
156186
156216
156246
156276
156408
156438
156468
156498
15652
156528
156558
156588
156618
156648
156678
156708
156738
156768
156798
15682
156828
156858
156888
156918
156948
157084
157114
15712
157144
157174
157204
157234
157264
157294
157324
157354
157384
157414
15742
157444
157474
157504
157534
157564
157594
157624
15772
157763
157793
157823
157853
157883
157913
157943
157973
158003
158033
158063
158093
158123
158153
158183
158213
158243
158273
158303
158445
158475
158505
158535
158565
158595
158625
158655
158685
158715
158745
158775
158805
158835
158865
158895
158925
158955
158985
159131
159161
159191
159221
159251
159281
159311
159341
159371
159401
159431
159461
159491
159521
159551
159581
159611
159641
159671
159821
159851
159881
159911
159941
159971
160001
160031
160061
160091
160121
160151
160181
160211
160241
160271
160301
160331
160484
160514
160544
160574
160604
160634
160664
160694
160724
160754
160784
160814
160844
160874
160904
160934
160964
160994
161024
161181
161211
161241
161271
161301
161331
161361
161391
161421
161451
161481
161511
161541
161571
161601
161631
161661
161691
161851
161881
161911
161941
161971
162001
162031
162061
162091
162121
162151
162181
162211
162241
162271
162301
162331
162361
162525
162555
162585
162615
162645
162675
162705
162735
162765
162795
162825
162855
162885
162915
162945
162975
163005
163035
163203
163233
163263
163293
163323
163353
163383
16339
163413
163443
163473
163503
163533
163563
163593
163623
163653
163683
16369
163713
163885
163915
163945
163975
16399
164005
164035
164065
164095
164125
164155
164185
164215
164245
164275
16429
164305
164335
164365
164395
164571
16459
164601
164631
164661
164691
164721
164751
164781
164811
164841
164871
164901
164931
164961
164991
165021
165051
165081
165260
165290
165320
165350
165380
165410
165440
165470
165500
165530
165560
165590
165620
165650
165680
165710
165740
165923
165953
165983
166013
166043
166073
166103
166133
166163
166193
166223
166253
166283
166313
166343
166373
166403
166433
166620
166650
166680
166710
166740
166770
166800
166830
166860
166890
166920
166950
166980
167010
167040
167070
167100
167291
167321
167351
167381
167411
167441
167471
167501
167531
167561
167591
167621
167651
167681
167711
167741
167771
167966
167996
168026
168056
168086
168116
168146
168176
168206
168236
168266
168296
168326
168356
168386
168416
168446
168646
168676
168706
168736
168766
168796
168826
168856
168886
168916
168946
168976
169006
169036
169066
169096
169126
169330
169360
169390
169420
169450
169480
169510
169540
169570
169600
169630
169660
169690
169720
169750
169780
169810
170018
170048
170078
170108
170138
170168
170198
17020
170228
170258
170288
170318
170348
170378
170408
170438
170468
17050
170680
170710
170740
170770
17080
170800
170830
170860
170890
170920
170950
170980
171010
171040
171070
17110
171100
171130
171160
171377
17140
171407
171437
171467
171497
171527
171557
171587
171617
171647
171677
171707
171737
171767
171797
171827
172048
172078
172108
172138
172168
172198
172228
172258
172288
172318
172348
172378
172408
172438
172468
172498
172723
172753
172783
172813
172843
172873
172903
172933
172963
172993
173023
173053
173083
173113
173143
173173
173403
173433
173463
173493
173523
173553
173583
173613
173643
173673
173703
173733
173763
173793
173823
173853
174087
174117
174147
174177
174207
174237
174267
174297
174327
174357
174387
174417
174447
174477
174507
174537
174776
174806
174836
174866
174896
174926
174956
174986
175016
175046
175076
175106
175136
175166
175196
175226
175469
175499
175529
175559
175589
175619
175649
175679
175709
175739
175769
175799
175829
175859
175889
176137
176167
176197
176227
176257
176287
176317
176347
176377
176407
176437
176467
176497
176527
176557
176809
176839
176869
176899
176929
17695
176959
176989
177019
177049
177079
177109
177139
177169
177199
177229
17725
177486
177516
177546
17755
177576
177606
177636
177666
177696
177726
177756
177786
177816
177846
17785
177876
177906
17815
178168
178198
178228
178258
178288
178318
178348
178378
178408
178438
178468
178498
178528
178558
178588
178854
178884
178914
178944
178974
179004
179034
179064
179094
179124
179154
179184
179214
179244
179274
179545
179575
179605
179635
179665
179695
179725
179755
179785
179815
179845
179875
179905
179935
180211
180241
180271
180301
180331
180361
180391
180421
180451
180481
180511
180541
180571
180601
180882
180912
180942
180972
181002
181032
181062
181092
181122
181152
181182
181212
181242
181272
181302
181588
181618
181648
181678
181708
181738
181768
181798
181828
181858
181888
181918
181948
181978
182269
182299
182329
182359
182389
182419
182449
182479
182509
182539
182569
182599
182629
182925
182955
182985
183015
183045
183075
183105
183135
183165
183195
183225
183255
183285
183315
183616
18364
183646
183676
183706
183736
183766
183796
183826
183856
183886
183916
18394
183946
183976
18424
184282
184312
184342
184372
184402
184432
184462
184492
184522
18454
184552
184582
184612
184642
184672
18484
184983
185013
185043
185073
185103
185133
18514
185163
185193
185223
185253
185283
185313
185343
185659
185689
185719
185749
185779
185809
185839
185869
185899
185929
185959
185989
186019
186340
186370
186400
186430
186460
186490
186520
186550
186580
186610
186640
186670
186700
187026
187056
187086
187116
187146
187176
187206
187236
187266
187296
187326
187356
187687
187717
187747
187777
187807
187837
187867
187897
187927
187957
187987
188017
188047
188384
188414
188444
188474
188504
188534
188564
188594
188624
188654
188684
188714
189056
189086
189116
189146
189176
189206
189236
189266
189296
189326
189356
189386
189733
189763
189793
189823
189853
189883
189913
189943
189973
190003
190033
190063
190416
190446
190476
190506
190536
190566
19057
190596
190626
190656
190686
190716
190746
19087
191104
191134
191164
19117
191194
191224
191254
191284
191314
191344
191374
191404
19147
191767
19177
191797
191827
191857
191887
191917
191947
191977
192007
192037
192067
19207
192097
192466
192496
192526
192556
192586
192616
192646
192676
192706
192736
192766
193140
193170
193200
193230
193260
193290
193320
193350
193380
193410
193440
193820
193850
193880
193910
193940
193970
194000
194030
194060
194090
194120
194505
194535
194565
194595
194625
194655
194685
194715
194745
194775
195166
195196
195226
195256
195286
195316
195346
195376
195406
195436
195466
195862
195892
195922
195952
195982
196012
196042
196072
196102
196132
196534
196564
196594
196624
196654
196684
196714
196744
196774
196804
197211
197241
197271
197301
197331
197361
197391
197421
19744
197451
197481
19774
197894
197924
197954
197984
198014
19804
198044
198074
198104
198134
198164
19834
198583
198613
19864
198643
198673
198703
198733
198763
198793
198823
19894
199247
199277
199307
199337
199367
199397
199427
199457
199487
199517
199947
199977
200007
200037
200067
200097
200127
200157
200187
200623
200653
200683
200713
200743
200773
200803
200833
200863
201305
201335
201365
201395
201425
201455
201485
201515
201962
201992
202022
202052
202082
202112
202142
202172
202202
202655
202685
202715
202745
202775
202805
202835
202865
203324
203354
203384
203414
203444
203474
203504
203534
203564
204029
204059
204089
204119
204149
204179
204209
20424
20454
2046
204680
204710
204740
204770
204800
204830
20484
204860
204890
20514
205367
205397
205427
20544
205457
205487
205517
205547
205577
20574
206060
206090
206120
206150
206180
206210
206240
206728
206758
206788
206818
206848
206878
206908
207402
207432
207462
207492
207522
207552
207582
208082
208112
208142
208172
208202
208232
208262
208768
208798
208828
208858
208888
208918
208948
209460
209490
209520
209550
209580
209610
210128
210158
210188
210218
210248
210278
210802
210832
210862
210892
210922
210952
21098
21128
211482
211512
211542
211572
21158
211602
211632
21188
212169
21218
212199
212229
212259
212289
212319
21248
212862
212892
212922
212952
212982
213531
213561
213591
213621
213651
214206
214236
214266
214296
214326
214887
214917
214947
214977
215007
215574
215604
215634
215664
215694
216267
216297
216327
216357
216936
216966
216996
217026
217612
217642
21766
217672
217702
21796
21826
218294
218324
218354
218384
21856
21886
218982
219012
219042
21916
21946
219646
219676
219706
219736
220346
220376
220406
221023
221053
221083
221706
221736
222365
222395
222425
223060
223090
223732
223762
224410
224440
22458
22488
225094
225124
22518
22548
22578
225784
22608
22638
226451
227124
227803
228488
23144
23174
23204
23234
23264
23294
23324
23824
23854
23884
23914
23944
23974
24004
24498
24528
24558
24588
24618
24648
24678
25166
25196
25226
25256
25286
25316
25346
25376
25859
25889
25919
25949
25979
26009
26039
26069
26546
26576
26606
26636
26666
26696
26726
26756
27227
27257
27287
27317
27347
27377
2738
27407
27437
27902
27932
27962
27992
28022
28052
28082
28112
28571
28601
28631
28661
28691
28721
28751
28781
28811
29264
29294
29324
29354
29384
29414
29444
29474
29921
29951
29981
30011
30041
30071
30101
30131
30161
30603
30633
30663
30693
30723
30753
30783
30813
30843
30873
31309
31339
31369
31399
31429
31459
31489
31519
31549
31979
32009
32039
32069
32099
32129
32159
32189
32219
32643
32673
32703
32733
32763
32793
32823
32853
32883
32913
33332
33362
33392
33422
33452
33482
33512
33542
33572
33602
34015
34045
34075
34105
34135
34165
34195
34225
3423
34255
34285
34692
34722
34752
34782
34812
34842
34872
34902
34932
34962
35364
35394
35424
35454
35484
35514
35544
35574
35604
35634
35664
36060
36090
36120
36150
36180
36210
36240
36270
36300
36330
36721
36751
36781
36811
36841
36871
36901
36931
36961
36991
37021
37406
37436
37466
37496
37526
37556
37586
37616
37646
37676
37706
38086
38116
38146
38176
38206
38236
38266
38296
38326
38356
38386
38760
38790
38820
38850
38880
38910
38940
38970
39000
39030
39060
39090
39459
39489
39519
39549
39579
39609
39639
39669
39699
39729
39759
40122
40152
40182
40212
40242
40272
40302
40332
40362
40392
40422
40452
40810
40840
40870
40900
40930
40960
40990
4102
41020
41050
41080
41110
41140
41493
41523
41553
41583
41613
41643
41673
41703
41733
41763
41793
41823
42170
42200
42230
42260
42290
42320
42350
42380
42410
42440
42470
42500
42842
42872
42902
42932
42962
42992
43022
43052
43082
43112
43142
43172
43202
43539
43569
43599
43629
43659
43689
43719
43749
43779
43809
43839
43869
44200
44230
44260
44290
44320
44350
44380
44410
44440
44470
44500
44530
44560
44886
44916
44946
44976
45006
45036
45066
45096
45126
45156
45186
45216
45246
45567
45597
45627
45657
45687
45717
45747
45777
45807
45837
45867
45897
45927
46243
46273
46303
46333
46363
46393
46423
46453
46483
46513
46543
46573
46603
46633
46944
46974
47004
47034
47064
47094
47124
47154
47184
47214
47244
47274
47304
47610
47640
47670
47700
47730
4775
47760
47790
47820
47850
47880
47910
47940
47970
48000
48301
48331
48361
48391
48421
48451
48481
48511
48541
48571
48601
48631
48661
48691
48987
49017
49047
49077
49107
49137
49167
49197
49227
49257
49287
49317
49347
49377
49668
49698
49728
49758
49788
49818
49848
49878
49908
49938
49968
49998
50028
50058
50344
50374
50404
50434
50464
50494
50524
50554
50584
50614
50644
50674
50704
50734
51015
51045
51075
51105
51135
51165
51195
51225
51255
51285
51315
51345
51375
51405
51681
51711
51741
51771
51801
51831
51861
51891
51921
51951
51981
52011
52041
52071
52101
52372
52402
52432
52462
52492
52522
52552
52582
52612
52642
52672
52702
52732
52762
52792
53058
53088
53118
53148
53178
53208
53238
53268
53298
53328
53358
53388
53418
53448
53478
53740
53770
53800
53830
53860
53890
53920
53950
53980
54010
54040
54070
54100
54130
54160
54417
5442
54447
54477
54507
54537
54567
54597
54627
54657
54687
54717
5472
54747
54777
54807
54837
55089
55119
55149
55179
55209
55239
55269
55299
55329
55359
55389
55419
55449
55479
55509
55539
55787
55817
55847
55877
55907
55937
55967
55997
56027
56057
56087
56117
56147
56177
56207
56450
56480
56510
56540
56570
56600
56630
56660
56690
56720
56750
56780
56810
56840
56870
56900
57139
57169
57199
57229
57259
57289
57319
57349
57379
57409
57439
57469
57499
57529
57559
57589
57823
57853
57883
57913
57943
57973
58003
58033
58063
58093
58123
58153
58183
58213
58243
58273
58503
58533
58563
58593
58623
58653
58683
58713
58743
58773
58803
58833
58863
58893
58923
58953
59178
59208
59238
59268
59298
59328
59358
59388
59418
59448
59478
59508
59538
59568
59598
59628
59849
59879
59909
59939
59969
59999
60029
60059
60089
60119
60149
60179
60209
60239
60269
60299
60329
60546
60576
60606
60636
60666
60696
60726
60756
60786
60816
60846
60876
60906
60936
60966
60996
61208
61238
61268
61298
6132
61328
61358
61388
61418
61448
61478
61508
61538
61568
61598
6162
61628
61658
61688
61896
61926
61956
61986
62016
62046
62076
62106
62136
62166
62196
62226
62256
62286
62316
62346
62376
62580
62610
62640
62670
62700
62730
62760
62790
62820
62850
62880
62910
62940
62970
63000
63030
63060
63260
63290
63320
63350
63380
63410
63440
63470
63500
63530
63560
63590
63620
63650
63680
63710
63740
63935
63965
63995
64025
64055
64085
64115
64145
64175
64205
64235
64265
64295
64325
64355
64385
64415
64606
64636
64666
64696
64726
64756
64786
64816
64846
64876
64906
64936
64966
64996
65026
65056
65086
65116
65303
65333
65363
65393
65423
65453
65483
65513
65543
65573
65603
65633
65663
65693
65723
65753
65783
65966
65996
66026
66056
66086
66116
66146
66176
66206
66236
66266
66296
66326
66356
66386
66416
66446
66476
66655
66685
66715
66745
66775
66805
66835
66865
66895
66925
66955
66985
67015
67045
67075
67105
67135
67165
67341
67371
67401
67431
67461
67491
67521
67551
67581
67611
67641
67671
67701
67731
67761
67791
67821
67851
68023
68053
68083
68113
68143
6816
68173
68203
68233
68263
68293
68323
68353
68383
68413
68443
6846
68473
68503
68533
68701
68731
68761
68791
68821
68851
68881
68911
68941
68971
69001
69031
69061
69091
69121
69151
69181
69211
69375
69405
69435
69465
69495
69525
69555
69585
69615
69645
69675
69705
69735
69765
69795
69825
69855
69885
70045
70075
70105
70135
70165
70195
70225
70255
70285
70315
70345
70375
70405
70435
70465
70495
70525
70555
70585
70742
70772
70802
70832
70862
70892
70922
70952
70982
71012
71042
71072
71102
71132
71162
71192
71222
71252
71405
71435
71465
71495
71525
71555
71585
71615
71645
71675
71705
71735
71765
71795
71825
71855
71885
71915
71945
72095
72125
72155
72185
72215
72245
72275
72305
72335
72365
72395
72425
72455
72485
72515
72545
72575
72605
72635
72781
72811
72841
72871
72901
72931
72961
72991
73021
73051
73081
73111
73141
73171
73201
73231
73261
73291
73321
73463
73493
73523
73553
73583
73613
73643
73673
73703
73733
73763
73793
73823
73853
73883
73913
73943
73973
74003
74142
74172
74202
74232
74262
74292
74322
74352
74382
74412
74442
74472
74502
74532
74562
74592
74622
74652
74682
74818
74848
74878
74908
74938
7494
74968
74998
75028
75058
75088
75118
75148
75178
75208
75238
7524
75268
75298
75328
75358
75490
75520
75550
75580
75610
75640
75670
75700
75730
75760
75790
75820
75850
75880
75910
75940
75970
76000
76030
76060
76189
76219
76249
76279
76309
76339
76369
76399
76429
76459
76489
76519
76549
76579
76609
76639
76669
76699
76729
76855
76885
76915
76945
76975
77005
77035
77065
77095
77125
77155
77185
77215
77245
77275
77305
77335
77365
77395
77425
77548
77578
77608
77638
77668
77698
77728
77758
77788
77818
77848
77878
77908
77938
77968
77998
78028
78058
78088
78208
78238
78268
78298
78328
78358
78388
78418
78448
78478
78508
78538
78568
78598
78628
78658
78688
78718
78748
78778
78894
78924
78954
78984
79014
79044
79074
79104
79134
79164
79194
79224
79254
79284
79314
79344
79374
79404
79434
79464
79577
79607
79637
79667
79697
79727
79757
79787
79817
79847
79877
79907
79937
79967
79997
80027
80057
80087
80117
80147
80257
80287
80317
80347
80377
80407
80437
80467
80497
80527
80557
80587
80617
80647
80677
80707
80737
80767
80797
80827
80934
80964
80994
81024
81054
81084
81114
81144
81174
81204
81234
81264
81294
81324
81354
81384
81414
81444
81474
81504
81609
81639
8166
81669
81699
81729
81759
81789
81819
81849
81879
81909
81939
8196
81969
81999
82029
82059
82089
82119
82149
82179
8226
82281
82311
82341
82371
82401
82431
82461
82491
82521
82551
82581
82611
82641
82671
82701
82731
82761
82791
82821
82851
82881
82980
83010
83040
83070
83100
83130
83160
83190
83220
83250
83280
83310
83340
83370
83400
83430
83460
83490
83520
83550
83646
83676
83706
83736
83766
83796
83826
83856
83886
83916
83946
83976
84006
84036
84066
84096
84126
84156
84186
84216
84246
84340
84370
84400
84430
84460
84490
84520
84550
84580
84610
84640
84670
84700
84730
84760
84790
84820
84850
84880
84910
85001
85031
85061
85091
85121
85151
85181
85211
85241
85271
85301
85331
85361
85391
85421
85451
85481
85511
85541
85571
85601
85689
85719
85749
85779
85809
85839
85869
85899
85929
85959
85989
86019
86049
86079
86109
86139
86169
86199
86229
86259
86289
86375
86405
86435
86465
86495
86525
86555
86585
86615
86645
86675
86705
86735
86765
86795
86825
86855
86885
86915
86945
86975
87058
87088
87118
87148
87178
87208
87238
87268
87298
87328
87358
87388
87418
87448
87478
87508
87538
87568
87598
87628
87658
87739
87769
87799
87829
87859
87889
87919
87949
87979
88009
88039
88069
88099
88129
88159
88189
88219
88249
88279
88309
88339
88418
88448
88478
88508
88538
88568
88598
8861
88628
88658
88688
88718
88748
88778
88808
88838
88868
88898
8891
88928
88958
88988
89018
89094
89124
89154
89184
89214
89244
89274
89304
89334
89364
89394
89424
89454
89484
89514
89544
89574
89604
89634
89664
89694
89768
89798
89828
89858
89888
89918
89948
89978
90008
90038
90068
90098
90128
90158
90188
90218
90248
90278
90308
90338
90368
90440
90470
90500
90530
90560
90590
90620
90650
90680
90710
90740
90770
90800
90830
90860
90890
90920
90950
90980
91010
91040
91070
91140
91170
91200
91230
91260
91290
91320
91350
91380
91410
91440
91470
91500
91530
91560
91590
91620
91650
91680
91710
91740
91808
91838
91868
91898
91928
91958
91988
92018
92048
92078
92108
92138
92168
92198
92228
92258
92288
92318
92348
92378
92408
92438
92504
92534
92564
92594
92624
92654
92684
92714
92744
92774
92804
92834
92864
92894
92924
92954
92984
93014
93044
93074
93104
93168
93198
93228
93258
93288
93318
93348
93378
93408
93438
93468
93498
93528
93558
93588
93618
93648
93678
93708
93738
93768
93798
93860
93890
93920
93950
93980
94010
94040
94070
94100
94130
94160
94190
94220
94250
94280
94310
94340
94370
94400
94430
94460
94520
94550
94580
94610
94640
94670
94700
94730
94760
94790
94820
94850
94880
94910
94940
94970
95000
95030
95060
95090
95120
95150
9520
95208
95238
95268
95298
95328
95358
95388
95418
95448
95478
9550
95508
95538
95568
95598
95628
95658
95688
95718
95748
95778
9580
95808
95838
95894
95924
95954
95984
96014
96044
96074
96104
96134
96164
96194
96224
96254
96284
96314
96344
96374
96404
96434
96464
96494
96524
96579
96609
96639
96669
96699
96729
96759
96789
96819
96849
96879
96909
96939
96969
96999
97029
97059
97089
97119
97149
97179
97209
97262
97292
97322
97352
97382
97412
97442
97472
97502
97532
97562
97592
97622
97652
97682
97712
97742
97772
97802
97832
97862
97892
97944
97974
98004
98034
98064
98094
98124
98154
98184
98214
98244
98274
98304
98334
98364
98394
98424
98454
98484
98514
98544
98574
98624
98654
98684
98714
98744
98774
98804
98834
98864
98894
98924
98954
98984
99014
99044
99074
99104
99134
99164
99194
99224
99254
99303
99333
99363
99393
99423
99453
99483
99513
99543
99573
99603
99633
99663
99693
99723
99753
99783
99813
99843
99873
99903
99933
99980
