100012
100042
100072
100102
100132
100162
100192
100222
100252
100282
100312
100342
100372
100402
100432
100462
100492
100522
100552
100582
100612
100658
100688
100718
100748
100778
100808
100838
100868
100898
100928
100958
100988
101018
101048
101078
101108
101138
101168
101198
101228
101258
101288
101333
101363
101393
101423
101453
101483
101513
101543
101573
101603
101633
101663
101693
101723
101753
101783
101813
101843
101873
101903
101933
101963
102006
102036
10205
102066
102096
102126
102156
102186
102216
102246
102276
102306
102336
10235
102366
102396
102426
102456
102486
102516
102546
102576
102606
102636
10265
102666
102708
102738
102768
102798
102828
102858
102888
102918
102948
102978
103008
103038
103068
103098
103128
103158
103188
103218
103248
103278
103308
103338
103379
103409
103439
103469
103499
103529
103559
103589
103619
103649
103679
103709
103739
103769
103799
103829
103859
103889
103919
103949
103979
104009
104049
104079
104109
104139
104169
104199
104229
104259
104289
104319
104349
104379
104409
104439
104469
104499
104529
104559
104589
104619
104649
104679
104709
104748
104778
104808
104838
104868
104898
104928
104958
104988
105018
105048
105078
105108
105138
105168
105198
105228
105258
105288
105318
105348
105378
105416
105446
105476
105506
105536
105566
105596
105626
105656
105686
105716
105746
105776
105806
105836
105866
105896
105926
105956
105986
106016
106046
106083
106113
106143
106173
106203
106233
106263
106293
106323
106353
106383
106413
106443
106473
106503
106533
106563
106593
106623
106653
106683
106713
106743
106779
106809
106839
106869
106899
106929
106959
106989
107019
107049
107079
107109
107139
107169
107199
107229
107259
107289
107319
107349
107379
107409
107444
107474
107504
107534
107564
107594
107624
107654
107684
107714
107744
107774
107804
107834
107864
107894
107924
107954
107984
108014
108044
108074
108104
108139
108169
108199
108229
108259
108289
108319
108349
108379
108409
108439
108469
108499
108529
108559
108589
108619
108649
108679
108709
108739
108769
108803
10882
108833
108863
108893
108923
108953
108983
109013
109043
109073
109103
10912
109133
109163
109193
109223
109253
109283
109313
109343
109373
109403
10942
109433
109463
109496
109526
109556
109586
109616
109646
109676
109706
10972
109736
109766
109796
109826
109856
109886
109916
109946
109976
110006
110036
110066
110096
110126
110156
110189
110219
110249
110279
110309
110339
110369
110399
110429
110459
110489
110519
110549
110579
110609
110639
110669
110699
110729
110759
110789
110819
110851
110881
110911
110941
110971
111001
111031
111061
111091
111121
111151
111181
111211
111241
111271
111301
111331
111361
111391
111421
111451
111481
111511
111543
111573
111603
111633
111663
111693
111723
111753
111783
111813
111843
111873
111903
111933
111963
111993
112023
112053
112083
112113
112143
112173
112205
112235
112265
112295
112325
112355
112385
112415
112445
112475
112505
112535
112565
112595
112625
112655
112685
112715
112745
112775
112805
112835
112865
112896
112926
112956
112986
113016
113046
113076
113106
113136
113166
113196
113226
113256
113286
113316
113346
113376
113406
113436
113466
113496
113526
113556
113585
113615
113645
113691
113721
113751
113781
113811
113841
113871
113901
113931
113961
113991
114021
114051
114081
114111
114141
114174
114204
114234
114265
114295
114325
114352
114382
114412
114442
114472
114502
114532
114562
114592
114622
114652
114682
114712
114742
114772
114802
114832
114854
114884
114914
114945
114975
115005
115043
115073
115103
115133
115163
115193
115223
115253
115283
115313
115343
115373
115403
115433
115463
115493
115534
115564
115594
115625
115655
115685
115704
115734
115764
115794
11582
115824
115854
115884
115914
115944
115974
116004
116034
116064
116094
11612
116124
116154
116184
116214
116244
116274
116305
116335
116365
116395
11642
116425
116455
116485
116515
116545
116575
116605
116635
116665
116695
116725
116755
116785
116815
116845
116875
116894
116924
116954
116985
117015
117045
117086
117116
117146
117176
117206
117236
117266
117296
117326
117356
117386
117416
117446
117476
117506
117536
117574
117604
117634
117643
117673
117703
117733
117763
117793
117823
117853
117883
117913
117943
117973
118003
118033
118063
118093
118123
118153
118183
118213
118243
118273
118303
118334
118364
118394
118424
118454
118484
118514
118544
118574
118604
118634
118664
118694
118724
118754
118784
118814
118844
118874
118904
118934
118964
118994
119025
119055
119085
119115
119145
119175
119205
119235
119265
119295
119325
119355
119385
119415
119445
119475
119505
119535
119565
119595
119625
119655
119687
119717
119747
119777
119807
119837
119867
119897
119927
119957
119987
120017
120047
120077
120107
120137
120167
120197
120227
120257
120287
120317
120347
120379
120409
120439
120469
120499
120529
120559
120589
120619
120649
120679
120709
120739
120769
120799
120829
120859
120889
120919
120949
120979
121009
121041
121071
121101
121131
121161
121191
121221
121251
121281
121311
121341
121371
121401
121431
121461
121491
121521
121551
121581
121611
121641
121671
121701
121734
121764
121794
121824
121854
121884
121914
121944
121974
122004
122034
122064
122094
122124
122154
122184
122214
122244
122274
122304
122334
122364
122394
122427
122457
12246
122487
122517
122547
122577
122607
122637
122667
122697
122727
122757
12276
122787
122817
122847
122877
122907
122937
122967
122997
123027
123057
12306
123091
123121
123151
123181
123211
123241
123271
123301
123331
12336
123361
123391
123421
123451
123481
123511
123541
123571
123601
123631
123661
123691
123721
123751
123786
123816
123846
123876
123906
123936
123966
123996
124026
124056
124086
124116
124146
124176
124206
124236
124266
124296
124326
124356
124386
124416
124451
124481
124511
124541
124571
124601
124631
124661
124691
124721
124751
124781
124811
124841
124871
124901
124931
124961
124991
125021
125051
125081
125111
125147
125177
125207
125237
125267
125297
125327
125357
125387
125417
125447
125477
125507
125537
125567
125597
125627
125657
125687
125717
125747
125777
125814
125844
125874
125904
125934
125964
125994
126024
126054
126084
126114
126144
126174
126204
126234
126264
126294
126324
126354
126384
126414
126444
126482
126512
126542
126572
126602
126632
126662
126692
126722
126752
126782
126812
126842
126872
126902
126932
126962
126992
127022
127052
127082
127112
127142
127181
127211
127241
127271
127301
127331
127361
127391
127421
127451
127481
127511
127541
127571
127601
127631
127661
127691
127721
127751
127781
127811
127851
127881
127911
127941
127971
128001
128031
128061
128091
128121
128151
128181
128211
128241
128271
128301
128331
128361
128391
128421
128451
128481
128522
128552
128582
128612
128642
128672
128702
128732
128762
128792
128822
128852
128882
128912
128942
128972
129002
129032
129062
129092
129122
129152
129182
129224
129254
129284
129314
12934
129344
129374
129404
129434
129464
129494
129524
129554
129584
129614
12964
129644
129674
129704
129734
129764
129794
129824
129854
129897
129927
12994
129957
129987
130017
130047
130077
130107
130137
130167
130197
130227
13024
130257
130287
130317
130347
130377
130407
130437
130467
130497
130527
130572
130602
130632
130662
130692
130722
130752
130782
130812
130842
130872
130902
130932
130962
130992
131022
131052
131082
131112
131142
131172
131202
131248
131278
131308
131338
131368
131398
131428
131458
131488
131518
131548
131578
131608
131638
131668
131698
131728
131758
131788
131818
131848
131878
131925
131955
131985
132015
132045
132075
132105
132135
132165
132195
132225
132255
132285
132315
132345
132375
132405
132435
132465
132495
132525
132555
132604
132634
132664
132694
132724
132754
132784
132814
132844
132874
132904
132934
132964
132994
133024
133054
133084
133114
133144
133174
133204
133234
133284
133314
133344
133374
133404
133434
133464
133494
133524
133554
133584
133614
133644
133674
133704
133734
133764
133794
133824
133854
133884
133914
133966
133996
134026
134056
134086
134116
134146
134176
134206
134236
134266
134296
134326
134356
134386
134416
134446
134476
134506
134536
134566
134596
134649
134679
134709
134739
134769
134799
134829
134859
134889
134919
134949
134979
135009
135039
135069
135099
135129
135159
135189
135219
135249
135279
135334
135364
135394
135424
135454
135484
135514
135544
135574
135604
135634
135664
135694
135724
135754
135784
135814
135844
135874
135904
135934
135964
136020
136050
136080
136110
136140
13616
136170
136200
136230
136260
136290
136320
136350
136380
136410
136440
13646
136470
136500
136530
136560
136590
136620
136650
136708
136738
13676
136768
136798
136828
136858
136888
136918
136948
136978
137008
137038
13706
137068
137098
137128
137158
137188
137218
137248
137278
137308
137368
137398
137428
137458
137488
137518
137548
137578
137608
137638
137668
137698
137728
137758
137788
137818
137848
137878
137908
137938
137968
137998
138060
138090
138120
138150
138180
138210
138240
138270
138300
138330
138360
138390
138420
138450
138480
138510
138540
138570
138600
138630
138660
138724
138754
138784
138814
138844
138874
138904
138934
138964
138994
139024
139054
139084
139114
139144
139174
139204
139234
139264
139294
139324
139354
139420
139450
139480
139510
139540
139570
139600
139630
139660
139690
139720
139750
139780
139810
139840
139870
139900
139930
139960
139990
140020
140088
140118
140148
140178
140208
140238
140268
140298
140328
140358
140388
140418
140448
140478
140508
140538
140568
140598
140628
140658
140688
140718
140788
140818
140848
140878
140908
140938
140968
140998
141028
141058
141088
141118
141148
141178
141208
141238
141268
141298
141328
141358
141388
141460
141490
141520
141550
141580
141610
141640
141670
141700
141730
141760
141790
141820
141850
141880
141910
141940
141970
142000
142030
142060
142134
142164
142194
142224
142254
142284
142314
142344
142374
142404
142434
142464
142494
142524
142554
142584
142614
142644
142674
142704
142734
142810
142840
142870
142900
14292
142930
142960
142990
143020
143050
143080
143110
143140
143170
143200
14322
143230
143260
143290
143320
143350
143380
143410
143489
143519
14352
143549
143579
143609
143639
143669
143699
143729
143759
143789
143819
14382
143849
143879
143909
143939
143969
143999
144029
144059
144089
144170
144200
144230
144260
144290
144320
144350
144380
144410
144440
144470
144500
144530
144560
144590
144620
144650
144680
144710
144740
144770
144853
144883
144913
144943
144973
145003
145033
145063
145093
145123
145153
145183
145213
145243
145273
145303
145333
145363
145393
145423
145453
145539
145569
145599
145629
145659
145689
145719
145749
145779
145809
145839
145869
145899
145929
145959
145989
146019
146049
146079
146109
146139
146227
146257
146287
146317
146347
146377
146407
146437
146467
146497
146527
146557
146587
146617
146647
146677
146707
146737
146767
146797
146888
146918
146948
146978
147008
147038
147068
147098
147128
147158
147188
147218
147248
147278
147308
147338
147368
147398
147428
147458
147488
147582
147612
147642
147672
147702
147732
147762
147792
147822
147852
147882
147912
147942
147972
148002
148032
148062
148092
148122
148152
148248
148278
148308
148338
148368
148398
148428
148458
148488
148518
148548
148578
148608
148638
148668
148698
148728
148758
148788
148818
148848
148947
148977
149007
149037
149067
149097
149127
149157
149187
149217
149247
149277
149307
149337
149367
149397
149427
149457
149487
149517
14961
149619
149649
149679
149709
149739
149769
149799
149829
149859
149889
14991
149919
149949
149979
150009
150039
150069
150099
150129
150159
150189
15021
150294
150324
150354
150384
150414
150444
150474
150504
15051
150534
150564
150594
150624
150654
150684
150714
150744
150774
150804
15081
150834
150864
150971
151001
151031
151061
151091
151121
151151
151181
151211
151241
151271
151301
151331
151361
151391
151421
151451
151481
151511
151541
151651
151681
151711
151741
151771
151801
151831
151861
151891
151921
151951
151981
152011
152041
152071
152101
152131
152161
152191
152221
152334
152364
152394
152424
152454
152484
152514
152544
152574
152604
152634
152664
152694
152724
152754
152784
152814
152844
152874
152904
153020
153050
153080
153110
153140
153170
153200
153230
153260
153290
153320
153350
153380
153410
153440
153470
153500
153530
153560
153680
153710
153740
153770
153800
153830
153860
153890
153920
153950
153980
154010
154040
154070
154100
154130
154160
154190
154220
154250
154373
154403
154433
154463
154493
154523
154553
154583
154613
154643
154673
154703
154733
154763
154793
154823
154853
154883
154913
154943
155069
155099
155129
155159
155189
155219
155249
155279
155309
155339
155369
155399
155429
155459
155489
155519
155549
155579
155609
155738
155768
155798
155828
155858
155888
155918
155948
155978
156008
156038
156068
156098
156128
156158
156188
156218
156248
156278
156410
156440
156470
156500
156530
15654
156560
156590
156620
156650
156680
156710
156740
156770
156800
156830
15684
156860
156890
156920
156950
157086
157116
15714
157146
157176
157206
157236
157266
157296
157326
157356
157386
157416
15744
157446
157476
157506
157536
157566
157596
157626
15774
157765
157795
157825
157855
157885
157915
157945
157975
158005
158035
158065
158095
158125
158155
158185
158215
158245
158275
158305
158447
158477
158507
158537
158567
158597
158627
158657
158687
158717
158747
158777
158807
158837
158867
158897
158927
158957
158987
159133
159163
159193
159223
159253
159283
159313
159343
159373
159403
159433
159463
159493
159523
159553
159583
159613
159643
159673
159823
159853
159883
159913
159943
159973
160003
160033
160063
160093
160123
160153
160183
160213
160243
160273
160303
160333
160486
160516
160546
160576
160606
160636
160666
160696
160726
160756
160786
160816
160846
160876
160906
160936
160966
160996
161026
161183
161213
161243
161273
161303
161333
161363
161393
161423
161453
161483
161513
161543
161573
161603
161633
161663
161693
161853
161883
161913
161943
161973
162003
162033
162063
162093
162123
162153
162183
162213
162243
162273
162303
162333
162363
162527
162557
162587
162617
162647
162677
162707
162737
162767
162797
162827
162857
162887
162917
162947
162977
163007
163037
163205
163235
163265
163295
163325
163355
163385
16341
163415
163445
163475
163505
163535
163565
163595
163625
163655
163685
16371
163715
163887
163917
163947
163977
164007
16401
164037
164067
164097
164127
164157
164187
164217
164247
164277
164307
16431
164337
164367
164397
164573
164603
16461
164633
164663
164693
164723
164753
164783
164813
164843
164873
164903
164933
164963
164993
165023
165053
165083
165262
165292
165322
165352
165382
165412
165442
165472
165502
165532
165562
165592
165622
165652
165682
165712
165742
165925
165955
165985
166015
166045
166075
166105
166135
166165
166195
166225
166255
166285
166315
166345
166375
166405
166435
166622
166652
166682
166712
166742
166772
166802
166832
166862
166892
166922
166952
166982
167012
167042
167072
167102
167293
167323
167353
167383
167413
167443
167473
167503
167533
167563
167593
167623
167653
167683
167713
167743
167773
167968
167998
168028
168058
168088
168118
168148
168178
168208
168238
168268
168298
168328
168358
168388
168418
168448
168648
168678
168708
168738
168768
168798
168828
168858
168888
168918
168948
168978
169008
169038
169068
169098
169128
169332
169362
169392
169422
169452
169482
169512
169542
169572
169602
169632
169662
169692
169722
169752
169782
169812
170020
170050
170080
170110
170140
170170
170200
17022
170230
170260
170290
170320
170350
170380
170410
170440
170470
17052
170682
170712
170742
170772
170802
17082
170832
170862
170892
170922
170952
170982
171012
171042
171072
171102
17112
171132
171162
171379
171409
17142
171439
171469
171499
171529
171559
171589
171619
171649
171679
171709
171739
171769
171799
171829
172050
172080
172110
172140
172170
172200
172230
172260
172290
172320
172350
172380
172410
172440
172470
172500
172725
172755
172785
172815
172845
172875
172905
172935
172965
172995
173025
173055
173085
173115
173145
173175
173405
173435
173465
173495
173525
173555
173585
173615
173645
173675
173705
173735
173765
173795
173825
173855
174089
174119
174149
174179
174209
174239
174269
174299
174329
174359
174389
174419
174449
174479
174509
174539
174778
174808
174838
174868
174898
174928
174958
174988
175018
175048
175078
175108
175138
175168
175198
175441
175471
175501
175531
175561
175591
175621
175651
175681
175711
175741
175771
175801
175831
175861
175891
176139
176169
176199
176229
176259
176289
176319
176349
176379
176409
176439
176469
176499
176529
176559
176811
176841
176871
176901
176931
176961
17697
176991
177021
177051
177081
177111
177141
177171
177201
177231
17727
177488
177518
177548
17757
177578
177608
177638
177668
177698
177728
177758
177788
177818
177848
17787
177878
177908
17817
178170
178200
178230
178260
178290
178320
178350
178380
178410
178440
178470
178500
178530
178560
178590
178856
178886
178916
178946
178976
179006
179036
179066
179096
179126
179156
179186
179216
179246
179276
179547
179577
179607
179637
179667
179697
179727
179757
179787
179817
179847
179877
179907
179937
180213
180243
180273
180303
180333
180363
180393
180423
180453
180483
180513
180543
180573
180603
180884
180914
180944
180974
181004
181034
181064
181094
181124
181154
181184
181214
181244
181274
181560
181590
181620
181650
181680
181710
181740
181770
181800
181830
181860
181890
181920
181950
182241
182271
182301
182331
182361
182391
182421
182451
182481
182511
182541
182571
182601
182631
182927
182957
182987
183017
183047
183077
183107
183137
183167
183197
183227
183257
183287
183317
183618
183648
18366
183678
183708
183738
183768
183798
183828
183858
183888
183918
183948
18396
183978
18426
184284
184314
184344
184374
184404
184434
184464
184494
184524
184554
18456
184584
184614
184644
184674
18486
184985
185015
185045
185075
185105
185135
18516
185165
185195
185225
185255
185285
185315
185345
185661
185691
185721
185751
185781
185811
185841
185871
185901
185931
185961
185991
186021
186342
186372
186402
186432
186462
186492
186522
186552
186582
186612
186642
186672
186702
187028
187058
187088
187118
187148
187178
187208
187238
187268
187298
187328
187358
187689
187719
187749
187779
187809
187839
187869
187899
187929
187959
187989
188019
188049
188386
188416
188446
188476
188506
188536
188566
188596
188626
188656
188686
188716
189058
189088
189118
189148
189178
189208
189238
189268
189298
189328
189358
189388
189735
189765
189795
189825
189855
189885
189915
189945
189975
190005
190035
190065
190418
190448
190478
190508
190538
190568
19059
190598
190628
190658
190688
190718
190748
19089
191106
191136
191166
19119
191196
191226
191256
191286
191316
191346
191376
191406
19149
191769
19179
191799
191829
191859
191889
191919
191949
191979
192009
192039
192069
19209
192099
192468
192498
192528
192558
192588
192618
192648
192678
192708
192738
192768
193142
193172
193202
193232
193262
193292
193322
193352
193382
193412
193442
193822
193852
193882
193912
193942
193972
194002
194032
194062
194092
194122
194507
194537
194567
194597
194627
194657
194687
194717
194747
194777
195168
195198
195228
195258
195288
195318
195348
195378
195408
195438
195468
195864
195894
195924
195954
195984
196014
196044
196074
196104
196134
196536
196566
196596
196626
196656
196686
196716
196746
196776
196806
197213
197243
197273
197303
197333
197363
197393
197423
197453
19746
197483
19776
197896
197926
197956
197986
198016
198046
19806
198076
198106
198136
198166
19836
198585
198615
198645
19866
198675
198705
198735
198765
198795
198825
19896
199249
199279
199309
199339
199369
199399
199429
199459
199489
199519
199949
199979
200009
200039
200069
200099
200129
200159
200189
200625
200655
200685
200715
200745
200775
200805
200835
200865
201307
201337
201367
201397
201427
201457
201487
201517
201964
201994
202024
202054
202084
202114
202144
202174
202204
202657
202687
202717
202747
202777
202807
202837
202867
203326
203356
203386
203416
203446
203476
203506
203536
204001
204031
204061
204091
204121
204151
204181
204211
20426
20456
204682
204712
204742
204772
2048
204802
204832
20486
204862
204892
20516
205369
205399
205429
205459
20546
205489
205519
205549
205579
20576
206062
206092
206122
206152
206182
206212
206242
206730
206760
206790
206820
206850
206880
206910
207404
207434
207464
207494
207524
207554
207584
208084
208114
208144
208174
208204
208234
208264
208770
208800
208830
208860
208890
208920
208950
209462
209492
209522
209552
209582
209612
210130
210160
210190
210220
210250
210280
210804
210834
210864
210894
210924
210954
21100
21130
211484
211514
211544
211574
21160
211604
211634
21190
212171
21220
212201
212231
212261
212291
212321
21250
212864
212894
212924
212954
212984
213533
213563
213593
213623
213653
214208
214238
214268
214298
214328
214889
214919
214949
214979
215009
215576
215606
215636
215666
215696
216269
216299
216329
216359
216938
216968
216998
217028
217614
217644
217674
21768
217704
21798
21828
218296
218326
218356
218386
21858
21888
218984
219014
219044
21918
21948
219648
219678
219708
219738
220348
220378
220408
221025
221055
221085
221708
221738
222367
222397
222427
223062
223092
223734
223764
224412
224442
22460
22490
225096
225126
22520
22550
225786
22580
22610
22640
226453
227126
227805
228490
23146
23176
23206
23236
23266
23296
23326
23826
23856
23886
23916
23946
23976
24006
24500
24530
24560
24590
24620
24650
24680
25168
25198
25228
25258
25288
25318
25348
25378
25861
25891
25921
25951
25981
26011
26041
26071
26548
26578
26608
26638
26668
26698
26728
26758
27229
27259
27289
27319
27349
27379
2740
27409
27439
27904
27934
27964
27994
28024
28054
28084
28114
28573
28603
28633
28663
28693
28723
28753
28783
28813
29266
29296
29326
29356
29386
29416
29446
29476
29923
29953
29983
30013
30043
30073
30103
30133
30163
30605
30635
30665
30695
30725
30755
30785
30815
30845
31281
31311
31341
31371
31401
31431
31461
31491
31521
31551
31981
32011
32041
32071
32101
32131
32161
32191
32221
32645
32675
32705
32735
32765
32795
32825
32855
32885
32915
33334
33364
33394
33424
33454
33484
33514
33544
33574
33604
34017
34047
34077
34107
34137
34167
34197
34227
3425
34257
34287
34694
34724
34754
34784
34814
34844
34874
34904
34934
34964
35366
35396
35426
35456
35486
35516
35546
35576
35606
35636
35666
36062
36092
36122
36152
36182
36212
36242
36272
36302
36332
36723
36753
36783
36813
36843
36873
36903
36933
36963
36993
37023
37408
37438
37468
37498
37528
37558
37588
37618
37648
37678
37708
38088
38118
38148
38178
38208
38238
38268
38298
38328
38358
38388
38762
38792
38822
38852
38882
38912
38942
38972
39002
39032
39062
39092
39461
39491
39521
39551
39581
39611
39641
39671
39701
39731
39761
40124
40154
40184
40214
40244
40274
40304
40334
40364
40394
40424
40454
40812
40842
40872
40902
40932
40962
40992
41022
4104
41052
41082
41112
41142
41495
41525
41555
41585
41615
41645
41675
41705
41735
41765
41795
41825
42172
42202
42232
42262
42292
42322
42352
42382
42412
42442
42472
42502
42844
42874
42904
42934
42964
42994
43024
43054
43084
43114
43144
43174
43204
43541
43571
43601
43631
43661
43691
43721
43751
43781
43811
43841
43871
44202
44232
44262
44292
44322
44352
44382
44412
44442
44472
44502
44532
44562
44888
44918
44948
44978
45008
45038
45068
45098
45128
45158
45188
45218
45248
45569
45599
45629
45659
45689
45719
45749
45779
45809
45839
45869
45899
45929
46245
46275
46305
46335
46365
46395
46425
46455
46485
46515
46545
46575
46605
46635
46946
46976
47006
47036
47066
47096
47126
47156
47186
47216
47246
47276
47306
47612
47642
47672
47702
47732
47762
4777
47792
47822
47852
47882
47912
47942
47972
48002
48303
48333
48363
48393
48423
48453
48483
48513
48543
48573
48603
48633
48663
48693
48989
49019
49049
49079
49109
49139
49169
49199
49229
49259
49289
49319
49349
49640
49670
49700
49730
49760
49790
49820
49850
49880
49910
49940
49970
50000
50030
50060
50346
50376
50406
50436
50466
50496
50526
50556
50586
50616
50646
50676
50706
50736
51017
51047
51077
51107
51137
51167
51197
51227
51257
51287
51317
51347
51377
51407
51683
51713
51743
51773
51803
51833
51863
51893
51923
51953
51983
52013
52043
52073
52103
52374
52404
52434
52464
52494
52524
52554
52584
52614
52644
52674
52704
52734
52764
52794
53060
53090
53120
53150
53180
53210
53240
53270
53300
53330
53360
53390
53420
53450
53480
53742
53772
53802
53832
53862
53892
53922
53952
53982
54012
54042
54072
54102
54132
54162
54419
5444
54449
54479
54509
54539
54569
54599
54629
54659
54689
54719
5474
54749
54779
54809
54839
55091
55121
55151
55181
55211
55241
55271
55301
55331
55361
55391
55421
55451
55481
55511
55541
55789
55819
55849
55879
55909
55939
55969
55999
56029
56059
56089
56119
56149
56179
56209
56452
56482
56512
56542
56572
56602
56632
56662
56692
56722
56752
56782
56812
56842
56872
56902
57141
57171
57201
57231
57261
57291
57321
57351
57381
57411
57441
57471
57501
57531
57561
57591
57825
57855
57885
57915
57945
57975
58005
58035
58065
58095
58125
58155
58185
58215
58245
58275
58505
58535
58565
58595
58625
58655
58685
58715
58745
58775
58805
58835
58865
58895
58925
58955
59180
59210
59240
59270
59300
59330
59360
59390
59420
59450
59480
59510
59540
59570
59600
59630
59851
59881
59911
59941
59971
60001
60031
60061
60091
60121
60151
60181
60211
60241
60271
60301
60331
60548
60578
60608
60638
60668
60698
60728
60758
60788
60818
60848
60878
60908
60938
60968
60998
61210
61240
61270
61300
61330
6134
61360
61390
61420
61450
61480
61510
61540
61570
61600
61630
6164
61660
61690
61898
61928
61958
61988
62018
62048
62078
62108
62138
62168
62198
62228
62258
62288
62318
62348
62378
62582
62612
62642
62672
62702
62732
62762
62792
62822
62852
62882
62912
62942
62972
63002
63032
63062
63262
63292
63322
63352
63382
63412
63442
63472
63502
63532
63562
63592
63622
63652
63682
63712
63742
63937
63967
63997
64027
64057
64087
64117
64147
64177
64207
64237
64267
64297
64327
64357
64387
64417
64608
64638
64668
64698
64728
64758
64788
64818
64848
64878
64908
64938
64968
64998
65028
65058
65088
65118
65305
65335
65365
65395
65425
65455
65485
65515
65545
65575
65605
65635
65665
65695
65725
65755
65785
65968
65998
66028
66058
66088
66118
66148
66178
66208
66238
66268
66298
66328
66358
66388
66418
66448
66478
66657
66687
66717
66747
66777
66807
66837
66867
66897
66927
66957
66987
67017
67047
67077
67107
67137
67167
67343
67373
67403
67433
67463
67493
67523
67553
67583
67613
67643
67673
67703
67733
67763
67793
67823
67853
68025
68055
68085
68115
68145
68175
6818
68205
68235
68265
68295
68325
68355
68385
68415
68445
68475
6848
68505
68535
68703
68733
68763
68793
68823
68853
68883
68913
68943
68973
69003
69033
69063
69093
69123
69153
69183
69213
69377
69407
69437
69467
69497
69527
69557
69587
69617
69647
69677
69707
69737
69767
69797
69827
69857
69887
70047
70077
70107
70137
70167
70197
70227
70257
70287
70317
70347
70377
70407
70437
70467
70497
70527
70557
70587
70744
70774
70804
70834
70864
70894
70924
70954
70984
71014
71044
71074
71104
71134
71164
71194
71224
71254
71407
71437
71467
71497
71527
71557
71587
71617
71647
71677
71707
71737
71767
71797
71827
71857
71887
71917
71947
72097
72127
72157
72187
72217
72247
72277
72307
72337
72367
72397
72427
72457
72487
72517
72547
72577
72607
72637
72783
72813
72843
72873
72903
72933
72963
72993
73023
73053
73083
73113
73143
73173
73203
73233
73263
73293
73323
73465
73495
73525
73555
73585
73615
73645
73675
73705
73735
73765
73795
73825
73855
73885
73915
73945
73975
74005
74144
74174
74204
74234
74264
74294
74324
74354
74384
74414
74444
74474
74504
74534
74564
74594
74624
74654
74684
74820
74850
74880
74910
74940
7496
74970
75000
75030
75060
75090
75120
75150
75180
75210
75240
7526
75270
75300
75330
75360
75492
75522
75552
75582
75612
75642
75672
75702
75732
75762
75792
75822
75852
75882
75912
75942
75972
76002
76032
76161
76191
76221
76251
76281
76311
76341
76371
76401
76431
76461
76491
76521
76551
76581
76611
76641
76671
76701
76731
76857
76887
76917
76947
76977
77007
77037
77067
77097
77127
77157
77187
77217
77247
77277
77307
77337
77367
77397
77520
77550
77580
77610
77640
77670
77700
77730
77760
77790
77820
77850
77880
77910
77940
77970
78000
78030
78060
78090
78210
78240
78270
78300
78330
78360
78390
78420
78450
78480
78510
78540
78570
78600
78630
78660
78690
78720
78750
78780
78896
78926
78956
78986
79016
79046
79076
79106
79136
79166
79196
79226
79256
79286
79316
79346
79376
79406
79436
79466
79579
79609
79639
79669
79699
79729
79759
79789
79819
79849
79879
79909
79939
79969
79999
80029
80059
80089
80119
80149
80259
80289
80319
80349
80379
80409
80439
80469
80499
80529
80559
80589
80619
80649
80679
80709
80739
80769
80799
80829
80936
80966
80996
81026
81056
81086
81116
81146
81176
81206
81236
81266
81296
81326
81356
81386
81416
81446
81476
81506
81611
81641
81671
8168
81701
81731
81761
81791
81821
81851
81881
81911
81941
81971
8198
82001
82031
82061
82091
82121
82151
82181
8228
82283
82313
82343
82373
82403
82433
82463
82493
82523
82553
82583
82613
82643
82673
82703
82733
82763
82793
82823
82853
82883
82982
83012
83042
83072
83102
83132
83162
83192
83222
83252
83282
83312
83342
83372
83402
83432
83462
83492
83522
83552
83648
83678
83708
83738
83768
83798
83828
83858
83888
83918
83948
83978
84008
84038
84068
84098
84128
84158
84188
84218
84248
84342
84372
84402
84432
84462
84492
84522
84552
84582
84612
84642
84672
84702
84732
84762
84792
84822
84852
84882
84912
85003
85033
85063
85093
85123
85153
85183
85213
85243
85273
85303
85333
85363
85393
85423
85453
85483
85513
85543
85573
85603
85691
85721
85751
85781
85811
85841
85871
85901
85931
85961
85991
86021
86051
86081
86111
86141
86171
86201
86231
86261
86291
86377
86407
86437
86467
86497
86527
86557
86587
86617
86647
86677
86707
86737
86767
86797
86827
86857
86887
86917
86947
86977
87060
87090
87120
87150
87180
87210
87240
87270
87300
87330
87360
87390
87420
87450
87480
87510
87540
87570
87600
87630
87660
87741
87771
87801
87831
87861
87891
87921
87951
87981
88011
88041
88071
88101
88131
88161
88191
88221
88251
88281
88311
88341
88420
88450
88480
88510
88540
88570
88600
8863
88630
88660
88690
88720
88750
88780
88810
88840
88870
88900
8893
88930
88960
88990
89020
89096
89126
89156
89186
89216
89246
89276
89306
89336
89366
89396
89426
89456
89486
89516
89546
89576
89606
89636
89666
89696
89770
89800
89830
89860
89890
89920
89950
89980
90010
90040
90070
90100
90130
90160
90190
90220
90250
90280
90310
90340
90370
90442
90472
90502
90532
90562
90592
90622
90652
90682
90712
90742
90772
90802
90832
90862
90892
90922
90952
90982
91012
91042
91072
91142
91172
91202
91232
91262
91292
91322
91352
91382
91412
91442
91472
91502
91532
91562
91592
91622
91652
91682
91712
91742
91810
91840
91870
91900
91930
91960
91990
92020
92050
92080
92110
92140
92170
92200
92230
92260
92290
92320
92350
92380
92410
92440
92506
92536
92566
92596
92626
92656
92686
92716
92746
92776
92806
92836
92866
92896
92926
92956
92986
93016
93046
93076
93106
93170
93200
93230
93260
93290
93320
93350
93380
93410
93440
93470
93500
93530
93560
93590
93620
93650
93680
93710
93740
93770
93800
93862
93892
93922
93952
93982
94012
94042
94072
94102
94132
94162
94192
94222
94252
94282
94312
94342
94372
94402
94432
94462
94522
94552
94582
94612
94642
94672
94702
94732
94762
94792
94822
94852
94882
94912
94942
94972
95002
95032
95062
95092
95122
95152
95210
9522
95240
95270
95300
95330
95360
95390
95420
95450
95480
95510
9552
95540
95570
95600
95630
95660
95690
95720
95750
95780
95810
9582
95840
95896
95926
95956
95986
96016
96046
96076
96106
96136
96166
96196
96226
96256
96286
96316
96346
96376
96406
96436
96466
96496
96526
96581
96611
96641
96671
96701
96731
96761
96791
96821
96851
96881
96911
96941
96971
97001
97031
97061
97091
97121
97151
97181
97211
97264
97294
97324
97354
97384
97414
97444
97474
97504
97534
97564
97594
97624
97654
97684
97714
97744
97774
97804
97834
97864
97894
97946
97976
98006
98036
98066
98096
98126
98156
98186
98216
98246
98276
98306
98336
98366
98396
98426
98456
98486
98516
98546
98576
98626
98656
98686
98716
98746
98776
98806
98836
98866
98896
98926
98956
98986
99016
99046
99076
99106
99136
99166
99196
99226
99256
99305
99335
99365
99395
99425
99455
99485
99515
99545
99575
99605
99635
99665
99695
99725
99755
99785
99815
99845
99875
99905
99935
99982
