100023
100053
100083
100113
100143
100173
100203
100233
100263
100293
100323
100353
100383
100413
100443
100473
100503
100533
100563
100593
100623
100669
100699
100729
100759
100789
100819
100849
100879
100909
100939
100969
100999
101029
101059
101089
101119
101149
101179
101209
101239
101269
101299
101344
101374
101404
101434
101464
101494
101524
101554
101584
101614
101644
101674
101704
101734
101764
101794
101824
101854
101884
101914
101944
101974
102017
102047
102077
102107
102137
10216
102167
102197
102227
102257
102287
102317
102347
102377
102407
102437
10246
102467
102497
102527
102557
102587
102617
102647
102689
102719
102749
10276
102779
102809
102839
102869
102899
102929
102959
102989
103019
103049
103079
103109
103139
103169
103199
103229
103259
103289
103319
103360
103390
103420
103450
103480
103510
103540
103570
103600
103630
103660
103690
103720
103750
103780
103810
103840
103870
103900
103930
103960
103990
104020
104060
104090
104120
104150
104180
104210
104240
104270
104300
104330
104360
104390
104420
104450
104480
104510
104540
104570
104600
104630
104660
104690
104729
104759
104789
104819
104849
104879
104909
104939
104969
104999
105029
105059
105089
105119
105149
105179
105209
105239
105269
105299
105329
105359
105389
105427
105457
105487
105517
105547
105577
105607
105637
105667
105697
105727
105757
105787
105817
105847
105877
105907
105937
105967
105997
106027
106057
106094
106124
106154
106184
106214
106244
106274
106304
106334
106364
106394
106424
106454
106484
106514
106544
106574
106604
106634
106664
106694
106724
106760
106790
106820
106850
106880
106910
106940
106970
107000
107030
107060
107090
107120
107150
107180
107210
107240
107270
107300
107330
107360
107390
107420
107455
107485
107515
107545
107575
107605
107635
107665
107695
107725
107755
107785
107815
107845
107875
107905
107935
107965
107995
108025
108055
108085
108120
108150
108180
108210
108240
108270
108300
108330
108360
108390
108420
108450
108480
108510
108540
108570
108600
108630
108660
108690
108720
108750
108780
108814
108844
108874
108904
10893
108934
108964
108994
109024
109054
109084
109114
109144
109174
109204
10923
109234
109264
109294
109324
109354
109384
109414
109444
109474
109507
10953
109537
109567
109597
109627
109657
109687
109717
109747
109777
109807
109837
109867
109897
109927
109957
109987
110017
110047
110077
110107
110137
110170
110200
110230
110260
110290
110320
110350
110380
110410
110440
110470
110500
110530
110560
110590
110620
110650
110680
110710
110740
110770
110800
110830
110862
110892
110922
110952
110982
111012
111042
111072
111102
111132
111162
111192
111222
111252
111282
111312
111342
111372
111402
111432
111462
111492
111524
111554
111584
111614
111644
111674
111704
111734
111764
111794
111824
111854
111884
111914
111944
111974
112004
112034
112064
112094
112124
112154
112184
112216
112246
112276
112306
112336
112366
112396
112426
112456
112486
112516
112546
112576
112606
112636
112666
112696
112726
112756
112786
112816
112846
112876
112907
112937
112967
112997
113027
113057
113087
113117
113147
113177
113207
113237
113267
113297
113327
113357
113387
113417
113447
113477
113507
113537
113566
113596
113626
113656
113672
113702
113732
113762
113792
113822
113852
113882
113912
113942
113972
114002
114032
114062
114092
114122
114152
114185
114215
114246
114276
114306
114336
114363
114393
114423
114453
114483
114513
114543
114573
114603
114633
114663
114693
114723
114753
114783
114813
114865
114895
114926
114956
114986
115016
115024
115054
115084
115114
115144
115174
115204
115234
115264
115294
115324
115354
115384
115414
115444
115474
115504
115545
115575
115606
11563
115636
115666
115696
115715
115745
115775
115805
115835
115865
115895
115925
11593
115955
115985
116015
116045
116075
116105
116135
116165
116195
116225
11623
116255
116286
116316
116346
116376
116406
116436
116466
116496
116526
11653
116556
116586
116616
116646
116676
116706
116736
116766
116796
116826
116856
116905
116935
116966
116996
117026
117056
117067
117097
117127
117157
117187
117217
117247
117277
117307
117337
117367
117397
117427
117457
117487
117517
117547
117585
117615
117654
117684
117714
117744
117774
117804
117834
117864
117894
117924
117954
117984
118014
118044
118074
118104
118134
118164
118194
118224
118254
118284
118314
118345
118375
118405
118435
118465
118495
118525
118555
118585
118615
118645
118675
118705
118735
118765
118795
118825
118855
118885
118915
118945
118975
119006
119036
119066
119096
119126
119156
119186
119216
119246
119276
119306
119336
119366
119396
119426
119456
119486
119516
119546
119576
119606
119636
119666
119698
119728
119758
119788
119818
119848
119878
119908
119938
119968
119998
120028
120058
120088
120118
120148
120178
120208
120238
120268
120298
120328
120360
120390
120420
120450
120480
120510
120540
120570
120600
120630
120660
120690
120720
120750
120780
120810
120840
120870
120900
120930
120960
120990
121020
121052
121082
121112
121142
121172
121202
121232
121262
121292
121322
121352
121382
121412
121442
121472
121502
121532
121562
121592
121622
121652
121682
121712
121745
121775
121805
121835
121865
121895
121925
121955
121985
122015
122045
122075
122105
122135
122165
122195
122225
122255
122285
122315
122345
122375
122408
122438
122468
122498
122528
122558
12257
122588
122618
122648
122678
122708
122738
122768
122798
122828
122858
12287
122888
122918
122948
122978
123008
123038
123068
123102
123132
123162
12317
123192
123222
123252
123282
123312
123342
123372
123402
123432
123462
12347
123492
123522
123552
123582
123612
123642
123672
123702
123732
123767
123797
123827
123857
123887
123917
123947
123977
124007
124037
124067
124097
124127
124157
124187
124217
124247
124277
124307
124337
124367
124397
124427
124462
124492
124522
124552
124582
124612
124642
124672
124702
124732
124762
124792
124822
124852
124882
124912
124942
124972
125002
125032
125062
125092
125128
125158
125188
125218
125248
125278
125308
125338
125368
125398
125428
125458
125488
125518
125548
125578
125608
125638
125668
125698
125728
125758
125788
125825
125855
125885
125915
125945
125975
126005
126035
126065
126095
126125
126155
126185
126215
126245
126275
126305
126335
126365
126395
126425
126455
126493
126523
126553
126583
126613
126643
126673
126703
126733
126763
126793
126823
126853
126883
126913
126943
126973
127003
127033
127063
127093
127123
127162
127192
127222
127252
127282
127312
127342
127372
127402
127432
127462
127492
127522
127552
127582
127612
127642
127672
127702
127732
127762
127792
127822
127862
127892
127922
127952
127982
128012
128042
128072
128102
128132
128162
128192
128222
128252
128282
128312
128342
128372
128402
128432
128462
128492
128533
128563
128593
128623
128653
128683
128713
128743
128773
128803
128833
128863
128893
128923
128953
128983
129013
129043
129073
129103
129133
129163
129205
129235
129265
129295
129325
129355
129385
129415
129445
12945
129475
129505
129535
129565
129595
129625
129655
129685
129715
129745
12975
129775
129805
129835
129865
129908
129938
129968
129998
130028
13005
130058
130088
130118
130148
130178
130208
130238
130268
130298
130328
13035
130358
130388
130418
130448
130478
130508
130538
130583
130613
130643
130673
130703
130733
130763
130793
130823
130853
130883
130913
130943
130973
131003
131033
131063
131093
131123
131153
131183
131213
131259
131289
131319
131349
131379
131409
131439
131469
131499
131529
131559
131589
131619
131649
131679
131709
131739
131769
131799
131829
131859
131889
131936
131966
131996
132026
132056
132086
132116
132146
132176
132206
132236
132266
132296
132326
132356
132386
132416
132446
132476
132506
132536
132566
132615
132645
132675
132705
132735
132765
132795
132825
132855
132885
132915
132945
132975
133005
133035
133065
133095
133125
133155
133185
133215
133245
133295
133325
133355
133385
133415
133445
133475
133505
133535
133565
133595
133625
133655
133685
133715
133745
133775
133805
133835
133865
133895
133925
133977
134007
134037
134067
134097
134127
134157
134187
134217
134247
134277
134307
134337
134367
134397
134427
134457
134487
134517
134547
134577
134607
134660
134690
134720
134750
134780
134810
134840
134870
134900
134930
134960
134990
135020
135050
135080
135110
135140
135170
135200
135230
135260
135290
135345
135375
135405
135435
135465
135495
135525
135555
135585
135615
135645
135675
135705
135735
135765
135795
135825
135855
135885
135915
135945
136001
136031
136061
136091
1361
136121
136151
136181
136211
136241
13627
136271
136301
136331
136361
136391
136421
136451
136481
136511
136541
13657
136571
136601
136631
136689
136719
136749
136779
136809
136839
136869
13687
136899
136929
136959
136989
137019
137049
137079
137109
137139
137169
13717
137199
137229
137259
137289
137319
137379
137409
137439
137469
137499
137529
137559
137589
137619
137649
137679
137709
137739
137769
137799
137829
137859
137889
137919
137949
137979
138041
138071
138101
138131
138161
138191
138221
138251
138281
138311
138341
138371
138401
138431
138461
138491
138521
138551
138581
138611
138641
138671
138735
138765
138795
138825
138855
138885
138915
138945
138975
139005
139035
139065
139095
139125
139155
139185
139215
139245
139275
139305
139335
139401
139431
139461
139491
139521
139551
139581
139611
139641
139671
139701
139731
139761
139791
139821
139851
139881
139911
139941
139971
140001
140031
140099
140129
140159
140189
140219
140249
140279
140309
140339
140369
140399
140429
140459
140489
140519
140549
140579
140609
140639
140669
140699
140769
140799
140829
140859
140889
140919
140949
140979
141009
141039
141069
141099
141129
141159
141189
141219
141249
141279
141309
141339
141369
141441
141471
141501
141531
141561
141591
141621
141651
141681
141711
141741
141771
141801
141831
141861
141891
141921
141951
141981
142011
142041
142071
142145
142175
142205
142235
142265
142295
142325
142355
142385
142415
142445
142475
142505
142535
142565
142595
142625
142655
142685
142715
142745
142821
142851
142881
142911
142941
142971
143001
14303
143031
143061
143091
143121
143151
143181
143211
143241
143271
143301
14333
143331
143361
143391
143421
143500
143530
143560
143590
143620
14363
143650
143680
143710
143740
143770
143800
143830
143860
143890
143920
14393
143950
143980
144010
144040
144070
144100
144181
144211
144241
144271
144301
144331
144361
144391
144421
144451
144481
144511
144541
144571
144601
144631
144661
144691
144721
144751
144781
144864
144894
144924
144954
144984
145014
145044
145074
145104
145134
145164
145194
145224
145254
145284
145314
145344
145374
145404
145434
145520
145550
145580
145610
145640
145670
145700
145730
145760
145790
145820
145850
145880
145910
145940
145970
146000
146030
146060
146090
146120
146208
146238
146268
146298
146328
146358
146388
146418
146448
146478
146508
146538
146568
146598
146628
146658
146688
146718
146748
146778
146808
146899
146929
146959
146989
147019
147049
147079
147109
147139
147169
147199
147229
147259
147289
147319
147349
147379
147409
147439
147469
147563
147593
147623
147653
147683
147713
147743
147773
147803
147833
147863
147893
147923
147953
147983
148013
148043
148073
148103
148133
148163
148259
148289
148319
148349
148379
148409
148439
148469
148499
148529
148559
148589
148619
148649
148679
148709
148739
148769
148799
148829
148928
148958
148988
149018
149048
149078
149108
149138
149168
149198
149228
149258
149288
149318
149348
149378
149408
149438
149468
149498
149600
149630
149660
149690
14972
149720
149750
149780
149810
149840
149870
149900
149930
149960
149990
15002
150020
150050
150080
150110
150140
150170
150200
150305
15032
150335
150365
150395
150425
150455
150485
150515
150545
150575
150605
15062
150635
150665
150695
150725
150755
150785
150815
150845
150875
15092
150982
151012
151042
151072
151102
151132
151162
151192
151222
151252
151282
151312
151342
151372
151402
151432
151462
151492
151522
151552
151662
151692
151722
151752
151782
151812
151842
151872
151902
151932
151962
151992
152022
152052
152082
152112
152142
152172
152202
152232
152345
152375
152405
152435
152465
152495
152525
152555
152585
152615
152645
152675
152705
152735
152765
152795
152825
152855
152885
153001
153031
153061
153091
153121
153151
153181
153211
153241
153271
153301
153331
153361
153391
153421
153451
153481
153511
153541
153571
153691
153721
153751
153781
153811
153841
153871
153901
153931
153961
153991
154021
154051
154081
154111
154141
154171
154201
154231
154261
154384
154414
154444
154474
154504
154534
154564
154594
154624
154654
154684
154714
154744
154774
154804
154834
154864
154894
154924
155050
155080
155110
155140
155170
155200
155230
155260
155290
155320
155350
155380
155410
155440
155470
155500
155530
155560
155590
155620
155749
155779
155809
155839
155869
155899
155929
155959
155989
156019
156049
156079
156109
156139
156169
156199
156229
156259
156289
156421
156451
156481
156511
156541
156571
156601
156631
15665
156661
156691
156721
156751
156781
156811
156841
156871
156901
156931
15695
156961
157097
157127
157157
157187
157217
157247
15725
157277
157307
157337
157367
157397
157427
157457
157487
157517
157547
15755
157577
157607
157637
157776
157806
157836
157866
157896
157926
157956
157986
158016
158046
158076
158106
158136
158166
158196
158226
158256
158286
158316
158458
158488
158518
158548
158578
158608
158638
158668
158698
158728
158758
158788
158818
158848
158878
158908
158938
158968
158998
159144
159174
159204
159234
159264
159294
159324
159354
159384
159414
159444
159474
159504
159534
159564
159594
159624
159654
159804
159834
159864
159894
159924
159954
159984
160014
160044
160074
160104
160134
160164
160194
160224
160254
160284
160314
160344
160497
160527
160557
160587
160617
160647
160677
160707
160737
160767
160797
160827
160857
160887
160917
160947
160977
161007
161164
161194
161224
161254
161284
161314
161344
161374
161404
161434
161464
161494
161524
161554
161584
161614
161644
161674
161704
161864
161894
161924
161954
161984
162014
162044
162074
162104
162134
162164
162194
162224
162254
162284
162314
162344
162374
162538
162568
162598
162628
162658
162688
162718
162748
162778
162808
162838
162868
162898
162928
162958
162988
163018
163048
163216
16322
163246
163276
163306
163336
163366
163396
163426
163456
163486
163516
16352
163546
163576
163606
163636
163666
163696
163726
16382
163898
163928
163958
163988
164018
164048
164078
164108
16412
164138
164168
164198
164228
164258
164288
164318
164348
164378
164408
16442
164584
164614
164644
164674
164704
164734
164764
164794
164824
164854
164884
164914
164944
164974
165004
165034
165064
165243
165273
165303
165333
165363
165393
165423
165453
165483
165513
165543
165573
165603
165633
165663
165693
165723
165753
165936
165966
165996
166026
166056
166086
166116
166146
166176
166206
166236
166266
166296
166326
166356
166386
166416
166603
166633
166663
166693
166723
166753
166783
166813
166843
166873
166903
166933
166963
166993
167023
167053
167083
167113
167304
167334
167364
167394
167424
167454
167484
167514
167544
167574
167604
167634
167664
167694
167724
167754
167784
167979
168009
168039
168069
168099
168129
168159
168189
168219
168249
168279
168309
168339
168369
168399
168429
168459
168659
168689
168719
168749
168779
168809
168839
168869
168899
168929
168959
168989
169019
169049
169079
169109
169139
169343
169373
169403
169433
169463
169493
169523
169553
169583
169613
169643
169673
169703
169733
169763
169793
170001
17003
170031
170061
170091
170121
170151
170181
170211
170241
170271
170301
17033
170331
170361
170391
170421
170451
170481
17063
170693
170723
170753
170783
170813
170843
170873
170903
17093
170933
170963
170993
171023
171053
171083
171113
171143
17123
171360
171390
171420
171450
171480
171510
17153
171540
171570
171600
171630
171660
171690
171720
171750
171780
171810
171840
172061
172091
172121
172151
172181
172211
172241
172271
172301
172331
172361
172391
172421
172451
172481
172511
172736
172766
172796
172826
172856
172886
172916
172946
172976
173006
173036
173066
173096
173126
173156
173186
173416
173446
173476
173506
173536
173566
173596
173626
173656
173686
173716
173746
173776
173806
173836
173866
174100
174130
174160
174190
174220
174250
174280
174310
174340
174370
174400
174430
174460
174490
174520
174550
174789
174819
174849
174879
174909
174939
174969
174999
175029
175059
175089
175119
175149
175179
175209
175452
175482
175512
175542
175572
175602
175632
175662
175692
175722
175752
175782
175812
175842
175872
176120
176150
176180
176210
176240
176270
176300
176330
176360
176390
176420
176450
176480
176510
176540
176570
176822
176852
176882
176912
176942
176972
177002
177032
177062
17708
177092
177122
177152
177182
177212
177242
17738
177499
177529
177559
177589
177619
177649
177679
17768
177709
177739
177769
177799
177829
177859
177889
177919
17798
178181
178211
178241
178271
17828
178301
178331
178361
178391
178421
178451
178481
178511
178541
178571
178601
178867
178897
178927
178957
178987
179017
179047
179077
179107
179137
179167
179197
179227
179257
179528
179558
179588
179618
179648
179678
179708
179738
179768
179798
179828
179858
179888
179918
179948
180224
180254
180284
180314
180344
180374
180404
180434
180464
180494
180524
180554
180584
180614
180895
180925
180955
180985
181015
181045
181075
181105
181135
181165
181195
181225
181255
181285
181571
181601
181631
181661
181691
181721
181751
181781
181811
181841
181871
181901
181931
181961
182252
182282
182312
182342
182372
182402
182432
182462
182492
182522
182552
182582
182612
182642
182938
182968
182998
183028
183058
183088
183118
183148
183178
183208
183238
183268
183298
183328
183629
183659
183689
183719
183749
18377
183779
183809
183839
183869
183899
183929
183959
183989
18407
184295
184325
184355
18437
184385
184415
184445
184475
184505
184535
184565
184595
184625
184655
18467
184966
18497
184996
185026
185056
185086
185116
185146
185176
185206
185236
185266
185296
185326
185642
185672
185702
185732
185762
185792
185822
185852
185882
185912
185942
185972
186002
186323
186353
186383
186413
186443
186473
186503
186533
186563
186593
186623
186653
186683
187009
187039
187069
187099
187129
187159
187189
187219
187249
187279
187309
187339
187369
187700
187730
187760
187790
187820
187850
187880
187910
187940
187970
188000
188030
188367
188397
188427
188457
188487
188517
188547
188577
188607
188637
188667
188697
188727
189069
189099
189129
189159
189189
189219
189249
189279
189309
189339
189369
189399
189746
189776
189806
189836
189866
189896
189926
189956
189986
190016
190046
190076
19040
190429
190459
190489
190519
190549
190579
190609
190639
190669
190699
19070
190729
19100
191087
191117
191147
191177
191207
191237
191267
191297
19130
191327
191357
191387
191417
19160
191780
191810
191840
191870
19190
191900
191930
191960
191990
192020
192050
192080
192449
192479
192509
192539
192569
192599
192629
192659
192689
192719
192749
193123
193153
193183
193213
193243
193273
193303
193333
193363
193393
193423
193803
193833
193863
193893
193923
193953
193983
194013
194043
194073
194103
194488
194518
194548
194578
194608
194638
194668
194698
194728
194758
194788
195179
195209
195239
195269
195299
195329
195359
195389
195419
195449
195845
195875
195905
195935
195965
195995
196025
196055
196085
196115
196145
196547
196577
196607
196637
196667
196697
196727
196757
196787
196817
197224
197254
19727
197284
197314
197344
197374
197404
197434
197464
197494
19757
19787
197907
197937
197967
197997
198027
198057
198087
198117
198147
19817
19847
198566
198596
198626
198656
198686
198716
198746
19877
198776
198806
198836
199260
199290
199320
199350
199380
199410
199440
199470
199500
199930
199960
199990
200020
200050
200080
200110
200140
200170
200606
200636
200666
200696
200726
200756
200786
200816
200846
201288
201318
201348
201378
201408
201438
201468
201498
201528
201975
202005
202035
202065
202095
202125
202155
202185
202215
202668
202698
202728
202758
202788
202818
202848
202878
203337
203367
203397
203427
203457
203487
203517
203547
204012
204042
20407
204072
204102
204132
204162
204192
204222
20437
20467
204693
204723
204753
204783
204813
204843
204873
204903
20497
20527
205380
205410
205440
205470
205500
205530
205560
20557
206043
206073
206103
206133
206163
206193
206223
206253
206741
206771
206801
206831
206861
206891
206921
207415
207445
207475
207505
207535
207565
207595
208095
208125
208155
208185
208215
208245
208275
208781
208811
208841
208871
208901
208931
209443
209473
209503
209533
209563
209593
209623
210141
210171
210201
210231
210261
210291
21081
210815
210845
210875
210905
210935
210965
21111
21141
211495
211525
211555
211585
211615
211645
21171
21201
212182
212212
212242
212272
212302
21231
21261
212845
212875
212905
212935
212965
212995
213544
213574
213604
213634
213664
214219
214249
214279
214309
214339
214900
214930
214960
214990
215020
215587
215617
215647
215677
216250
216280
216310
216340
216370
216949
216979
217009
217039
217625
217655
217685
217715
21779
21809
218307
218337
218367
21839
21869
218965
21899
218995
219025
219055
21929
219659
219689
219719
220329
220359
220389
221006
221036
221066
221689
221719
221749
222378
222408
223043
223073
223103
223745
223775
22441
224423
224453
22471
22501
225107
22531
22561
225767
225797
22591
22621
226464
227137
227816
229163
23127
23157
23187
23217
23247
23277
23307
23807
23837
23867
23897
23927
23957
23987
24481
24511
24541
24571
24601
24631
24661
24691
25179
25209
25239
25269
25299
25329
25359
25842
25872
25902
25932
25962
25992
26022
26052
26529
26559
26589
26619
26649
26679
26709
26739
2721
27210
27240
27270
27300
27330
27360
27390
27420
27885
27915
27945
27975
28005
28035
28065
28095
28125
28584
28614
28644
28674
28704
28734
28764
28794
29247
29277
29307
29337
29367
29397
29427
29457
29487
29934
29964
29994
30024
30054
30084
30114
30144
30174
30616
30646
30676
30706
30736
30766
30796
30826
30856
31292
31322
31352
31382
31412
31442
31472
31502
31532
31962
31992
32022
32052
32082
32112
32142
32172
32202
32232
32656
32686
32716
32746
32776
32806
32836
32866
32896
32926
33345
33375
33405
33435
33465
33495
33525
33555
33585
33615
34028
34058
3406
34088
34118
34148
34178
34208
34238
34268
34298
34705
34735
34765
34795
34825
34855
34885
34915
34945
34975
35377
35407
35437
35467
35497
35527
35557
35587
35617
35647
36043
36073
36103
36133
36163
36193
36223
36253
36283
36313
36343
36734
36764
36794
36824
36854
36884
36914
36944
36974
37004
37034
37419
37449
37479
37509
37539
37569
37599
37629
37659
37689
37719
38099
38129
38159
38189
38219
38249
38279
38309
38339
38369
38399
38773
38803
38833
38863
38893
38923
38953
38983
39013
39043
39073
39442
39472
39502
39532
39562
39592
39622
39652
39682
39712
39742
39772
40135
40165
40195
40225
40255
40285
40315
40345
40375
40405
40435
40465
40823
4085
40853
40883
40913
40943
40973
41003
41033
41063
41093
41123
4115
41153
41506
41536
41566
41596
41626
41656
41686
41716
41746
41776
41806
41836
42183
42213
42243
42273
42303
42333
42363
42393
42423
42453
42483
42513
42855
42885
42915
42945
42975
43005
43035
43065
43095
43125
43155
43185
43522
43552
43582
43612
43642
43672
43702
43732
43762
43792
43822
43852
43882
44213
44243
44273
44303
44333
44363
44393
44423
44453
44483
44513
44543
44573
44899
44929
44959
44989
45019
45049
45079
45109
45139
45169
45199
45229
45259
45580
45610
45640
45670
45700
45730
45760
45790
45820
45850
45880
45910
45940
46256
46286
46316
46346
46376
46406
46436
46466
46496
46526
46556
46586
46616
46927
46957
46987
47017
47047
47077
47107
47137
47167
47197
47227
47257
47287
47317
47623
47653
47683
47713
47743
47773
47803
47833
47863
4788
47893
47923
47953
47983
48284
48314
48344
48374
48404
48434
48464
48494
48524
48554
48584
48614
48644
48674
48970
49000
49030
49060
49090
49120
49150
49180
49210
49240
49270
49300
49330
49360
49651
49681
49711
49741
49771
49801
49831
49861
49891
49921
49951
49981
50011
50041
50327
50357
50387
50417
50447
50477
50507
50537
50567
50597
50627
50657
50687
50717
50747
51028
51058
51088
51118
51148
51178
51208
51238
51268
51298
51328
51358
51388
51418
51694
51724
51754
51784
51814
51844
51874
51904
51934
51964
51994
52024
52054
52084
52114
52385
52415
52445
52475
52505
52535
52565
52595
52625
52655
52685
52715
52745
52775
53041
53071
53101
53131
53161
53191
53221
53251
53281
53311
53341
53371
53401
53431
53461
53723
53753
53783
53813
53843
53873
53903
53933
53963
53993
54023
54053
54083
54113
54143
54400
54430
54460
54490
54520
5455
54550
54580
54610
54640
54670
54700
54730
54760
54790
54820
5485
54850
55102
55132
55162
55192
55222
55252
55282
55312
55342
55372
55402
55432
55462
55492
55522
55770
55800
55830
55860
55890
55920
55950
55980
56010
56040
56070
56100
56130
56160
56190
56220
56463
56493
56523
56553
56583
56613
56643
56673
56703
56733
56763
56793
56823
56853
56883
57122
57152
57182
57212
57242
57272
57302
57332
57362
57392
57422
57452
57482
57512
57542
57572
57806
57836
57866
57896
57926
57956
57986
58016
58046
58076
58106
58136
58166
58196
58226
58256
58486
58516
58546
58576
58606
58636
58666
58696
58726
58756
58786
58816
58846
58876
58906
58936
59161
59191
59221
59251
59281
59311
59341
59371
59401
59431
59461
59491
59521
59551
59581
59611
59641
59862
59892
59922
59952
59982
60012
60042
60072
60102
60132
60162
60192
60222
60252
60282
60312
60529
60559
60589
60619
60649
60679
60709
60739
60769
60799
60829
60859
60889
60919
60949
60979
61009
61221
61251
61281
61311
61341
61371
61401
61431
6145
61461
61491
61521
61551
61581
61611
61641
61671
61701
6175
61909
61939
61969
61999
62029
62059
62089
62119
62149
62179
62209
62239
62269
62299
62329
62359
62563
62593
62623
62653
62683
62713
62743
62773
62803
62833
62863
62893
62923
62953
62983
63013
63043
63243
63273
63303
63333
63363
63393
63423
63453
63483
63513
63543
63573
63603
63633
63663
63693
63723
63753
63948
63978
64008
64038
64068
64098
64128
64158
64188
64218
64248
64278
64308
64338
64368
64398
64428
64619
64649
64679
64709
64739
64769
64799
64829
64859
64889
64919
64949
64979
65009
65039
65069
65099
65286
65316
65346
65376
65406
65436
65466
65496
65526
65556
65586
65616
65646
65676
65706
65736
65766
65796
65979
66009
66039
66069
66099
66129
66159
66189
66219
66249
66279
66309
66339
66369
66399
66429
66459
66489
66668
66698
66728
66758
66788
66818
66848
66878
66908
66938
66968
66998
67028
67058
67088
67118
67148
67324
67354
67384
67414
67444
67474
67504
67534
67564
67594
67624
67654
67684
67714
67744
67774
67804
67834
68006
68036
68066
68096
68126
68156
68186
68216
68246
68276
6829
68306
68336
68366
68396
68426
68456
68486
68516
6859
68684
68714
68744
68774
68804
68834
68864
68894
68924
68954
68984
69014
69044
69074
69104
69134
69164
69194
69224
69388
69418
69448
69478
69508
69538
69568
69598
69628
69658
69688
69718
69748
69778
69808
69838
69868
69898
70058
70088
70118
70148
70178
70208
70238
70268
70298
70328
70358
70388
70418
70448
70478
70508
70538
70568
70725
70755
70785
70815
70845
70875
70905
70935
70965
70995
71025
71055
71085
71115
71145
71175
71205
71235
71265
71418
71448
71478
71508
71538
71568
71598
71628
71658
71688
71718
71748
71778
71808
71838
71868
71898
71928
71958
72108
72138
72168
72198
72228
72258
72288
72318
72348
72378
72408
72438
72468
72498
72528
72558
72588
72618
72764
72794
72824
72854
72884
72914
72944
72974
73004
73034
73064
73094
73124
73154
73184
73214
73244
73274
73304
73446
73476
73506
73536
73566
73596
73626
73656
73686
73716
73746
73776
73806
73836
73866
73896
73926
73956
73986
74125
74155
74185
74215
74245
74275
74305
74335
74365
74395
74425
74455
74485
74515
74545
74575
74605
74635
74665
74801
74831
74861
74891
74921
74951
74981
75011
75041
7507
75071
75101
75131
75161
75191
75221
75251
75281
75311
75341
7537
75371
75503
75533
75563
75593
75623
75653
75683
75713
75743
75773
75803
75833
75863
75893
75923
75953
75983
76013
76043
76172
76202
76232
76262
76292
76322
76352
76382
76412
76442
76472
76502
76532
76562
76592
76622
76652
76682
76712
76742
76868
76898
76928
76958
76988
77018
77048
77078
77108
77138
77168
77198
77228
77258
77288
77318
77348
77378
77408
77531
77561
77591
77621
77651
77681
77711
77741
77771
77801
77831
77861
77891
77921
77951
77981
78011
78041
78071
78101
78221
78251
78281
78311
78341
78371
78401
78431
78461
78491
78521
78551
78581
78611
78641
78671
78701
78731
78761
78791
78907
78937
78967
78997
79027
79057
79087
79117
79147
79177
79207
79237
79267
79297
79327
79357
79387
79417
79447
79560
79590
79620
79650
79680
79710
79740
79770
79800
79830
79860
79890
79920
79950
79980
80010
80040
80070
80100
80130
80240
80270
80300
80330
80360
80390
80420
80450
80480
80510
80540
80570
80600
80630
80660
80690
80720
80750
80780
80810
80840
80947
80977
81007
81037
81067
81097
81127
81157
81187
81217
81247
81277
81307
81337
81367
81397
81427
81457
81487
81517
81622
81652
81682
81712
81742
81772
8179
81802
81832
81862
81892
81922
81952
81982
82012
82042
82072
8209
82102
82132
82162
82192
82294
82324
82354
82384
82414
82444
82474
82504
82534
82564
82594
82624
82654
82684
82714
82744
82774
82804
82834
82864
82963
82993
83023
83053
83083
83113
83143
83173
83203
83233
83263
83293
83323
83353
83383
83413
83443
83473
83503
83533
83563
83659
83689
83719
83749
83779
83809
83839
83869
83899
83929
83959
83989
84019
84049
84079
84109
84139
84169
84199
84229
84323
84353
84383
84413
84443
84473
84503
84533
84563
84593
84623
84653
84683
84713
84743
84773
84803
84833
84863
84893
84923
85014
85044
85074
85104
85134
85164
85194
85224
85254
85284
85314
85344
85374
85404
85434
85464
85494
85524
85554
85584
85614
85702
85732
85762
85792
85822
85852
85882
85912
85942
85972
86002
86032
86062
86092
86122
86152
86182
86212
86242
86272
86302
86388
86418
86448
86478
86508
86538
86568
86598
86628
86658
86688
86718
86748
86778
86808
86838
86868
86898
86928
86958
87041
87071
87101
87131
87161
87191
87221
87251
87281
87311
87341
87371
87401
87431
87461
87491
87521
87551
87581
87611
87641
87722
87752
87782
87812
87842
87872
87902
87932
87962
87992
88022
88052
88082
88112
88142
88172
88202
88232
88262
88292
88322
88401
88431
8844
88461
88491
88521
88551
88581
88611
88641
88671
88701
88731
8874
88761
88791
88821
88851
88881
88911
88941
88971
89001
89031
8904
89107
89137
89167
89197
89227
89257
89287
89317
89347
89377
89407
89437
89467
89497
89527
89557
89587
89617
89647
89677
89707
89781
89811
89841
89871
89901
89931
89961
89991
90021
90051
90081
90111
90141
90171
90201
90231
90261
90291
90321
90351
90381
90453
90483
90513
90543
90573
90603
90633
90663
90693
90723
90753
90783
90813
90843
90873
90903
90933
90963
90993
91023
91053
91123
91153
91183
91213
91243
91273
91303
91333
91363
91393
91423
91453
91483
91513
91543
91573
91603
91633
91663
91693
91723
91753
91821
91851
91881
91911
91941
91971
92001
92031
92061
92091
92121
92151
92181
92211
92241
92271
92301
92331
92361
92391
92421
92487
92517
92547
92577
92607
92637
92667
92697
92727
92757
92787
92817
92847
92877
92907
92937
92967
92997
93027
93057
93087
93117
93181
93211
93241
93271
93301
93331
93361
93391
93421
93451
93481
93511
93541
93571
93601
93631
93661
93691
93721
93751
93781
93843
93873
93903
93933
93963
93993
94023
94053
94083
94113
94143
94173
94203
94233
94263
94293
94323
94353
94383
94413
94443
94473
94533
94563
94593
94623
94653
94683
94713
94743
94773
94803
94833
94863
94893
94923
94953
94983
95013
95043
95073
95103
95133
95163
95221
95251
95281
95311
9533
95341
95371
95401
95431
95461
95491
95521
95551
95581
95611
9563
95641
95671
95701
95731
95761
95791
95821
95851
95907
9593
95937
95967
95997
96027
96057
96087
96117
96147
96177
96207
96237
96267
96297
96327
96357
96387
96417
96447
96477
96507
96562
96592
96622
96652
96682
96712
96742
96772
96802
96832
96862
96892
96922
96952
96982
97012
97042
97072
97102
97132
97162
97192
97245
97275
97305
97335
97365
97395
97425
97455
97485
97515
97545
97575
97605
97635
97665
97695
97725
97755
97785
97815
97845
97875
97927
97957
97987
98017
98047
98077
98107
98137
98167
98197
98227
98257
98287
98317
98347
98377
98407
98437
98467
98497
98527
98557
98607
98637
98667
98697
98727
98757
98787
98817
98847
98877
98907
98937
98967
98997
99027
99057
99087
99117
99147
99177
99207
99237
99286
99316
99346
99376
99406
99436
99466
99496
99526
99556
99586
99616
99646
99676
99706
99736
99766
99796
99826
99856
99886
99916
99963
99993
