100003
100033
100063
100093
100123
100153
100183
100213
100243
100273
100303
100333
100363
100393
100423
100453
100483
100513
100543
100573
100603
100649
100679
100709
100739
100769
100799
100829
100859
100889
100919
100949
100979
101009
101039
101069
101099
101129
101159
101189
101219
101249
101279
101324
101354
101384
101414
101444
101474
101504
101534
101564
101594
101624
101654
101684
101714
101744
101774
101804
101834
101864
101894
101924
101954
101984
102027
102057
102087
102117
102147
102177
102207
102237
10226
102267
102297
102327
102357
102387
102417
102447
102477
102507
102537
10256
102567
102597
102627
102657
102699
102729
102759
102789
102819
102849
10286
102879
102909
102939
102969
102999
103029
103059
103089
103119
103149
103179
103209
103239
103269
103299
103329
103370
103400
103430
103460
103490
103520
103550
103580
103610
103640
103670
103700
103730
103760
103790
103820
103850
103880
103910
103940
103970
104000
104040
104070
104100
104130
104160
104190
104220
104250
104280
104310
104340
104370
104400
104430
104460
104490
104520
104550
104580
104610
104640
104670
104700
104739
104769
104799
104829
104859
104889
104919
104949
104979
105009
105039
105069
105099
105129
105159
105189
105219
105249
105279
105309
105339
105369
105407
105437
105467
105497
105527
105557
105587
105617
105647
105677
105707
105737
105767
105797
105827
105857
105887
105917
105947
105977
106007
106037
106067
106104
106134
106164
106194
106224
106254
106284
106314
106344
106374
106404
106434
106464
106494
106524
106554
106584
106614
106644
106674
106704
106734
106770
106800
106830
106860
106890
106920
106950
106980
107010
107040
107070
107100
107130
107160
107190
107220
107250
107280
107310
107340
107370
107400
107430
107465
107495
107525
107555
107585
107615
107645
107675
107705
107735
107765
107795
107825
107855
107885
107915
107945
107975
108005
108035
108065
108095
108130
108160
108190
108220
108250
108280
108310
108340
108370
108400
108430
108460
108490
108520
108550
108580
108610
108640
108670
108700
108730
108760
108790
108824
108854
108884
108914
108944
108974
109004
10903
109034
109064
109094
109124
109154
109184
109214
109244
109274
109304
10933
109334
109364
109394
109424
109454
109487
109517
109547
109577
109607
10963
109637
109667
109697
109727
109757
109787
109817
109847
109877
109907
109937
109967
109997
110027
110057
110087
110117
110147
110180
110210
110240
110270
110300
110330
110360
110390
110420
110450
110480
110510
110540
110570
110600
110630
110660
110690
110720
110750
110780
110810
110842
110872
110902
110932
110962
110992
111022
111052
111082
111112
111142
111172
111202
111232
111262
111292
111322
111352
111382
111412
111442
111472
111502
111534
111564
111594
111624
111654
111684
111714
111744
111774
111804
111834
111864
111894
111924
111954
111984
112014
112044
112074
112104
112134
112164
112194
112226
112256
112286
112316
112346
112376
112406
112436
112466
112496
112526
112556
112586
112616
112646
112676
112706
112736
112766
112796
112826
112856
112887
112917
112947
112977
113007
113037
113067
113097
113127
113157
113187
113217
113247
113277
113307
113337
113367
113397
113427
113457
113487
113517
113547
113576
113606
113636
113682
113712
113742
113772
113802
113832
113862
113892
113922
113952
113982
114012
114042
114072
114102
114132
114162
114165
114195
114225
114256
114286
114316
114373
114403
114433
114463
114493
114523
114553
114583
114613
114643
114673
114703
114733
114763
114793
114823
114845
114875
114905
114936
114966
114996
115034
115064
115094
115124
115154
115184
115214
115244
115274
115304
115334
115364
115394
115424
115454
115484
115514
115525
115555
115585
115616
115646
115676
115725
11573
115755
115785
115815
115845
115875
115905
115935
115965
115995
116025
11603
116055
116085
116115
116145
116175
116205
116235
116265
116296
116326
11633
116356
116386
116416
116446
116476
116506
116536
116566
116596
116626
11663
116656
116686
116716
116746
116776
116806
116836
116866
116885
116915
116945
116976
117006
117036
117077
117107
117137
117167
117197
117227
117257
117287
117317
117347
117377
117407
117437
117467
117497
117527
117557
117565
117595
117625
117664
117694
117724
117754
117784
117814
117844
117874
117904
117934
117964
117994
118024
118054
118084
118114
118144
118174
118204
118234
118264
118294
118325
118355
118385
118415
118445
118475
118505
118535
118565
118595
118625
118655
118685
118715
118745
118775
118805
118835
118865
118895
118925
118955
118985
119016
119046
119076
119106
119136
119166
119196
119226
119256
119286
119316
119346
119376
119406
119436
119466
119496
119526
119556
119586
119616
119646
119676
119708
119738
119768
119798
119828
119858
119888
119918
119948
119978
120008
120038
120068
120098
120128
120158
120188
120218
120248
120278
120308
120338
120370
120400
120430
120460
120490
120520
120550
120580
120610
120640
120670
120700
120730
120760
120790
120820
120850
120880
120910
120940
120970
121000
121030
121062
121092
121122
121152
121182
121212
121242
121272
121302
121332
121362
121392
121422
121452
121482
121512
121542
121572
121602
121632
121662
121692
121725
121755
121785
121815
121845
121875
121905
121935
121965
121995
122025
122055
122085
122115
122145
122175
122205
122235
122265
122295
122325
122355
122385
122418
122448
122478
122508
122538
122568
122598
122628
122658
12267
122688
122718
122748
122778
122808
122838
122868
122898
122928
122958
12297
122988
123018
123048
123082
123112
123142
123172
123202
123232
123262
12327
123292
123322
123352
123382
123412
123442
123472
123502
123532
123562
123592
123622
123652
123682
123712
123742
123777
123807
123837
123867
123897
123927
123957
123987
124017
124047
124077
124107
124137
124167
124197
124227
124257
124287
124317
124347
124377
124407
124442
124472
124502
124532
124562
124592
124622
124652
124682
124712
124742
124772
124802
124832
124862
124892
124922
124952
124982
125012
125042
125072
125102
125138
125168
125198
125228
125258
125288
125318
125348
125378
125408
125438
125468
125498
125528
125558
125588
125618
125648
125678
125708
125738
125768
125805
125835
125865
125895
125925
125955
125985
126015
126045
126075
126105
126135
126165
126195
126225
126255
126285
126315
126345
126375
126405
126435
126465
126503
126533
126563
126593
126623
126653
126683
126713
126743
126773
126803
126833
126863
126893
126923
126953
126983
127013
127043
127073
127103
127133
127172
127202
127232
127262
127292
127322
127352
127382
127412
127442
127472
127502
127532
127562
127592
127622
127652
127682
127712
127742
127772
127802
127842
127872
127902
127932
127962
127992
128022
128052
128082
128112
128142
128172
128202
128232
128262
128292
128322
128352
128382
128412
128442
128472
128502
128543
128573
128603
128633
128663
128693
128723
128753
128783
128813
128843
128873
128903
128933
128963
128993
129023
129053
129083
129113
129143
129173
129215
129245
12925
129275
129305
129335
129365
129395
129425
129455
129485
129515
129545
12955
129575
129605
129635
129665
129695
129725
129755
129785
129815
129845
12985
129888
129918
129948
129978
130008
130038
130068
130098
130128
13015
130158
130188
130218
130248
130278
130308
130338
130368
130398
130428
130458
130488
130518
130563
130593
130623
130653
130683
130713
130743
130773
130803
130833
130863
130893
130923
130953
130983
131013
131043
131073
131103
131133
131163
131193
131223
131269
131299
131329
131359
131389
131419
131449
131479
131509
131539
131569
131599
131629
131659
131689
131719
131749
131779
131809
131839
131869
131899
131946
131976
132006
132036
132066
132096
132126
132156
132186
132216
132246
132276
132306
132336
132366
132396
132426
132456
132486
132516
132546
132576
132625
132655
132685
132715
132745
132775
132805
132835
132865
132895
132925
132955
132985
133015
133045
133075
133105
133135
133165
133195
133225
133255
133305
133335
133365
133395
133425
133455
133485
133515
133545
133575
133605
133635
133665
133695
133725
133755
133785
133815
133845
133875
133905
133935
133987
134017
134047
134077
134107
134137
134167
134197
134227
134257
134287
134317
134347
134377
134407
134437
134467
134497
134527
134557
134587
134640
134670
134700
134730
134760
134790
134820
134850
134880
134910
134940
134970
135000
135030
135060
135090
135120
135150
135180
135210
135240
135270
135325
135355
135385
135415
135445
135475
135505
135535
135565
135595
135625
135655
135685
135715
135745
135775
135805
135835
135865
135895
135925
135955
136011
136041
13607
136071
136101
136131
136161
136191
136221
136251
136281
136311
136341
13637
136371
136401
136431
136461
136491
136521
136551
136581
136611
136641
13667
136699
136729
136759
136789
136819
136849
136879
136909
136939
136969
13697
136999
137029
137059
137089
1371
137119
137149
137179
137209
137239
137269
137299
137329
137389
137419
137449
137479
137509
137539
137569
137599
137629
137659
137689
137719
137749
137779
137809
137839
137869
137899
137929
137959
137989
138051
138081
138111
138141
138171
138201
138231
138261
138291
138321
138351
138381
138411
138441
138471
138501
138531
138561
138591
138621
138651
138681
138745
138775
138805
138835
138865
138895
138925
138955
138985
139015
139045
139075
139105
139135
139165
139195
139225
139255
139285
139315
139345
139411
139441
139471
139501
139531
139561
139591
139621
139651
139681
139711
139741
139771
139801
139831
139861
139891
139921
139951
139981
140011
140041
140109
140139
140169
140199
140229
140259
140289
140319
140349
140379
140409
140439
140469
140499
140529
140559
140589
140619
140649
140679
140709
140779
140809
140839
140869
140899
140929
140959
140989
141019
141049
141079
141109
141139
141169
141199
141229
141259
141289
141319
141349
141379
141451
141481
141511
141541
141571
141601
141631
141661
141691
141721
141751
141781
141811
141841
141871
141901
141931
141961
141991
142021
142051
142125
142155
142185
142215
142245
142275
142305
142335
142365
142395
142425
142455
142485
142515
142545
142575
142605
142635
142665
142695
142725
142801
14283
142831
142861
142891
142921
142951
142981
143011
143041
143071
143101
14313
143131
143161
143191
143221
143251
143281
143311
143341
143371
143401
14343
143480
143510
143540
143570
143600
143630
143660
143690
143720
14373
143750
143780
143810
143840
143870
143900
143930
143960
143990
144020
14403
144050
144080
144161
144191
144221
144251
144281
144311
144341
144371
144401
144431
144461
144491
144521
144551
144581
144611
144641
144671
144701
144731
144761
144844
144874
144904
144934
144964
144994
145024
145054
145084
145114
145144
145174
145204
145234
145264
145294
145324
145354
145384
145414
145444
145530
145560
145590
145620
145650
145680
145710
145740
145770
145800
145830
145860
145890
145920
145950
145980
146010
146040
146070
146100
146130
146218
146248
146278
146308
146338
146368
146398
146428
146458
146488
146518
146548
146578
146608
146638
146668
146698
146728
146758
146788
146818
146909
146939
146969
146999
147029
147059
147089
147119
147149
147179
147209
147239
147269
147299
147329
147359
147389
147419
147449
147479
147573
147603
147633
147663
147693
147723
147753
147783
147813
147843
147873
147903
147933
147963
147993
148023
148053
148083
148113
148143
148173
148269
148299
148329
148359
148389
148419
148449
148479
148509
148539
148569
148599
148629
148659
148689
148719
148749
148779
148809
148839
148938
148968
148998
149028
149058
149088
149118
149148
149178
149208
149238
149268
149298
149328
149358
149388
149418
149448
149478
149508
149610
149640
149670
149700
149730
149760
149790
14982
149820
149850
149880
149910
149940
149970
150000
150030
150060
150090
15012
150120
150150
150180
150285
150315
150345
150375
150405
15042
150435
150465
150495
150525
150555
150585
150615
150645
150675
150705
15072
150735
150765
150795
150825
150855
150962
150992
151022
151052
151082
151112
151142
151172
151202
151232
151262
151292
151322
151352
151382
151412
151442
151472
151502
151532
151642
151672
151702
151732
151762
151792
151822
151852
151882
151912
151942
151972
152002
152032
152062
152092
152122
152152
152182
152212
152325
152355
152385
152415
152445
152475
152505
152535
152565
152595
152625
152655
152685
152715
152745
152775
152805
152835
152865
152895
153011
153041
153071
153101
153131
153161
153191
153221
153251
153281
153311
153341
153371
153401
153431
153461
153491
153521
153551
153581
153701
153731
153761
153791
153821
153851
153881
153911
153941
153971
154001
154031
154061
154091
154121
154151
154181
154211
154241
154364
154394
154424
154454
154484
154514
154544
154574
154604
154634
154664
154694
154724
154754
154784
154814
154844
154874
154904
154934
155060
155090
155120
155150
155180
155210
155240
155270
155300
155330
155360
155390
155420
155450
155480
155510
155540
155570
155600
155729
155759
155789
155819
155849
155879
155909
155939
155969
155999
156029
156059
156089
156119
156149
156179
156209
156239
156269
156401
156431
15645
156461
156491
156521
156551
156581
156611
156641
156671
156701
156731
15675
156761
156791
156821
156851
156881
156911
156941
156971
15705
157107
157137
157167
157197
157227
157257
157287
157317
157347
15735
157377
157407
157437
157467
157497
157527
157557
157587
157617
157647
15765
157786
157816
157846
157876
157906
157936
157966
157996
158026
158056
158086
158116
158146
158176
158206
158236
158266
158296
158326
158468
158498
158528
158558
158588
158618
158648
158678
158708
158738
158768
158798
158828
158858
158888
158918
158948
158978
159124
159154
159184
159214
159244
159274
159304
159334
159364
159394
159424
159454
159484
159514
159544
159574
159604
159634
159664
159814
159844
159874
159904
159934
159964
159994
160024
160054
160084
160114
160144
160174
160204
160234
160264
160294
160324
160354
160507
160537
160567
160597
160627
160657
160687
160717
160747
160777
160807
160837
160867
160897
160927
160957
160987
161017
161174
161204
161234
161264
161294
161324
161354
161384
161414
161444
161474
161504
161534
161564
161594
161624
161654
161684
161844
161874
161904
161934
161964
161994
162024
162054
162084
162114
162144
162174
162204
162234
162264
162294
162324
162354
162384
162548
162578
162608
162638
162668
162698
162728
162758
162788
162818
162848
162878
162908
162938
162968
162998
163028
163058
163226
163256
163286
163316
16332
163346
163376
163406
163436
163466
163496
163526
163556
163586
163616
16362
163646
163676
163706
163736
163908
16392
163938
163968
163998
164028
164058
164088
164118
164148
164178
164208
16422
164238
164268
164298
164328
164358
164388
16452
164564
164594
164624
164654
164684
164714
164744
164774
164804
164834
164864
164894
164924
164954
164984
165014
165044
165074
165253
165283
165313
165343
165373
165403
165433
165463
165493
165523
165553
165583
165613
165643
165673
165703
165733
165763
165946
165976
166006
166036
166066
166096
166126
166156
166186
166216
166246
166276
166306
166336
166366
166396
166426
166613
166643
166673
166703
166733
166763
166793
166823
166853
166883
166913
166943
166973
167003
167033
167063
167093
167284
167314
167344
167374
167404
167434
167464
167494
167524
167554
167584
167614
167644
167674
167704
167734
167764
167794
167989
168019
168049
168079
168109
168139
168169
168199
168229
168259
168289
168319
168349
168379
168409
168439
168469
168669
168699
168729
168759
168789
168819
168849
168879
168909
168939
168969
168999
169029
169059
169089
169119
169323
169353
169383
169413
169443
169473
169503
169533
169563
169593
169623
169653
169683
169713
169743
169773
169803
170011
170041
170071
170101
17013
170131
170161
170191
170221
170251
170281
170311
170341
170371
170401
17043
170431
170461
170491
170703
17073
170733
170763
170793
170823
170853
170883
170913
170943
170973
171003
17103
171033
171063
171093
171123
171153
17133
171370
171400
171430
171460
171490
171520
171550
171580
171610
171640
171670
171700
171730
171760
171790
171820
172041
172071
172101
172131
172161
172191
172221
172251
172281
172311
172341
172371
172401
172431
172461
172491
172521
172746
172776
172806
172836
172866
172896
172926
172956
172986
173016
173046
173076
173106
173136
173166
173196
173426
173456
173486
173516
173546
173576
173606
173636
173666
173696
173726
173756
173786
173816
173846
174080
174110
174140
174170
174200
174230
174260
174290
174320
174350
174380
174410
174440
174470
174500
174530
174769
174799
174829
174859
174889
174919
174949
174979
175009
175039
175069
175099
175129
175159
175189
175219
175462
175492
175522
175552
175582
175612
175642
175672
175702
175732
175762
175792
175822
175852
175882
176130
176160
176190
176220
176250
176280
176310
176340
176370
176400
176430
176460
176490
176520
176550
176802
176832
176862
17688
176892
176922
176952
176982
177012
177042
177072
177102
177132
177162
17718
177192
177222
177252
17748
177509
177539
177569
177599
177629
177659
177689
177719
177749
177779
17778
177809
177839
177869
177899
17808
178161
178191
178221
178251
178281
178311
178341
178371
17838
178401
178431
178461
178491
178521
178551
178581
178847
178877
178907
178937
178967
178997
179027
179057
179087
179117
179147
179177
179207
179237
179267
179538
179568
179598
179628
179658
179688
179718
179748
179778
179808
179838
179868
179898
179928
180204
180234
180264
180294
180324
180354
180384
180414
180444
180474
180504
180534
180564
180594
180624
180905
180935
180965
180995
181025
181055
181085
181115
181145
181175
181205
181235
181265
181295
181581
181611
181641
181671
181701
181731
181761
181791
181821
181851
181881
181911
181941
181971
182262
182292
182322
182352
182382
182412
182442
182472
182502
182532
182562
182592
182622
182652
182948
182978
183008
183038
183068
183098
183128
183158
183188
183218
183248
183278
183308
183609
183639
183669
183699
183729
183759
183789
183819
183849
18387
183879
183909
183939
183969
183999
18417
184305
184335
184365
184395
184425
184455
18447
184485
184515
184545
184575
184605
184635
184665
18477
184976
185006
185036
185066
18507
185096
185126
185156
185186
185216
185246
185276
185306
185336
185652
185682
185712
185742
185772
185802
185832
185862
185892
185922
185952
185982
186012
186333
186363
186393
186423
186453
186483
186513
186543
186573
186603
186633
186663
186693
187019
187049
187079
187109
187139
187169
187199
187229
187259
187289
187319
187349
187680
187710
187740
187770
187800
187830
187860
187890
187920
187950
187980
188010
188040
188377
188407
188437
188467
188497
188527
188557
188587
188617
188647
188677
188707
189049
189079
189109
189139
189169
189199
189229
189259
189289
189319
189349
189379
189726
189756
189786
189816
189846
189876
189906
189936
189966
189996
190026
190056
190409
190439
190469
190499
19050
190529
190559
190589
190619
190649
190679
190709
190739
19080
191097
19110
191127
191157
191187
191217
191247
191277
191307
191337
191367
191397
19140
19170
191760
191790
191820
191850
191880
191910
191940
191970
19200
192000
192030
192060
192090
192459
192489
192519
192549
192579
192609
192639
192669
192699
192729
192759
193133
193163
193193
193223
193253
193283
193313
193343
193373
193403
193433
193813
193843
193873
193903
193933
193963
193993
194023
194053
194083
194113
194498
194528
194558
194588
194618
194648
194678
194708
194738
194768
194798
195189
195219
195249
195279
195309
195339
195369
195399
195429
195459
195855
195885
195915
195945
195975
196005
196035
196065
196095
196125
196527
196557
196587
196617
196647
196677
196707
196737
196767
196797
197204
197234
197264
197294
197324
197354
19737
197384
197414
197444
197474
19767
197887
197917
197947
19797
197977
198007
198037
198067
198097
198127
198157
19827
19857
198576
198606
198636
198666
198696
198726
198756
198786
198816
19887
199240
199270
199300
199330
199360
199390
199420
199450
199480
199510
199940
199970
200000
200030
200060
200090
200120
200150
200180
200616
200646
200676
200706
200736
200766
200796
200826
200856
201298
201328
201358
201388
201418
201448
201478
201508
201538
201985
202015
202045
202075
202105
202135
202165
202195
202648
202678
202708
202738
202768
202798
202828
202858
202888
203347
203377
203407
203437
203467
203497
203527
203557
204022
204052
204082
204112
204142
20417
204172
204202
204232
20447
204703
204733
204763
20477
204793
204823
204853
204883
20507
205360
20537
205390
205420
205450
205480
205510
205540
205570
20567
206053
206083
206113
206143
206173
206203
206233
206721
206751
206781
206811
206841
206871
206901
206931
207425
207455
207485
207515
207545
207575
207605
208105
208135
208165
208195
208225
208255
208761
208791
208821
208851
208881
208911
208941
209453
209483
209513
209543
209573
209603
210121
210151
210181
210211
210241
210271
210301
210825
210855
210885
21091
210915
210945
210975
21121
211505
21151
211535
211565
211595
211625
21181
21211
212162
212192
212222
212252
212282
212312
21241
21271
212855
212885
212915
212945
212975
213524
213554
213584
213614
213644
213674
214229
214259
214289
214319
214880
214910
214940
214970
215000
215567
215597
215627
215657
215687
216260
216290
216320
216350
216929
216959
216989
217019
217605
217635
217665
217695
21789
21819
218287
218317
218347
218377
21849
21879
218975
219005
219035
219065
21909
21939
219669
219699
219729
220339
220369
220399
221016
221046
221076
221699
221729
221759
222388
222418
223053
223083
223725
223755
224403
224433
22451
22481
225087
22511
225117
22541
22571
225777
22601
22631
226444
226474
227147
228481
229841
23137
23167
23197
23227
23257
23287
23317
23817
23847
23877
23907
23937
23967
23997
24491
24521
24551
24581
24611
24641
24671
24701
25189
25219
25249
25279
25309
25339
25369
25852
25882
25912
25942
25972
26002
26032
26062
26539
26569
26599
26629
26659
26689
26719
26749
27220
27250
27280
2731
27310
27340
27370
27400
27430
27895
27925
27955
27985
28015
28045
28075
28105
28564
28594
28624
28654
28684
28714
28744
28774
28804
29257
29287
29317
29347
29377
29407
29437
29467
29497
29944
29974
30004
30034
30064
30094
30124
30154
30184
30626
30656
30686
30716
30746
30776
30806
30836
30866
31302
31332
31362
31392
31422
31452
31482
31512
31542
31972
32002
32032
32062
32092
32122
32152
32182
32212
32242
32666
32696
32726
32756
32786
32816
32846
32876
32906
33325
33355
33385
33415
33445
33475
33505
33535
33565
33595
34008
34038
34068
34098
34128
34158
3416
34188
34218
34248
34278
34685
34715
34745
34775
34805
34835
34865
34895
34925
34955
34985
35387
35417
35447
35477
35507
35537
35567
35597
35627
35657
36053
36083
36113
36143
36173
36203
36233
36263
36293
36323
36353
36744
36774
36804
36834
36864
36894
36924
36954
36984
37014
37044
37429
37459
37489
37519
37549
37579
37609
37639
37669
37699
37729
38109
38139
38169
38199
38229
38259
38289
38319
38349
38379
38409
38783
38813
38843
38873
38903
38933
38963
38993
39023
39053
39083
39452
39482
39512
39542
39572
39602
39632
39662
39692
39722
39752
39782
40145
40175
40205
40235
40265
40295
40325
40355
40385
40415
40445
40803
40833
40863
40893
40923
4095
40953
40983
41013
41043
41073
41103
41133
41486
41516
41546
41576
41606
41636
41666
41696
41726
41756
41786
41816
42163
42193
42223
42253
42283
42313
42343
42373
42403
42433
42463
42493
42523
42865
42895
42925
42955
42985
43015
43045
43075
43105
43135
43165
43195
43532
43562
43592
43622
43652
43682
43712
43742
43772
43802
43832
43862
43892
44223
44253
44283
44313
44343
44373
44403
44433
44463
44493
44523
44553
44583
44909
44939
44969
44999
45029
45059
45089
45119
45149
45179
45209
45239
45560
45590
45620
45650
45680
45710
45740
45770
45800
45830
45860
45890
45920
45950
46266
46296
46326
46356
46386
46416
46446
46476
46506
46536
46566
46596
46626
46937
46967
46997
47027
47057
47087
47117
47147
47177
47207
47237
47267
47297
47603
47633
47663
4768
47693
47723
47753
47783
47813
47843
47873
47903
47933
47963
4798
47993
48294
48324
48354
48384
48414
48444
48474
48504
48534
48564
48594
48624
48654
48684
48980
49010
49040
49070
49100
49130
49160
49190
49220
49250
49280
49310
49340
49370
49661
49691
49721
49751
49781
49811
49841
49871
49901
49931
49961
49991
50021
50051
50337
50367
50397
50427
50457
50487
50517
50547
50577
50607
50637
50667
50697
50727
51008
51038
51068
51098
51128
51158
51188
51218
51248
51278
51308
51338
51368
51398
51428
51704
51734
51764
51794
51824
51854
51884
51914
51944
51974
52004
52034
52064
52094
52365
52395
52425
52455
52485
52515
52545
52575
52605
52635
52665
52695
52725
52755
52785
53051
53081
53111
53141
53171
53201
53231
53261
53291
53321
53351
53381
53411
53441
53471
53733
53763
53793
53823
53853
53883
53913
53943
53973
54003
54033
54063
54093
54123
54153
54410
54440
54470
54500
54530
54560
54590
54620
5465
54650
54680
54710
54740
54770
54800
54830
55082
55112
55142
55172
55202
55232
55262
55292
55322
55352
55382
55412
55442
55472
55502
55532
55780
55810
55840
55870
55900
55930
55960
55990
56020
56050
56080
56110
56140
56170
56200
56443
56473
56503
56533
56563
56593
56623
56653
56683
56713
56743
56773
56803
56833
56863
56893
57132
57162
57192
57222
57252
57282
57312
57342
57372
57402
57432
57462
57492
57522
57552
57582
57816
57846
57876
57906
57936
57966
57996
58026
58056
58086
58116
58146
58176
58206
58236
58266
58496
58526
58556
58586
58616
58646
58676
58706
58736
58766
58796
58826
58856
58886
58916
58946
59171
59201
59231
59261
59291
59321
59351
59381
59411
59441
59471
59501
59531
59561
59591
59621
59842
59872
59902
59932
59962
59992
60022
60052
60082
60112
60142
60172
60202
60232
60262
60292
60322
60539
60569
60599
60629
60659
60689
60719
60749
60779
60809
60839
60869
60899
60929
60959
60989
61201
61231
6125
61261
61291
61321
61351
61381
61411
61441
61471
61501
61531
6155
61561
61591
61621
61651
61681
61889
61919
61949
61979
62009
62039
62069
62099
62129
62159
62189
62219
62249
62279
62309
62339
62369
62573
62603
62633
62663
62693
62723
62753
62783
62813
62843
62873
62903
62933
62963
62993
63023
63053
63253
63283
63313
63343
63373
63403
63433
63463
63493
63523
63553
63583
63613
63643
63673
63703
63733
63928
63958
63988
64018
64048
64078
64108
64138
64168
64198
64228
64258
64288
64318
64348
64378
64408
64438
64629
64659
64689
64719
64749
64779
64809
64839
64869
64899
64929
64959
64989
65019
65049
65079
65109
65296
65326
65356
65386
65416
65446
65476
65506
65536
65566
65596
65626
65656
65686
65716
65746
65776
65806
65989
66019
66049
66079
66109
66139
66169
66199
66229
66259
66289
66319
66349
66379
66409
66439
66469
66648
66678
66708
66738
66768
66798
66828
66858
66888
66918
66948
66978
67008
67038
67068
67098
67128
67158
67334
67364
67394
67424
67454
67484
67514
67544
67574
67604
67634
67664
67694
67724
67754
67784
67814
67844
68016
68046
68076
6809
68106
68136
68166
68196
68226
68256
68286
68316
68346
68376
6839
68406
68436
68466
68496
68526
68694
68724
68754
68784
68814
68844
68874
68904
68934
68964
68994
69024
69054
69084
69114
69144
69174
69204
69368
69398
69428
69458
69488
69518
69548
69578
69608
69638
69668
69698
69728
69758
69788
69818
69848
69878
69908
70068
70098
70128
70158
70188
70218
70248
70278
70308
70338
70368
70398
70428
70458
70488
70518
70548
70578
70735
70765
70795
70825
70855
70885
70915
70945
70975
71005
71035
71065
71095
71125
71155
71185
71215
71245
71275
71428
71458
71488
71518
71548
71578
71608
71638
71668
71698
71728
71758
71788
71818
71848
71878
71908
71938
72088
72118
72148
72178
72208
72238
72268
72298
72328
72358
72388
72418
72448
72478
72508
72538
72568
72598
72628
72774
72804
72834
72864
72894
72924
72954
72984
73014
73044
73074
73104
73134
73164
73194
73224
73254
73284
73314
73456
73486
73516
73546
73576
73606
73636
73666
73696
73726
73756
73786
73816
73846
73876
73906
73936
73966
73996
74135
74165
74195
74225
74255
74285
74315
74345
74375
74405
74435
74465
74495
74525
74555
74585
74615
74645
74675
74811
74841
7487
74871
74901
74931
74961
74991
75021
75051
75081
75111
75141
7517
75171
75201
75231
75261
75291
75321
75351
7547
75483
75513
75543
75573
75603
75633
75663
75693
75723
75753
75783
75813
75843
75873
75903
75933
75963
75993
76023
76053
76182
76212
76242
76272
76302
76332
76362
76392
76422
76452
76482
76512
76542
76572
76602
76632
76662
76692
76722
76848
76878
76908
76938
76968
76998
77028
77058
77088
77118
77148
77178
77208
77238
77268
77298
77328
77358
77388
77418
77541
77571
77601
77631
77661
77691
77721
77751
77781
77811
77841
77871
77901
77931
77961
77991
78021
78051
78081
78201
78231
78261
78291
78321
78351
78381
78411
78441
78471
78501
78531
78561
78591
78621
78651
78681
78711
78741
78771
78887
78917
78947
78977
79007
79037
79067
79097
79127
79157
79187
79217
79247
79277
79307
79337
79367
79397
79427
79457
79570
79600
79630
79660
79690
79720
79750
79780
79810
79840
79870
79900
79930
79960
79990
80020
80050
80080
80110
80140
80250
80280
80310
80340
80370
80400
80430
80460
80490
80520
80550
80580
80610
80640
80670
80700
80730
80760
80790
80820
80927
80957
80987
81017
81047
81077
81107
81137
81167
81197
81227
81257
81287
81317
81347
81377
81407
81437
81467
81497
81602
81632
81662
81692
81722
81752
81782
81812
81842
81872
8189
81902
81932
81962
81992
82022
82052
82082
82112
82142
82172
8219
82202
82304
82334
82364
82394
82424
82454
82484
82514
82544
82574
82604
82634
82664
82694
82724
82754
82784
82814
82844
82874
82973
83003
83033
83063
83093
83123
83153
83183
83213
83243
83273
83303
83333
83363
83393
83423
83453
83483
83513
83543
83573
83669
83699
83729
83759
83789
83819
83849
83879
83909
83939
83969
83999
84029
84059
84089
84119
84149
84179
84209
84239
84333
84363
84393
84423
84453
84483
84513
84543
84573
84603
84633
84663
84693
84723
84753
84783
84813
84843
84873
84903
84933
85024
85054
85084
85114
85144
85174
85204
85234
85264
85294
85324
85354
85384
85414
85444
85474
85504
85534
85564
85594
85682
85712
85742
85772
85802
85832
85862
85892
85922
85952
85982
86012
86042
86072
86102
86132
86162
86192
86222
86252
86282
86368
86398
86428
86458
86488
86518
86548
86578
86608
86638
86668
86698
86728
86758
86788
86818
86848
86878
86908
86938
86968
87051
87081
87111
87141
87171
87201
87231
87261
87291
87321
87351
87381
87411
87441
87471
87501
87531
87561
87591
87621
87651
87732
87762
87792
87822
87852
87882
87912
87942
87972
88002
88032
88062
88092
88122
88152
88182
88212
88242
88272
88302
88332
88411
88441
88471
88501
88531
8854
88561
88591
88621
88651
88681
88711
88741
88771
88801
88831
8884
88861
88891
88921
88951
88981
89011
89087
89117
8914
89147
89177
89207
89237
89267
89297
89327
89357
89387
89417
89447
89477
89507
89537
89567
89597
89627
89657
89687
89761
89791
89821
89851
89881
89911
89941
89971
90001
90031
90061
90091
90121
90151
90181
90211
90241
90271
90301
90331
90361
90391
90463
90493
90523
90553
90583
90613
90643
90673
90703
90733
90763
90793
90823
90853
90883
90913
90943
90973
91003
91033
91063
91133
91163
91193
91223
91253
91283
91313
91343
91373
91403
91433
91463
91493
91523
91553
91583
91613
91643
91673
91703
91733
91801
91831
91861
91891
91921
91951
91981
92011
92041
92071
92101
92131
92161
92191
92221
92251
92281
92311
92341
92371
92401
92431
92497
92527
92557
92587
92617
92647
92677
92707
92737
92767
92797
92827
92857
92887
92917
92947
92977
93007
93037
93067
93097
93161
93191
93221
93251
93281
93311
93341
93371
93401
93431
93461
93491
93521
93551
93581
93611
93641
93671
93701
93731
93761
93791
93853
93883
93913
93943
93973
94003
94033
94063
94093
94123
94153
94183
94213
94243
94273
94303
94333
94363
94393
94423
94453
94483
94543
94573
94603
94633
94663
94693
94723
94753
94783
94813
94843
94873
94903
94933
94963
94993
95023
95053
95083
95113
95143
95201
95231
95261
95291
95321
95351
95381
95411
9543
95441
95471
95501
95531
95561
95591
95621
95651
95681
95711
9573
95741
95771
95801
95831
95887
95917
95947
95977
96007
9603
96037
96067
96097
96127
96157
96187
96217
96247
96277
96307
96337
96367
96397
96427
96457
96487
96517
96572
96602
96632
96662
96692
96722
96752
96782
96812
96842
96872
96902
96932
96962
96992
97022
97052
97082
97112
97142
97172
97202
97255
97285
97315
97345
97375
97405
97435
97465
97495
97525
97555
97585
97615
97645
97675
97705
97735
97765
97795
97825
97855
97885
97937
97967
97997
98027
98057
98087
98117
98147
98177
98207
98237
98267
98297
98327
98357
98387
98417
98447
98477
98507
98537
98567
98617
98647
98677
98707
98737
98767
98797
98827
98857
98887
98917
98947
98977
99007
99037
99067
99097
99127
99157
99187
99217
99247
99296
99326
99356
99386
99416
99446
99476
99506
99536
99566
99596
99626
99656
99686
99716
99746
99776
99806
99836
99866
99896
99926
99973
