0
100016
100046
100076
100106
100136
100166
100196
100226
100256
100286
100316
100346
100376
100406
100436
100466
100496
100526
100556
100586
100616
100662
100692
100722
100752
100782
100812
100842
100872
100902
100932
100962
100992
101022
101052
101082
101112
101142
101172
101202
101232
101262
101292
101337
101367
101397
101427
101457
101487
101517
101547
101577
101607
101637
101667
101697
101727
101757
101787
101817
101847
101877
101907
101937
101967
102010
102040
102070
10209
102100
102130
102160
102190
102220
102250
102280
102310
102340
102370
10239
102400
102430
102460
102490
102520
102550
102580
102610
102640
102682
10269
102712
102742
102772
102802
102832
102862
102892
102922
102952
102982
103012
103042
103072
103102
103132
103162
103192
103222
103252
103282
103312
103342
103383
103413
103443
103473
103503
103533
103563
103593
103623
103653
103683
103713
103743
103773
103803
103833
103863
103893
103923
103953
103983
104013
104053
104083
104113
104143
104173
104203
104233
104263
104293
104323
104353
104383
104413
104443
104473
104503
104533
104563
104593
104623
104653
104683
104722
104752
104782
104812
104842
104872
104902
104932
104962
104992
105022
105052
105082
105112
105142
105172
105202
105232
105262
105292
105322
105352
105382
105420
105450
105480
105510
105540
105570
105600
105630
105660
105690
105720
105750
105780
105810
105840
105870
105900
105930
105960
105990
106020
106050
106087
106117
106147
106177
106207
106237
106267
106297
106327
106357
106387
106417
106447
106477
106507
106537
106567
106597
106627
106657
106687
106717
106747
106783
106813
106843
106873
106903
106933
106963
106993
107023
107053
107083
107113
107143
107173
107203
107233
107263
107293
107323
107353
107383
107413
107448
107478
107508
107538
107568
107598
107628
107658
107688
107718
107748
107778
107808
107838
107868
107898
107928
107958
107988
108018
108048
108078
108108
108143
108173
108203
108233
108263
108293
108323
108353
108383
108413
108443
108473
108503
108533
108563
108593
108623
108653
108683
108713
108743
108773
108807
108837
10886
108867
108897
108927
108957
108987
109017
109047
109077
109107
109137
10916
109167
109197
109227
109257
109287
109317
109347
109377
109407
109437
10946
109467
109500
109530
109560
109590
109620
109650
109680
109710
109740
10976
109770
109800
109830
109860
109890
109920
109950
109980
110010
110040
110070
110100
110130
110163
110193
110223
110253
110283
110313
110343
110373
110403
110433
110463
110493
110523
110553
110583
110613
110643
110673
110703
110733
110763
110793
110823
110855
110885
110915
110945
110975
111005
111035
111065
111095
111125
111155
111185
111215
111245
111275
111305
111335
111365
111395
111425
111455
111485
111515
111547
111577
111607
111637
111667
111697
111727
111757
111787
111817
111847
111877
111907
111937
111967
111997
112027
112057
112087
112117
112147
112177
112209
112239
112269
112299
112329
112359
112389
112419
112449
112479
112509
112539
112569
112599
112629
112659
112689
112719
112749
112779
112809
112839
112869
112900
112930
112960
112990
113020
113050
113080
113110
113140
113170
113200
113230
113260
113290
113320
113350
113380
113410
113440
113470
113500
113530
113589
113619
113649
113665
113695
113725
113755
113785
113815
113845
113875
113905
113935
113965
113995
114025
114055
114085
114115
114145
114178
114208
114238
114269
114299
114329
114356
114386
114416
114446
114476
114506
114536
114566
114596
114626
114656
114686
114716
114746
114776
114806
114836
114858
114888
114918
114949
114979
115009
115047
115077
115107
115137
115167
115197
115227
115257
115287
115317
115347
115377
115407
115437
115467
115497
115538
115568
115598
115629
115659
115689
115708
115738
115768
115798
115828
115858
11586
115888
115918
115948
115978
116008
116038
116068
116098
116128
116158
11616
116188
116218
116248
116278
116309
116339
116369
116399
116429
116459
11646
116489
116519
116549
116579
116609
116639
116669
116699
116729
116759
116789
116819
116849
116879
116898
116928
116958
116989
117019
117049
117090
117120
117150
117180
117210
117240
117270
117300
117330
117360
117390
117420
117450
117480
117510
117540
117578
117608
117638
117647
117677
117707
117737
117767
117797
117827
117857
117887
117917
117947
117977
118007
118037
118067
118097
118127
118157
118187
118217
118247
118277
118307
118338
118368
118398
118428
118458
118488
118518
118548
118578
118608
118638
118668
118698
118728
118758
118788
118818
118848
118878
118908
118938
118968
118998
119029
119059
119089
119119
119149
119179
119209
119239
119269
119299
119329
119359
119389
119419
119449
119479
119509
119539
119569
119599
119629
119659
119691
119721
119751
119781
119811
119841
119871
119901
119931
119961
119991
120021
120051
120081
120111
120141
120171
120201
120231
120261
120291
120321
120351
120383
120413
120443
120473
120503
120533
120563
120593
120623
120653
120683
120713
120743
120773
120803
120833
120863
120893
120923
120953
120983
121013
121045
121075
121105
121135
121165
121195
121225
121255
121285
121315
121345
121375
121405
121435
121465
121495
121525
121555
121585
121615
121645
121675
121705
121738
121768
121798
121828
121858
121888
121918
121948
121978
122008
122038
122068
122098
122128
122158
122188
122218
122248
122278
122308
122338
122368
122401
122431
122461
122491
12250
122521
122551
122581
122611
122641
122671
122701
122731
122761
122791
12280
122821
122851
122881
122911
122941
122971
123001
123031
123061
123095
12310
123125
123155
123185
123215
123245
123275
123305
123335
123365
123395
12340
123425
123455
123485
123515
123545
123575
123605
123635
123665
123695
123725
123760
123790
123820
123850
123880
123910
123940
123970
124000
124030
124060
124090
124120
124150
124180
124210
124240
124270
124300
124330
124360
124390
124420
124455
124485
124515
124545
124575
124605
124635
124665
124695
124725
124755
124785
124815
124845
124875
124905
124935
124965
124995
125025
125055
125085
125121
125151
125181
125211
125241
125271
125301
125331
125361
125391
125421
125451
125481
125511
125541
125571
125601
125631
125661
125691
125721
125751
125781
125818
125848
125878
125908
125938
125968
125998
126028
126058
126088
126118
126148
126178
126208
126238
126268
126298
126328
126358
126388
126418
126448
126486
126516
126546
126576
126606
126636
126666
126696
126726
126756
126786
126816
126846
126876
126906
126936
126966
126996
127026
127056
127086
127116
127146
127185
127215
127245
127275
127305
127335
127365
127395
127425
127455
127485
127515
127545
127575
127605
127635
127665
127695
127725
127755
127785
127815
127855
127885
127915
127945
127975
128005
128035
128065
128095
128125
128155
128185
128215
128245
128275
128305
128335
128365
128395
128425
128455
128485
128526
128556
128586
128616
128646
128676
128706
128736
128766
128796
128826
128856
128886
128916
128946
128976
129006
129036
129066
129096
129126
129156
129186
129228
129258
129288
129318
129348
129378
12938
129408
129438
129468
129498
129528
129558
129588
129618
129648
129678
12968
129708
129738
129768
129798
129828
129858
129901
129931
129961
12998
129991
130021
130051
130081
130111
130141
130171
130201
130231
130261
13028
130291
130321
130351
130381
130411
130441
130471
130501
130531
130576
130606
130636
130666
130696
130726
130756
130786
130816
130846
130876
130906
130936
130966
130996
131026
131056
131086
131116
131146
131176
131206
131252
131282
131312
131342
131372
131402
131432
131462
131492
131522
131552
131582
131612
131642
131672
131702
131732
131762
131792
131822
131852
131882
131929
131959
131989
132019
132049
132079
132109
132139
132169
132199
132229
132259
132289
132319
132349
132379
132409
132439
132469
132499
132529
132559
132608
132638
132668
132698
132728
132758
132788
132818
132848
132878
132908
132938
132968
132998
133028
133058
133088
133118
133148
133178
133208
133238
133288
133318
133348
133378
133408
133438
133468
133498
133528
133558
133588
133618
133648
133678
133708
133738
133768
133798
133828
133858
133888
133918
133970
134000
134030
134060
134090
134120
134150
134180
134210
134240
134270
134300
134330
134360
134390
134420
134450
134480
134510
134540
134570
134600
134653
134683
134713
134743
134773
134803
134833
134863
134893
134923
134953
134983
135013
135043
135073
135103
135133
135163
135193
135223
135253
135283
135338
135368
135398
135428
135458
135488
135518
135548
135578
135608
135638
135668
135698
135728
135758
135788
135818
135848
135878
135908
135938
135968
136024
136054
136084
136114
136144
136174
13620
136204
136234
136264
136294
136324
136354
136384
136414
136444
136474
13650
136504
136534
136564
136594
136624
136682
136712
136742
136772
13680
136802
136832
136862
136892
136922
136952
136982
137012
137042
137072
13710
137102
137132
137162
137192
137222
137252
137282
137312
137372
137402
137432
137462
137492
137522
137552
137582
137612
137642
137672
137702
137732
137762
137792
137822
137852
137882
137912
137942
137972
138002
138064
138094
138124
138154
138184
138214
138244
138274
138304
138334
138364
138394
138424
138454
138484
138514
138544
138574
138604
138634
138664
138728
138758
138788
138818
138848
138878
138908
138938
138968
138998
139028
139058
139088
139118
139148
139178
139208
139238
139268
139298
139328
139358
139424
139454
139484
139514
139544
139574
139604
139634
139664
139694
139724
139754
139784
139814
139844
139874
139904
139934
139964
139994
140024
140092
140122
140152
140182
140212
140242
140272
140302
140332
140362
140392
140422
140452
140482
140512
140542
140572
140602
140632
140662
140692
140762
140792
140822
140852
140882
140912
140942
140972
141002
141032
141062
141092
141122
141152
141182
141212
141242
141272
141302
141332
141362
141392
141464
141494
141524
141554
141584
141614
141644
141674
141704
141734
141764
141794
141824
141854
141884
141914
141944
141974
142004
142034
142064
142138
142168
142198
142228
142258
142288
142318
142348
142378
142408
142438
142468
142498
142528
142558
142588
142618
142648
142678
142708
142738
142814
142844
142874
142904
142934
14296
142964
142994
143024
143054
143084
143114
143144
143174
143204
143234
14326
143264
143294
143324
143354
143384
143414
143493
143523
143553
14356
143583
143613
143643
143673
143703
143733
143763
143793
143823
143853
14386
143883
143913
143943
143973
144003
144033
144063
144093
144174
144204
144234
144264
144294
144324
144354
144384
144414
144444
144474
144504
144534
144564
144594
144624
144654
144684
144714
144744
144774
144857
144887
144917
144947
144977
145007
145037
145067
145097
145127
145157
145187
145217
145247
145277
145307
145337
145367
145397
145427
145457
145543
145573
145603
145633
145663
145693
145723
145753
145783
145813
145843
145873
145903
145933
145963
145993
146023
146053
146083
146113
146201
146231
146261
146291
146321
146351
146381
146411
146441
146471
146501
146531
146561
146591
146621
146651
146681
146711
146741
146771
146801
146892
146922
146952
146982
147012
147042
147072
147102
147132
147162
147192
147222
147252
147282
147312
147342
147372
147402
147432
147462
147492
147586
147616
147646
147676
147706
147736
147766
147796
147826
147856
147886
147916
147946
147976
148006
148036
148066
148096
148126
148156
148252
148282
148312
148342
148372
148402
148432
148462
148492
148522
148552
148582
148612
148642
148672
148702
148732
148762
148792
148822
148921
148951
148981
149011
149041
149071
149101
149131
149161
149191
149221
149251
149281
149311
149341
149371
149401
149431
149461
149491
149521
149623
14965
149653
149683
149713
149743
149773
149803
149833
149863
149893
149923
14995
149953
149983
150013
150043
150073
150103
150133
150163
150193
15025
150298
150328
150358
150388
150418
150448
150478
150508
150538
15055
150568
150598
150628
150658
150688
150718
150748
150778
150808
150838
15085
150868
150975
151005
151035
151065
151095
151125
151155
151185
151215
151245
151275
151305
151335
151365
151395
151425
151455
151485
151515
151545
151655
151685
151715
151745
151775
151805
151835
151865
151895
151925
151955
151985
152015
152045
152075
152105
152135
152165
152195
152225
152338
152368
152398
152428
152458
152488
152518
152548
152578
152608
152638
152668
152698
152728
152758
152788
152818
152848
152878
152908
153024
153054
153084
153114
153144
153174
153204
153234
153264
153294
153324
153354
153384
153414
153444
153474
153504
153534
153564
153684
153714
153744
153774
153804
153834
153864
153894
153924
153954
153984
154014
154044
154074
154104
154134
154164
154194
154224
154254
154377
154407
154437
154467
154497
154527
154557
154587
154617
154647
154677
154707
154737
154767
154797
154827
154857
154887
154917
155043
155073
155103
155133
155163
155193
155223
155253
155283
155313
155343
155373
155403
155433
155463
155493
155523
155553
155583
155613
155742
155772
155802
155832
155862
155892
155922
155952
155982
156012
156042
156072
156102
156132
156162
156192
156222
156252
156282
156414
156444
156474
156504
156534
156564
15658
156594
156624
156654
156684
156714
156744
156774
156804
156834
156864
15688
156894
156924
156954
157090
157120
157150
15718
157180
157210
157240
157270
157300
157330
157360
157390
157420
157450
15748
157480
157510
157540
157570
157600
157630
157769
15778
157799
157829
157859
157889
157919
157949
157979
158009
158039
158069
158099
158129
158159
158189
158219
158249
158279
158309
158451
158481
158511
158541
158571
158601
158631
158661
158691
158721
158751
158781
158811
158841
158871
158901
158931
158961
158991
159137
159167
159197
159227
159257
159287
159317
159347
159377
159407
159437
159467
159497
159527
159557
159587
159617
159647
159677
159827
159857
159887
159917
159947
159977
160007
160037
160067
160097
160127
160157
160187
160217
160247
160277
160307
160337
160490
160520
160550
160580
160610
160640
160670
160700
160730
160760
160790
160820
160850
160880
160910
160940
160970
161000
161030
161187
161217
161247
161277
161307
161337
161367
161397
161427
161457
161487
161517
161547
161577
161607
161637
161667
161697
161857
161887
161917
161947
161977
162007
162037
162067
162097
162127
162157
162187
162217
162247
162277
162307
162337
162367
162531
162561
162591
162621
162651
162681
162711
162741
162771
162801
162831
162861
162891
162921
162951
162981
163011
163041
163209
163239
163269
163299
163329
163359
163389
163419
163449
16345
163479
163509
163539
163569
163599
163629
163659
163689
163719
16375
163891
163921
163951
163981
164011
164041
16405
164071
164101
164131
164161
164191
164221
164251
164281
164311
164341
16435
164371
164401
164577
164607
164637
16465
164667
164697
164727
164757
164787
164817
164847
164877
164907
164937
164967
164997
165027
165057
165087
165266
165296
165326
165356
165386
165416
165446
165476
165506
165536
165566
165596
165626
165656
165686
165716
165746
165929
165959
165989
166019
166049
166079
166109
166139
166169
166199
166229
166259
166289
166319
166349
166379
166409
166439
166626
166656
166686
166716
166746
166776
166806
166836
166866
166896
166926
166956
166986
167016
167046
167076
167106
167297
167327
167357
167387
167417
167447
167477
167507
167537
167567
167597
167627
167657
167687
167717
167747
167777
167972
168002
168032
168062
168092
168122
168152
168182
168212
168242
168272
168302
168332
168362
168392
168422
168452
168652
168682
168712
168742
168772
168802
168832
168862
168892
168922
168952
168982
169012
169042
169072
169102
169132
169336
169366
169396
169426
169456
169486
169516
169546
169576
169606
169636
169666
169696
169726
169756
169786
169816
170024
170054
170084
170114
170144
170174
170204
170234
17026
170264
170294
170324
170354
170384
170414
170444
170474
17056
170686
170716
170746
170776
170806
170836
17086
170866
170896
170926
170956
170986
171016
171046
171076
171106
171136
17116
171166
171383
171413
171443
17146
171473
171503
171533
171563
171593
171623
171653
171683
171713
171743
171773
171803
171833
172054
172084
172114
172144
172174
172204
172234
172264
172294
172324
172354
172384
172414
172444
172474
172504
172729
172759
172789
172819
172849
172879
172909
172939
172969
172999
173029
173059
173089
173119
173149
173179
173409
173439
173469
173499
173529
173559
173589
173619
173649
173679
173709
173739
173769
173799
173829
173859
174093
174123
174153
174183
174213
174243
174273
174303
174333
174363
174393
174423
174453
174483
174513
174543
174782
174812
174842
174872
174902
174932
174962
174992
175022
175052
175082
175112
175142
175172
175202
175445
175475
175505
175535
175565
175595
175625
175655
175685
175715
175745
175775
175805
175835
175865
175895
176143
176173
176203
176233
176263
176293
176323
176353
176383
176413
176443
176473
176503
176533
176563
176815
176845
176875
176905
176935
176965
176995
17701
177025
177055
177085
177115
177145
177175
177205
177235
17731
177492
177522
177552
177582
17761
177612
177642
177672
177702
177732
177762
177792
177822
177852
177882
17791
177912
178174
178204
17821
178234
178264
178294
178324
178354
178384
178414
178444
178474
178504
178534
178564
178594
178860
178890
178920
178950
178980
179010
179040
179070
179100
179130
179160
179190
179220
179250
179521
179551
179581
179611
179641
179671
179701
179731
179761
179791
179821
179851
179881
179911
179941
180217
180247
180277
180307
180337
180367
180397
180427
180457
180487
180517
180547
180577
180607
180888
180918
180948
180978
181008
181038
181068
181098
181128
181158
181188
181218
181248
181278
181564
181594
181624
181654
181684
181714
181744
181774
181804
181834
181864
181894
181924
181954
182245
182275
182305
182335
182365
182395
182425
182455
182485
182515
182545
182575
182605
182635
182931
182961
182991
183021
183051
183081
183111
183141
183171
183201
183231
183261
183291
183321
183622
183652
183682
18370
183712
183742
183772
183802
183832
183862
183892
183922
183952
183982
18400
184288
18430
184318
184348
184378
184408
184438
184468
184498
184528
184558
184588
18460
184618
184648
184678
18490
184989
185019
185049
185079
185109
185139
185169
185199
18520
185229
185259
185289
185319
185349
185665
185695
185725
185755
185785
185815
185845
185875
185905
185935
185965
185995
186025
186346
186376
186406
186436
186466
186496
186526
186556
186586
186616
186646
186676
187002
187032
187062
187092
187122
187152
187182
187212
187242
187272
187302
187332
187362
187693
187723
187753
187783
187813
187843
187873
187903
187933
187963
187993
188023
188360
188390
188420
188450
188480
188510
188540
188570
188600
188630
188660
188690
188720
189062
189092
189122
189152
189182
189212
189242
189272
189302
189332
189362
189392
189739
189769
189799
189829
189859
189889
189919
189949
189979
190009
190039
190069
190422
190452
190482
190512
190542
190572
190602
19063
190632
190662
190692
190722
19093
191080
191110
191140
191170
191200
19123
191230
191260
191290
191320
191350
191380
191410
19153
191773
191803
19183
191833
191863
191893
191923
191953
191983
192013
192043
192073
192442
192472
192502
192532
192562
192592
192622
192652
192682
192712
192742
192772
193146
193176
193206
193236
193266
193296
193326
193356
193386
193416
193446
193826
193856
193886
193916
193946
193976
194006
194036
194066
194096
194481
194511
194541
194571
194601
194631
194661
194691
194721
194751
194781
195172
195202
195232
195262
195292
195322
195352
195382
195412
195442
195472
195868
195898
195928
195958
195988
196018
196048
196078
196108
196138
196540
196570
196600
196630
196660
196690
196720
196750
196780
196810
19720
197217
197247
197277
197307
197337
197367
197397
197427
197457
197487
19750
19780
197900
197930
197960
197990
198020
198050
198080
19810
198110
198140
198170
19840
198589
198619
198649
198679
19870
198709
198739
198769
198799
198829
199253
199283
199313
199343
199373
199403
199433
199463
199493
199923
199953
199983
200013
200043
200073
200103
200133
200163
200193
200629
200659
200689
200719
200749
200779
200809
200839
201281
201311
201341
201371
201401
201431
201461
201491
201521
201968
201998
202028
202058
202088
202118
202148
202178
202208
202661
202691
202721
202751
202781
202811
202841
202871
203330
203360
203390
203420
203450
203480
203510
203540
20400
204005
204035
204065
204095
204125
204155
204185
204215
20430
20460
204686
204716
204746
204776
204806
204836
204866
204896
20490
2052
20520
205373
205403
205433
205463
205493
20550
205523
205553
205583
20580
206066
206096
206126
206156
206186
206216
206246
206734
206764
206794
206824
206854
206884
206914
207408
207438
207468
207498
207528
207558
207588
208088
208118
208148
208178
208208
208238
208268
208774
208804
208834
208864
208894
208924
208954
209466
209496
209526
209556
209586
209616
210134
210164
210194
210224
210254
210284
210808
210838
210868
210898
210928
210958
21104
21134
211488
211518
211548
211578
211608
211638
21164
21194
212175
212205
212235
21224
212265
212295
212325
21254
212868
212898
212928
212958
212988
213537
213567
213597
213627
213657
214212
214242
214272
214302
214332
214893
214923
214953
214983
215013
215580
215610
215640
215670
216243
216273
216303
216333
216363
216942
216972
217002
217032
217618
217648
217678
217708
21772
21802
218300
21832
218330
218360
218390
21862
21892
218988
219018
219048
21922
21952
219652
219682
219712
220322
220352
220382
220412
221029
221059
221682
221712
221742
222371
222401
222431
223066
223096
223738
223768
224416
224446
22464
22494
225100
22524
22554
225760
225790
22584
22614
226457
227130
227809
228494
23120
23150
23180
23210
23240
23270
23300
23800
23830
23860
23890
23920
23950
23980
24010
24504
24534
24564
24594
24624
24654
24684
25172
25202
25232
25262
25292
25322
25352
25382
25865
25895
25925
25955
25985
26015
26045
26522
26552
26582
26612
26642
26672
26702
26732
27203
27233
27263
27293
27323
27353
27383
27413
2744
27443
27908
27938
27968
27998
28028
28058
28088
28118
28577
28607
28637
28667
28697
28727
28757
28787
29240
29270
29300
29330
29360
29390
29420
29450
29480
29927
29957
29987
30017
30047
30077
30107
30137
30167
30609
30639
30669
30699
30729
30759
30789
30819
30849
31285
31315
31345
31375
31405
31435
31465
31495
31525
31555
31985
32015
32045
32075
32105
32135
32165
32195
32225
32649
32679
32709
32739
32769
32799
32829
32859
32889
32919
33338
33368
33398
33428
33458
33488
33518
33548
33578
33608
34021
34051
34081
34111
34141
34171
34201
34231
34261
3429
34291
34698
34728
34758
34788
34818
34848
34878
34908
34938
34968
35370
35400
35430
35460
35490
35520
35550
35580
35610
35640
35670
36066
36096
36126
36156
36186
36216
36246
36276
36306
36336
36727
36757
36787
36817
36847
36877
36907
36937
36967
36997
37027
37412
37442
37472
37502
37532
37562
37592
37622
37652
37682
37712
38092
38122
38152
38182
38212
38242
38272
38302
38332
38362
38392
38766
38796
38826
38856
38886
38916
38946
38976
39006
39036
39066
39096
39465
39495
39525
39555
39585
39615
39645
39675
39705
39735
39765
40128
40158
40188
40218
40248
40278
40308
40338
40368
40398
40428
40458
40816
40846
40876
40906
40936
40966
40996
41026
41056
4108
41086
41116
41146
41499
41529
41559
41589
41619
41649
41679
41709
41739
41769
41799
41829
42176
42206
42236
42266
42296
42326
42356
42386
42416
42446
42476
42506
42848
42878
42908
42938
42968
42998
43028
43058
43088
43118
43148
43178
43208
43545
43575
43605
43635
43665
43695
43725
43755
43785
43815
43845
43875
44206
44236
44266
44296
44326
44356
44386
44416
44446
44476
44506
44536
44566
44892
44922
44952
44982
45012
45042
45072
45102
45132
45162
45192
45222
45252
45573
45603
45633
45663
45693
45723
45753
45783
45813
45843
45873
45903
45933
46249
46279
46309
46339
46369
46399
46429
46459
46489
46519
46549
46579
46609
46920
46950
46980
47010
47040
47070
47100
47130
47160
47190
47220
47250
47280
47310
47616
47646
47676
47706
47736
47766
47796
4781
47826
47856
47886
47916
47946
47976
48006
48307
48337
48367
48397
48427
48457
48487
48517
48547
48577
48607
48637
48667
48963
48993
49023
49053
49083
49113
49143
49173
49203
49233
49263
49293
49323
49353
49644
49674
49704
49734
49764
49794
49824
49854
49884
49914
49944
49974
50004
50034
50320
50350
50380
50410
50440
50470
50500
50530
50560
50590
50620
50650
50680
50710
50740
51021
51051
51081
51111
51141
51171
51201
51231
51261
51291
51321
51351
51381
51411
51687
51717
51747
51777
51807
51837
51867
51897
51927
51957
51987
52017
52047
52077
52107
52378
52408
52438
52468
52498
52528
52558
52588
52618
52648
52678
52708
52738
52768
52798
53064
53094
53124
53154
53184
53214
53244
53274
53304
53334
53364
53394
53424
53454
53484
53746
53776
53806
53836
53866
53896
53926
53956
53986
54016
54046
54076
54106
54136
54166
54423
54453
5448
54483
54513
54543
54573
54603
54633
54663
54693
54723
54753
5478
54783
54813
54843
55095
55125
55155
55185
55215
55245
55275
55305
55335
55365
55395
55425
55455
55485
55515
55763
55793
55823
55853
55883
55913
55943
55973
56003
56033
56063
56093
56123
56153
56183
56213
56456
56486
56516
56546
56576
56606
56636
56666
56696
56726
56756
56786
56816
56846
56876
56906
57145
57175
57205
57235
57265
57295
57325
57355
57385
57415
57445
57475
57505
57535
57565
57595
57829
57859
57889
57919
57949
57979
58009
58039
58069
58099
58129
58159
58189
58219
58249
58279
58509
58539
58569
58599
58629
58659
58689
58719
58749
58779
58809
58839
58869
58899
58929
58959
59184
59214
59244
59274
59304
59334
59364
59394
59424
59454
59484
59514
59544
59574
59604
59634
59855
59885
59915
59945
59975
60005
60035
60065
60095
60125
60155
60185
60215
60245
60275
60305
60522
60552
60582
60612
60642
60672
60702
60732
60762
60792
60822
60852
60882
60912
60942
60972
61002
61214
61244
61274
61304
61334
61364
6138
61394
61424
61454
61484
61514
61544
61574
61604
61634
61664
6168
61694
61902
61932
61962
61992
62022
62052
62082
62112
62142
62172
62202
62232
62262
62292
62322
62352
62382
62586
62616
62646
62676
62706
62736
62766
62796
62826
62856
62886
62916
62946
62976
63006
63036
63066
63266
63296
63326
63356
63386
63416
63446
63476
63506
63536
63566
63596
63626
63656
63686
63716
63746
63941
63971
64001
64031
64061
64091
64121
64151
64181
64211
64241
64271
64301
64331
64361
64391
64421
64612
64642
64672
64702
64732
64762
64792
64822
64852
64882
64912
64942
64972
65002
65032
65062
65092
65122
65309
65339
65369
65399
65429
65459
65489
65519
65549
65579
65609
65639
65669
65699
65729
65759
65789
65972
66002
66032
66062
66092
66122
66152
66182
66212
66242
66272
66302
66332
66362
66392
66422
66452
66482
66661
66691
66721
66751
66781
66811
66841
66871
66901
66931
66961
66991
67021
67051
67081
67111
67141
67171
67347
67377
67407
67437
67467
67497
67527
67557
67587
67617
67647
67677
67707
67737
67767
67797
67827
67857
68029
68059
68089
68119
68149
68179
68209
6822
68239
68269
68299
68329
68359
68389
68419
68449
68479
68509
6852
68539
68707
68737
68767
68797
68827
68857
68887
68917
68947
68977
69007
69037
69067
69097
69127
69157
69187
69217
69381
69411
69441
69471
69501
69531
69561
69591
69621
69651
69681
69711
69741
69771
69801
69831
69861
69891
70051
70081
70111
70141
70171
70201
70231
70261
70291
70321
70351
70381
70411
70441
70471
70501
70531
70561
70591
70748
70778
70808
70838
70868
70898
70928
70958
70988
71018
71048
71078
71108
71138
71168
71198
71228
71258
71411
71441
71471
71501
71531
71561
71591
71621
71651
71681
71711
71741
71771
71801
71831
71861
71891
71921
71951
72101
72131
72161
72191
72221
72251
72281
72311
72341
72371
72401
72431
72461
72491
72521
72551
72581
72611
72641
72787
72817
72847
72877
72907
72937
72967
72997
73027
73057
73087
73117
73147
73177
73207
73237
73267
73297
73327
73469
73499
73529
73559
73589
73619
73649
73679
73709
73739
73769
73799
73829
73859
73889
73919
73949
73979
74009
74148
74178
74208
74238
74268
74298
74328
74358
74388
74418
74448
74478
74508
74538
74568
74598
74628
74658
74688
74824
74854
74884
74914
74944
74974
7500
75004
75034
75064
75094
75124
75154
75184
75214
75244
75274
7530
75304
75334
75364
75496
75526
75556
75586
75616
75646
75676
75706
75736
75766
75796
75826
75856
75886
75916
75946
75976
76006
76036
76165
76195
76225
76255
76285
76315
76345
76375
76405
76435
76465
76495
76525
76555
76585
76615
76645
76675
76705
76735
76861
76891
76921
76951
76981
77011
77041
77071
77101
77131
77161
77191
77221
77251
77281
77311
77341
77371
77401
77524
77554
77584
77614
77644
77674
77704
77734
77764
77794
77824
77854
77884
77914
77944
77974
78004
78034
78064
78094
78214
78244
78274
78304
78334
78364
78394
78424
78454
78484
78514
78544
78574
78604
78634
78664
78694
78724
78754
78784
78900
78930
78960
78990
79020
79050
79080
79110
79140
79170
79200
79230
79260
79290
79320
79350
79380
79410
79440
79470
79583
79613
79643
79673
79703
79733
79763
79793
79823
79853
79883
79913
79943
79973
80003
80033
80063
80093
80123
80153
80263
80293
80323
80353
80383
80413
80443
80473
80503
80533
80563
80593
80623
80653
80683
80713
80743
80773
80803
80833
80940
80970
81000
81030
81060
81090
81120
81150
81180
81210
81240
81270
81300
81330
81360
81390
81420
81450
81480
81510
81615
81645
81675
81705
8172
81735
81765
81795
81825
81855
81885
81915
81945
81975
82005
8202
82035
82065
82095
82125
82155
82185
82287
82317
8232
82347
82377
82407
82437
82467
82497
82527
82557
82587
82617
82647
82677
82707
82737
82767
82797
82827
82857
82887
82986
83016
83046
83076
83106
83136
83166
83196
83226
83256
83286
83316
83346
83376
83406
83436
83466
83496
83526
83556
83652
83682
83712
83742
83772
83802
83832
83862
83892
83922
83952
83982
84012
84042
84072
84102
84132
84162
84192
84222
84252
84346
84376
84406
84436
84466
84496
84526
84556
84586
84616
84646
84676
84706
84736
84766
84796
84826
84856
84886
84916
85007
85037
85067
85097
85127
85157
85187
85217
85247
85277
85307
85337
85367
85397
85427
85457
85487
85517
85547
85577
85607
85695
85725
85755
85785
85815
85845
85875
85905
85935
85965
85995
86025
86055
86085
86115
86145
86175
86205
86235
86265
86295
86381
86411
86441
86471
86501
86531
86561
86591
86621
86651
86681
86711
86741
86771
86801
86831
86861
86891
86921
86951
86981
87064
87094
87124
87154
87184
87214
87244
87274
87304
87334
87364
87394
87424
87454
87484
87514
87544
87574
87604
87634
87664
87745
87775
87805
87835
87865
87895
87925
87955
87985
88015
88045
88075
88105
88135
88165
88195
88225
88255
88285
88315
88345
88424
88454
88484
88514
88544
88574
88604
88634
88664
8867
88694
88724
88754
88784
88814
88844
88874
88904
88934
88964
8897
88994
89024
89100
89130
89160
89190
89220
89250
89280
89310
89340
89370
89400
89430
89460
89490
89520
89550
89580
89610
89640
89670
89700
89774
89804
89834
89864
89894
89924
89954
89984
90014
90044
90074
90104
90134
90164
90194
90224
90254
90284
90314
90344
90374
90446
90476
90506
90536
90566
90596
90626
90656
90686
90716
90746
90776
90806
90836
90866
90896
90926
90956
90986
91016
91046
91076
91146
91176
91206
91236
91266
91296
91326
91356
91386
91416
91446
91476
91506
91536
91566
91596
91626
91656
91686
91716
91746
91814
91844
91874
91904
91934
91964
91994
92024
92054
92084
92114
92144
92174
92204
92234
92264
92294
92324
92354
92384
92414
92480
92510
92540
92570
92600
92630
92660
92690
92720
92750
92780
92810
92840
92870
92900
92930
92960
92990
93020
93050
93080
93110
93174
93204
93234
93264
93294
93324
93354
93384
93414
93444
93474
93504
93534
93564
93594
93624
93654
93684
93714
93744
93774
93804
93866
93896
93926
93956
93986
94016
94046
94076
94106
94136
94166
94196
94226
94256
94286
94316
94346
94376
94406
94436
94466
94526
94556
94586
94616
94646
94676
94706
94736
94766
94796
94826
94856
94886
94916
94946
94976
95006
95036
95066
95096
95126
95156
95214
95244
9526
95274
95304
95334
95364
95394
95424
95454
95484
95514
95544
9556
95574
95604
95634
95664
95694
95724
95754
95784
95814
95844
9586
95900
95930
95960
95990
96020
96050
96080
96110
96140
96170
96200
96230
96260
96290
96320
96350
96380
96410
96440
96470
96500
96530
96585
96615
96645
96675
96705
96735
96765
96795
96825
96855
96885
96915
96945
96975
97005
97035
97065
97095
97125
97155
97185
97215
97268
97298
97328
97358
97388
97418
97448
97478
97508
97538
97568
97598
97628
97658
97688
97718
97748
97778
97808
97838
97868
97920
97950
97980
98010
98040
98070
98100
98130
98160
98190
98220
98250
98280
98310
98340
98370
98400
98430
98460
98490
98520
98550
98600
98630
98660
98690
98720
98750
98780
98810
98840
98870
98900
98930
98960
98990
99020
99050
99080
99110
99140
99170
99200
99230
99260
99309
99339
99369
99399
99429
99459
99489
99519
99549
99579
99609
99639
99669
99699
99729
99759
99789
99819
99849
99879
99909
99939
99986
