100007
100037
100067
100097
100127
100157
100187
100217
100247
100277
100307
100337
100367
100397
100427
100457
100487
100517
100547
100577
100607
100653
100683
100713
100743
100773
100803
100833
100863
100893
100923
100953
100983
101013
101043
101073
101103
101133
101163
101193
101223
101253
101283
101328
101358
101388
101418
101448
101478
101508
101538
101568
101598
101628
101658
101688
101718
101748
101778
101808
101838
101868
101898
101928
101958
10200
102001
102031
102061
102091
102121
102151
102181
102211
102241
102271
10230
102301
102331
102361
102391
102421
102451
102481
102511
102541
102571
10260
102601
102631
102661
102703
102733
102763
102793
102823
102853
102883
10290
102913
102943
102973
103003
103033
103063
103093
103123
103153
103183
103213
103243
103273
103303
103333
103374
103404
103434
103464
103494
103524
103554
103584
103614
103644
103674
103704
103734
103764
103794
103824
103854
103884
103914
103944
103974
104004
104044
104074
104104
104134
104164
104194
104224
104254
104284
104314
104344
104374
104404
104434
104464
104494
104524
104554
104584
104614
104644
104674
104704
104743
104773
104803
104833
104863
104893
104923
104953
104983
105013
105043
105073
105103
105133
105163
105193
105223
105253
105283
105313
105343
105373
105411
105441
105471
105501
105531
105561
105591
105621
105651
105681
105711
105741
105771
105801
105831
105861
105891
105921
105951
105981
106011
106041
106071
106108
106138
106168
106198
106228
106258
106288
106318
106348
106378
106408
106438
106468
106498
106528
106558
106588
106618
106648
106678
106708
106738
106774
106804
106834
106864
106894
106924
106954
106984
107014
107044
107074
107104
107134
107164
107194
107224
107254
107284
107314
107344
107374
107404
107434
107469
107499
107529
107559
107589
107619
107649
107679
107709
107739
107769
107799
107829
107859
107889
107919
107949
107979
108009
108039
108069
108099
108134
108164
108194
108224
108254
108284
108314
108344
108374
108404
108434
108464
108494
108524
108554
108584
108614
108644
108674
108704
108734
108764
108794
108828
108858
108888
108918
108948
108978
109008
109038
109068
10907
109098
109128
109158
109188
109218
109248
109278
109308
109338
109368
10937
109398
109428
109458
109491
109521
109551
109581
109611
109641
10967
109671
109701
109731
109761
109791
109821
109851
109881
109911
109941
109971
110001
110031
110061
110091
110121
110151
110184
110214
110244
110274
110304
110334
110364
110394
110424
110454
110484
110514
110544
110574
110604
110634
110664
110694
110724
110754
110784
110814
110846
110876
110906
110936
110966
110996
111026
111056
111086
111116
111146
111176
111206
111236
111266
111296
111326
111356
111386
111416
111446
111476
111506
111538
111568
111598
111628
111658
111688
111718
111748
111778
111808
111838
111868
111898
111928
111958
111988
112018
112048
112078
112108
112138
112168
112200
112230
112260
112290
112320
112350
112380
112410
112440
112470
112500
112530
112560
112590
112620
112650
112680
112710
112740
112770
112800
112830
112860
112891
112921
112951
112981
113011
113041
113071
113101
113131
113161
113191
113221
113251
113281
113311
113341
113371
113401
113431
113461
113491
113521
113551
113580
113610
113640
113686
113716
113746
113776
113806
113836
113866
113896
113926
113956
113986
114016
114046
114076
114106
114136
114169
114199
114229
114260
114290
114320
114347
114377
114407
114437
114467
114497
114527
114557
114587
114617
114647
114677
114707
114737
114767
114797
114827
114849
114879
114909
114940
114970
115000
115038
115068
115098
115128
115158
115188
115218
115248
115278
115308
115338
115368
115398
115428
115458
115488
115518
115529
115559
115589
115620
115650
115680
115729
115759
11577
115789
115819
115849
115879
115909
115939
115969
115999
116029
116059
11607
116089
116119
116149
116179
116209
116239
116269
116300
116330
116360
11637
116390
116420
116450
116480
116510
116540
116570
116600
116630
116660
116690
116720
116750
116780
116810
116840
116870
116889
116919
116949
116980
117010
117040
117081
117111
117141
117171
117201
117231
117261
117291
117321
117351
117381
117411
117441
117471
117501
117531
117561
117569
117599
117629
117668
117698
117728
117758
117788
117818
117848
117878
117908
117938
117968
117998
118028
118058
118088
118118
118148
118178
118208
118238
118268
118298
118329
118359
118389
118419
118449
118479
118509
118539
118569
118599
118629
118659
118689
118719
118749
118779
118809
118839
118869
118899
118929
118959
118989
119020
119050
119080
119110
119140
119170
119200
119230
119260
119290
119320
119350
119380
119410
119440
119470
119500
119530
119560
119590
119620
119650
119682
119712
119742
119772
119802
119832
119862
119892
119922
119952
119982
120012
120042
120072
120102
120132
120162
120192
120222
120252
120282
120312
120342
120374
120404
120434
120464
120494
120524
120554
120584
120614
120644
120674
120704
120734
120764
120794
120824
120854
120884
120914
120944
120974
121004
121034
121066
121096
121126
121156
121186
121216
121246
121276
121306
121336
121366
121396
121426
121456
121486
121516
121546
121576
121606
121636
121666
121696
121729
121759
121789
121819
121849
121879
121909
121939
121969
121999
122029
122059
122089
122119
122149
122179
122209
122239
122269
122299
122329
122359
122389
12241
122422
122452
122482
122512
122542
122572
122602
122632
122662
122692
12271
122722
122752
122782
122812
122842
122872
122902
122932
122962
122992
12301
123022
123052
123086
123116
123146
123176
123206
123236
123266
123296
12331
123326
123356
123386
123416
123446
123476
123506
123536
123566
123596
123626
123656
123686
123716
123746
123781
123811
123841
123871
123901
123931
123961
123991
124021
124051
124081
124111
124141
124171
124201
124231
124261
124291
124321
124351
124381
124411
124446
124476
124506
124536
124566
124596
124626
124656
124686
124716
124746
124776
124806
124836
124866
124896
124926
124956
124986
125016
125046
125076
125106
125142
125172
125202
125232
125262
125292
125322
125352
125382
125412
125442
125472
125502
125532
125562
125592
125622
125652
125682
125712
125742
125772
125809
125839
125869
125899
125929
125959
125989
126019
126049
126079
126109
126139
126169
126199
126229
126259
126289
126319
126349
126379
126409
126439
126469
126507
126537
126567
126597
126627
126657
126687
126717
126747
126777
126807
126837
126867
126897
126927
126957
126987
127017
127047
127077
127107
127137
127176
127206
127236
127266
127296
127326
127356
127386
127416
127446
127476
127506
127536
127566
127596
127626
127656
127686
127716
127746
127776
127806
127846
127876
127906
127936
127966
127996
128026
128056
128086
128116
128146
128176
128206
128236
128266
128296
128326
128356
128386
128416
128446
128476
128506
128547
128577
128607
128637
128667
128697
128727
128757
128787
128817
128847
128877
128907
128937
128967
128997
129027
129057
129087
129117
129147
129177
129219
129249
129279
12929
129309
129339
129369
129399
129429
129459
129489
129519
129549
129579
12959
129609
129639
129669
129699
129729
129759
129789
129819
129849
12989
129892
129922
129952
129982
130012
130042
130072
130102
130132
130162
13019
130192
130222
130252
130282
130312
130342
130372
130402
130432
130462
130492
130522
130567
130597
130627
130657
130687
130717
130747
130777
130807
130837
130867
130897
130927
130957
130987
131017
131047
131077
131107
131137
131167
131197
131243
131273
131303
131333
131363
131393
131423
131453
131483
131513
131543
131573
131603
131633
131663
131693
131723
131753
131783
131813
131843
131873
131920
131950
131980
132010
132040
132070
132100
132130
132160
132190
132220
132250
132280
132310
132340
132370
132400
132430
132460
132490
132520
132550
132580
132629
132659
132689
132719
132749
132779
132809
132839
132869
132899
132929
132959
132989
133019
133049
133079
133109
133139
133169
133199
133229
133259
133309
133339
133369
133399
133429
133459
133489
133519
133549
133579
133609
133639
133669
133699
133729
133759
133789
133819
133849
133879
133909
133961
133991
134021
134051
134081
134111
134141
134171
134201
134231
134261
134291
134321
134351
134381
134411
134441
134471
134501
134531
134561
134591
134644
134674
134704
134734
134764
134794
134824
134854
134884
134914
134944
134974
135004
135034
135064
135094
135124
135154
135184
135214
135244
135274
135329
135359
135389
135419
135449
135479
135509
135539
135569
135599
135629
135659
135689
135719
135749
135779
135809
135839
135869
135899
135929
135959
136015
136045
136075
136105
13611
136135
136165
136195
136225
136255
136285
136315
136345
136375
136405
13641
136435
136465
136495
136525
136555
136585
136615
136645
136703
13671
136733
136763
136793
136823
136853
136883
136913
136943
136973
137003
13701
137033
137063
137093
137123
137153
137183
137213
137243
137273
137303
137363
137393
137423
137453
137483
137513
137543
137573
137603
137633
137663
137693
137723
137753
137783
137813
137843
137873
137903
137933
137963
137993
138055
138085
138115
138145
138175
138205
138235
138265
138295
138325
138355
138385
138415
138445
138475
138505
138535
138565
138595
138625
138655
138685
138749
138779
138809
138839
138869
138899
138929
138959
138989
139019
139049
139079
139109
139139
139169
139199
139229
139259
139289
139319
139349
139415
139445
139475
139505
139535
139565
139595
139625
139655
139685
139715
139745
139775
139805
139835
139865
139895
139925
139955
139985
140015
140083
140113
140143
140173
140203
140233
140263
140293
140323
140353
140383
140413
140443
140473
140503
140533
140563
140593
140623
140653
140683
140713
140783
140813
140843
140873
140903
140933
140963
140993
141023
141053
141083
141113
141143
141173
141203
141233
141263
141293
141323
141353
141383
141455
141485
141515
141545
141575
141605
141635
141665
141695
141725
141755
141785
141815
141845
141875
141905
141935
141965
141995
142025
142055
142129
142159
142189
142219
142249
142279
142309
142339
142369
142399
142429
142459
142489
142519
142549
142579
142609
142639
142669
142699
142729
142805
142835
142865
14287
142895
142925
142955
142985
143015
143045
143075
143105
143135
143165
14317
143195
143225
143255
143285
143315
143345
143375
143405
14347
143484
143514
143544
143574
143604
143634
143664
143694
143724
143754
14377
143784
143814
143844
143874
143904
143934
143964
143994
144024
144054
14407
144084
144165
144195
144225
144255
144285
144315
144345
144375
144405
144435
144465
144495
144525
144555
144585
144615
144645
144675
144705
144735
144765
144848
144878
144908
144938
144968
144998
145028
145058
145088
145118
145148
145178
145208
145238
145268
145298
145328
145358
145388
145418
145448
145534
145564
145594
145624
145654
145684
145714
145744
145774
145804
145834
145864
145894
145924
145954
145984
146014
146044
146074
146104
146134
146222
146252
146282
146312
146342
146372
146402
146432
146462
146492
146522
146552
146582
146612
146642
146672
146702
146732
146762
146792
146883
146913
146943
146973
147003
147033
147063
147093
147123
147153
147183
147213
147243
147273
147303
147333
147363
147393
147423
147453
147483
147577
147607
147637
147667
147697
147727
147757
147787
147817
147847
147877
147907
147937
147967
147997
148027
148057
148087
148117
148147
148243
148273
148303
148333
148363
148393
148423
148453
148483
148513
148543
148573
148603
148633
148663
148693
148723
148753
148783
148813
148843
148942
148972
149002
149032
149062
149092
149122
149152
149182
149212
149242
149272
149302
149332
149362
149392
149422
149452
149482
149512
149614
149644
149674
149704
149734
149764
149794
149824
149854
14986
149884
149914
149944
149974
150004
150034
150064
150094
150124
150154
15016
150184
150289
150319
150349
150379
150409
150439
15046
150469
150499
150529
150559
150589
150619
150649
150679
150709
150739
15076
150769
150799
150829
150859
150966
150996
151026
151056
151086
151116
151146
151176
151206
151236
151266
151296
151326
151356
151386
151416
151446
151476
151506
151536
151646
151676
151706
151736
151766
151796
151826
151856
151886
151916
151946
151976
152006
152036
152066
152096
152126
152156
152186
152216
152329
152359
152389
152419
152449
152479
152509
152539
152569
152599
152629
152659
152689
152719
152749
152779
152809
152839
152869
152899
153015
153045
153075
153105
153135
153165
153195
153225
153255
153285
153315
153345
153375
153405
153435
153465
153495
153525
153555
153585
153705
153735
153765
153795
153825
153855
153885
153915
153945
153975
154005
154035
154065
154095
154125
154155
154185
154215
154245
154368
154398
154428
154458
154488
154518
154548
154578
154608
154638
154668
154698
154728
154758
154788
154818
154848
154878
154908
154938
155064
155094
155124
155154
155184
155214
155244
155274
155304
155334
155364
155394
155424
155454
155484
155514
155544
155574
155604
155733
155763
155793
155823
155853
155883
155913
155943
155973
156003
156033
156063
156093
156123
156153
156183
156213
156243
156273
156405
156435
156465
15649
156495
156525
156555
156585
156615
156645
156675
156705
156735
156765
15679
156795
156825
156855
156885
156915
156945
157081
15709
157111
157141
157171
157201
157231
157261
157291
157321
157351
157381
15739
157411
157441
157471
157501
157531
157561
157591
157621
15769
157760
157790
157820
157850
157880
157910
157940
157970
158000
158030
158060
158090
158120
158150
158180
158210
158240
158270
158300
158442
158472
158502
158532
158562
158592
158622
158652
158682
158712
158742
158772
158802
158832
158862
158892
158922
158952
158982
159128
159158
159188
159218
159248
159278
159308
159338
159368
159398
159428
159458
159488
159518
159548
159578
159608
159638
159668
159818
159848
159878
159908
159938
159968
159998
160028
160058
160088
160118
160148
160178
160208
160238
160268
160298
160328
160481
160511
160541
160571
160601
160631
160661
160691
160721
160751
160781
160811
160841
160871
160901
160931
160961
160991
161021
161178
161208
161238
161268
161298
161328
161358
161388
161418
161448
161478
161508
161538
161568
161598
161628
161658
161688
161848
161878
161908
161938
161968
161998
162028
162058
162088
162118
162148
162178
162208
162238
162268
162298
162328
162358
162522
162552
162582
162612
162642
162672
162702
162732
162762
162792
162822
162852
162882
162912
162942
162972
163002
163032
163200
163230
163260
163290
163320
163350
16336
163380
163410
163440
163470
163500
163530
163560
163590
163620
163650
16366
163680
163710
163882
163912
163942
16396
163972
164002
164032
164062
164092
164122
164152
164182
164212
164242
16426
164272
164302
164332
164362
164392
16456
164568
164598
164628
164658
164688
164718
164748
164778
164808
164838
164868
164898
164928
164958
164988
165018
165048
165078
165257
165287
165317
165347
165377
165407
165437
165467
165497
165527
165557
165587
165617
165647
165677
165707
165737
165920
165950
165980
166010
166040
166070
166100
166130
166160
166190
166220
166250
166280
166310
166340
166370
166400
166430
166617
166647
166677
166707
166737
166767
166797
166827
166857
166887
166917
166947
166977
167007
167037
167067
167097
167288
167318
167348
167378
167408
167438
167468
167498
167528
167558
167588
167618
167648
167678
167708
167738
167768
167963
167993
168023
168053
168083
168113
168143
168173
168203
168233
168263
168293
168323
168353
168383
168413
168443
168643
168673
168703
168733
168763
168793
168823
168853
168883
168913
168943
168973
169003
169033
169063
169093
169123
169327
169357
169387
169417
169447
169477
169507
169537
169567
169597
169627
169657
169687
169717
169747
169777
169807
170015
170045
170075
170105
170135
170165
17017
170195
170225
170255
170285
170315
170345
170375
170405
170435
170465
17047
170495
170707
170737
170767
17077
170797
170827
170857
170887
170917
170947
170977
171007
171037
171067
17107
171097
171127
171157
17137
171374
171404
171434
171464
171494
171524
171554
171584
171614
171644
171674
171704
171734
171764
171794
171824
172045
172075
172105
172135
172165
172195
172225
172255
172285
172315
172345
172375
172405
172435
172465
172495
172720
172750
172780
172810
172840
172870
172900
172930
172960
172990
173020
173050
173080
173110
173140
173170
173400
173430
173460
173490
173520
173550
173580
173610
173640
173670
173700
173730
173760
173790
173820
173850
174084
174114
174144
174174
174204
174234
174264
174294
174324
174354
174384
174414
174444
174474
174504
174534
174773
174803
174833
174863
174893
174923
174953
174983
175013
175043
175073
175103
175133
175163
175193
175223
175466
175496
175526
175556
175586
175616
175646
175676
175706
175736
175766
175796
175826
175856
175886
176134
176164
176194
176224
176254
176284
176314
176344
176374
176404
176434
176464
176494
176524
176554
176806
176836
176866
176896
17692
176926
176956
176986
177016
177046
177076
177106
177136
177166
177196
17722
177226
177483
177513
17752
177543
177573
177603
177633
177663
177693
177723
177753
177783
177813
17782
177843
177873
177903
17812
178165
178195
178225
178255
178285
178315
178345
178375
178405
178435
178465
178495
178525
178555
178585
178851
178881
178911
178941
178971
179001
179031
179061
179091
179121
179151
179181
179211
179241
179271
179542
179572
179602
179632
179662
179692
179722
179752
179782
179812
179842
179872
179902
179932
180208
180238
180268
180298
180328
180358
180388
180418
180448
180478
180508
180538
180568
180598
180628
180909
180939
180969
180999
181029
181059
181089
181119
181149
181179
181209
181239
181269
181299
181585
181615
181645
181675
181705
181735
181765
181795
181825
181855
181885
181915
181945
181975
182266
182296
182326
182356
182386
182416
182446
182476
182506
182536
182566
182596
182626
182922
182952
182982
183012
183042
183072
183102
183132
183162
183192
183222
183252
183282
183312
18361
183613
183643
183673
183703
183733
183763
183793
183823
183853
183883
18391
183913
183943
183973
184003
18421
184309
184339
184369
184399
184429
184459
184489
18451
184519
184549
184579
184609
184639
184669
18481
184980
185010
185040
185070
185100
18511
185130
185160
185190
185220
185250
185280
185310
185340
185656
185686
185716
185746
185776
185806
185836
185866
185896
185926
185956
185986
186016
186337
186367
186397
186427
186457
186487
186517
186547
186577
186607
186637
186667
186697
187023
187053
187083
187113
187143
187173
187203
187233
187263
187293
187323
187353
187684
187714
187744
187774
187804
187834
187864
187894
187924
187954
187984
188014
188044
188381
188411
188441
188471
188501
188531
188561
188591
188621
188651
188681
188711
189053
189083
189113
189143
189173
189203
189233
189263
189293
189323
189353
189383
189730
189760
189790
189820
189850
189880
189910
189940
189970
190000
190030
190060
190413
190443
190473
190503
190533
19054
190563
190593
190623
190653
190683
190713
190743
19084
191101
191131
19114
191161
191191
191221
191251
191281
191311
191341
191371
191401
19144
19174
191764
191794
191824
191854
191884
191914
191944
191974
192004
192034
19204
192064
192094
192463
192493
192523
192553
192583
192613
192643
192673
192703
192733
192763
193137
193167
193197
193227
193257
193287
193317
193347
193377
193407
193437
193817
193847
193877
193907
193937
193967
193997
194027
194057
194087
194117
194502
194532
194562
194592
194622
194652
194682
194712
194742
194772
195163
195193
195223
195253
195283
195313
195343
195373
195403
195433
195463
195859
195889
195919
195949
195979
196009
196039
196069
196099
196129
196531
196561
196591
196621
196651
196681
196711
196741
196771
196801
197208
197238
197268
197298
197328
197358
197388
19741
197418
197448
197478
19771
197891
197921
197951
197981
19801
198011
198041
198071
198101
198131
198161
19831
198580
19861
198610
198640
198670
198700
198730
198760
198790
198820
19891
199244
199274
199304
199334
199364
199394
199424
199454
199484
199514
199944
199974
200004
200034
200064
200094
200124
200154
200184
200620
200650
200680
200710
200740
200770
200800
200830
200860
201302
201332
201362
201392
201422
201452
201482
201512
201542
201989
202019
202049
202079
202109
202139
202169
202199
202652
202682
202712
202742
202772
202802
202832
202862
203321
203351
203381
203411
203441
203471
203501
203531
203561
204026
204056
204086
204116
204146
204176
204206
20421
204236
2043
20451
204707
204737
204767
204797
20481
204827
204857
204887
20511
205364
205394
20541
205424
205454
205484
205514
205544
205574
20571
206057
206087
206117
206147
206177
206207
206237
206725
206755
206785
206815
206845
206875
206905
206935
207429
207459
207489
207519
207549
207579
207609
208109
208139
208169
208199
208229
208259
208765
208795
208825
208855
208885
208915
208945
209457
209487
209517
209547
209577
209607
210125
210155
210185
210215
210245
210275
210305
210829
210859
210889
210919
210949
21095
210979
21125
211509
211539
21155
211569
211599
211629
21185
21215
212166
212196
212226
212256
212286
212316
21245
212859
212889
212919
212949
212979
213528
213558
213588
213618
213648
214203
214233
214263
214293
214323
214884
214914
214944
214974
215004
215571
215601
215631
215661
215691
216264
216294
216324
216354
216933
216963
216993
217023
217609
21763
217639
217669
217699
21793
21823
218291
218321
218351
218381
21853
21883
218979
219009
219039
21913
21943
219643
219673
219703
219733
220343
220373
220403
221020
221050
221080
221703
221733
222362
222392
222422
223057
223087
223729
223759
224407
224437
22455
22485
225091
225121
22515
22545
22575
225781
22605
22635
226448
227121
227800
228485
230520
23141
23171
23201
23231
23261
23291
23321
23821
23851
23881
23911
23941
23971
24001
24495
24525
24555
24585
24615
24645
24675
25163
25193
25223
25253
25283
25313
25343
25373
25856
25886
25916
25946
25976
26006
26036
26066
26543
26573
26603
26633
26663
26693
26723
26753
27224
27254
27284
27314
27344
2735
27374
27404
27434
27899
27929
27959
27989
28019
28049
28079
28109
28568
28598
28628
28658
28688
28718
28748
28778
28808
29261
29291
29321
29351
29381
29411
29441
29471
29501
29948
29978
30008
30038
30068
30098
30128
30158
30600
30630
30660
30690
30720
30750
30780
30810
30840
30870
31306
31336
31366
31396
31426
31456
31486
31516
31546
31976
32006
32036
32066
32096
32126
32156
32186
32216
32640
32670
32700
32730
32760
32790
32820
32850
32880
32910
33329
33359
33389
33419
33449
33479
33509
33539
33569
33599
34012
34042
34072
34102
34132
34162
34192
3420
34222
34252
34282
34689
34719
34749
34779
34809
34839
34869
34899
34929
34959
35361
35391
35421
35451
35481
35511
35541
35571
35601
35631
35661
36057
36087
36117
36147
36177
36207
36237
36267
36297
36327
36357
36748
36778
36808
36838
36868
36898
36928
36958
36988
37018
37403
37433
37463
37493
37523
37553
37583
37613
37643
37673
37703
38083
38113
38143
38173
38203
38233
38263
38293
38323
38353
38383
38413
38787
38817
38847
38877
38907
38937
38967
38997
39027
39057
39087
39456
39486
39516
39546
39576
39606
39636
39666
39696
39726
39756
39786
40149
40179
40209
40239
40269
40299
40329
40359
40389
40419
40449
40807
40837
40867
40897
40927
40957
40987
4099
41017
41047
41077
41107
41137
41490
41520
41550
41580
41610
41640
41670
41700
41730
41760
41790
41820
42167
42197
42227
42257
42287
42317
42347
42377
42407
42437
42467
42497
42527
42869
42899
42929
42959
42989
43019
43049
43079
43109
43139
43169
43199
43536
43566
43596
43626
43656
43686
43716
43746
43776
43806
43836
43866
43896
44227
44257
44287
44317
44347
44377
44407
44437
44467
44497
44527
44557
44883
44913
44943
44973
45003
45033
45063
45093
45123
45153
45183
45213
45243
45564
45594
45624
45654
45684
45714
45744
45774
45804
45834
45864
45894
45924
46240
46270
46300
46330
46360
46390
46420
46450
46480
46510
46540
46570
46600
46630
46941
46971
47001
47031
47061
47091
47121
47151
47181
47211
47241
47271
47301
47607
47637
47667
47697
4772
47727
47757
47787
47817
47847
47877
47907
47937
47967
47997
4802
48298
48328
48358
48388
48418
48448
48478
48508
48538
48568
48598
48628
48658
48688
48984
49014
49044
49074
49104
49134
49164
49194
49224
49254
49284
49314
49344
49374
49665
49695
49725
49755
49785
49815
49845
49875
49905
49935
49965
49995
50025
50055
50341
50371
50401
50431
50461
50491
50521
50551
50581
50611
50641
50671
50701
50731
51012
51042
51072
51102
51132
51162
51192
51222
51252
51282
51312
51342
51372
51402
51432
51708
51738
51768
51798
51828
51858
51888
51918
51948
51978
52008
52038
52068
52098
52369
52399
52429
52459
52489
52519
52549
52579
52609
52639
52669
52699
52729
52759
52789
53055
53085
53115
53145
53175
53205
53235
53265
53295
53325
53355
53385
53415
53445
53475
53737
53767
53797
53827
53857
53887
53917
53947
53977
54007
54037
54067
54097
54127
54157
54414
54444
54474
54504
54534
54564
54594
54624
54654
54684
5469
54714
54744
54774
54804
54834
55086
55116
55146
55176
55206
55236
55266
55296
55326
55356
55386
55416
55446
55476
55506
55536
55784
55814
55844
55874
55904
55934
55964
55994
56024
56054
56084
56114
56144
56174
56204
56447
56477
56507
56537
56567
56597
56627
56657
56687
56717
56747
56777
56807
56837
56867
56897
57136
57166
57196
57226
57256
57286
57316
57346
57376
57406
57436
57466
57496
57526
57556
57586
57820
57850
57880
57910
57940
57970
58000
58030
58060
58090
58120
58150
58180
58210
58240
58270
58500
58530
58560
58590
58620
58650
58680
58710
58740
58770
58800
58830
58860
58890
58920
58950
59175
59205
59235
59265
59295
59325
59355
59385
59415
59445
59475
59505
59535
59565
59595
59625
59846
59876
59906
59936
59966
59996
60026
60056
60086
60116
60146
60176
60206
60236
60266
60296
60326
60543
60573
60603
60633
60663
60693
60723
60753
60783
60813
60843
60873
60903
60933
60963
60993
61205
61235
61265
6129
61295
61325
61355
61385
61415
61445
61475
61505
61535
61565
6159
61595
61625
61655
61685
61893
61923
61953
61983
62013
62043
62073
62103
62133
62163
62193
62223
62253
62283
62313
62343
62373
62577
62607
62637
62667
62697
62727
62757
62787
62817
62847
62877
62907
62937
62967
62997
63027
63057
63257
63287
63317
63347
63377
63407
63437
63467
63497
63527
63557
63587
63617
63647
63677
63707
63737
63932
63962
63992
64022
64052
64082
64112
64142
64172
64202
64232
64262
64292
64322
64352
64382
64412
64603
64633
64663
64693
64723
64753
64783
64813
64843
64873
64903
64933
64963
64993
65023
65053
65083
65113
65300
65330
65360
65390
65420
65450
65480
65510
65540
65570
65600
65630
65660
65690
65720
65750
65780
65963
65993
66023
66053
66083
66113
66143
66173
66203
66233
66263
66293
66323
66353
66383
66413
66443
66473
66652
66682
66712
66742
66772
66802
66832
66862
66892
66922
66952
66982
67012
67042
67072
67102
67132
67162
67338
67368
67398
67428
67458
67488
67518
67548
67578
67608
67638
67668
67698
67728
67758
67788
67818
67848
68020
68050
68080
68110
6813
68140
68170
68200
68230
68260
68290
68320
68350
68380
68410
6843
68440
68470
68500
68530
68698
68728
68758
68788
68818
68848
68878
68908
68938
68968
68998
69028
69058
69088
69118
69148
69178
69208
69372
69402
69432
69462
69492
69522
69552
69582
69612
69642
69672
69702
69732
69762
69792
69822
69852
69882
70042
70072
70102
70132
70162
70192
70222
70252
70282
70312
70342
70372
70402
70432
70462
70492
70522
70552
70582
70739
70769
70799
70829
70859
70889
70919
70949
70979
71009
71039
71069
71099
71129
71159
71189
71219
71249
71402
71432
71462
71492
71522
71552
71582
71612
71642
71672
71702
71732
71762
71792
71822
71852
71882
71912
71942
72092
72122
72152
72182
72212
72242
72272
72302
72332
72362
72392
72422
72452
72482
72512
72542
72572
72602
72632
72778
72808
72838
72868
72898
72928
72958
72988
73018
73048
73078
73108
73138
73168
73198
73228
73258
73288
73318
73460
73490
73520
73550
73580
73610
73640
73670
73700
73730
73760
73790
73820
73850
73880
73910
73940
73970
74000
74139
74169
74199
74229
74259
74289
74319
74349
74379
74409
74439
74469
74499
74529
74559
74589
74619
74649
74679
74815
74845
74875
74905
7491
74935
74965
74995
75025
75055
75085
75115
75145
75175
75205
7521
75235
75265
75295
75325
75355
75487
75517
75547
75577
75607
75637
75667
75697
75727
75757
75787
75817
75847
75877
75907
75937
75967
75997
76027
76057
76186
76216
76246
76276
76306
76336
76366
76396
76426
76456
76486
76516
76546
76576
76606
76636
76666
76696
76726
76852
76882
76912
76942
76972
77002
77032
77062
77092
77122
77152
77182
77212
77242
77272
77302
77332
77362
77392
77422
77545
77575
77605
77635
77665
77695
77725
77755
77785
77815
77845
77875
77905
77935
77965
77995
78025
78055
78085
78205
78235
78265
78295
78325
78355
78385
78415
78445
78475
78505
78535
78565
78595
78625
78655
78685
78715
78745
78775
78891
78921
78951
78981
79011
79041
79071
79101
79131
79161
79191
79221
79251
79281
79311
79341
79371
79401
79431
79461
79574
79604
79634
79664
79694
79724
79754
79784
79814
79844
79874
79904
79934
79964
79994
80024
80054
80084
80114
80144
80254
80284
80314
80344
80374
80404
80434
80464
80494
80524
80554
80584
80614
80644
80674
80704
80734
80764
80794
80824
80931
80961
80991
81021
81051
81081
81111
81141
81171
81201
81231
81261
81291
81321
81351
81381
81411
81441
81471
81501
81606
8163
81636
81666
81696
81726
81756
81786
81816
81846
81876
81906
8193
81936
81966
81996
82026
82056
82086
82116
82146
82176
82206
8223
82308
82338
82368
82398
82428
82458
82488
82518
82548
82578
82608
82638
82668
82698
82728
82758
82788
82818
82848
82878
82977
83007
83037
83067
83097
83127
83157
83187
83217
83247
83277
83307
83337
83367
83397
83427
83457
83487
83517
83547
83643
83673
83703
83733
83763
83793
83823
83853
83883
83913
83943
83973
84003
84033
84063
84093
84123
84153
84183
84213
84243
84337
84367
84397
84427
84457
84487
84517
84547
84577
84607
84637
84667
84697
84727
84757
84787
84817
84847
84877
84907
84937
85028
85058
85088
85118
85148
85178
85208
85238
85268
85298
85328
85358
85388
85418
85448
85478
85508
85538
85568
85598
85686
85716
85746
85776
85806
85836
85866
85896
85926
85956
85986
86016
86046
86076
86106
86136
86166
86196
86226
86256
86286
86372
86402
86432
86462
86492
86522
86552
86582
86612
86642
86672
86702
86732
86762
86792
86822
86852
86882
86912
86942
86972
87055
87085
87115
87145
87175
87205
87235
87265
87295
87325
87355
87385
87415
87445
87475
87505
87535
87565
87595
87625
87655
87736
87766
87796
87826
87856
87886
87916
87946
87976
88006
88036
88066
88096
88126
88156
88186
88216
88246
88276
88306
88336
88415
88445
88475
88505
88535
88565
8858
88595
88625
88655
88685
88715
88745
88775
88805
88835
88865
8888
88895
88925
88955
88985
89015
89091
89121
89151
8918
89181
89211
89241
89271
89301
89331
89361
89391
89421
89451
89481
89511
89541
89571
89601
89631
89661
89691
89765
89795
89825
89855
89885
89915
89945
89975
90005
90035
90065
90095
90125
90155
90185
90215
90245
90275
90305
90335
90365
90395
90467
90497
90527
90557
90587
90617
90647
90677
90707
90737
90767
90797
90827
90857
90887
90917
90947
90977
91007
91037
91067
91137
91167
91197
91227
91257
91287
91317
91347
91377
91407
91437
91467
91497
91527
91557
91587
91617
91647
91677
91707
91737
91805
91835
91865
91895
91925
91955
91985
92015
92045
92075
92105
92135
92165
92195
92225
92255
92285
92315
92345
92375
92405
92435
92501
92531
92561
92591
92621
92651
92681
92711
92741
92771
92801
92831
92861
92891
92921
92951
92981
93011
93041
93071
93101
93165
93195
93225
93255
93285
93315
93345
93375
93405
93435
93465
93495
93525
93555
93585
93615
93645
93675
93705
93735
93765
93795
93857
93887
93917
93947
93977
94007
94037
94067
94097
94127
94157
94187
94217
94247
94277
94307
94337
94367
94397
94427
94457
94487
94547
94577
94607
94637
94667
94697
94727
94757
94787
94817
94847
94877
94907
94937
94967
94997
95027
95057
95087
95117
95147
95205
95235
95265
95295
95325
95355
95385
95415
95445
9547
95475
95505
95535
95565
95595
95625
95655
95685
95715
95745
9577
95775
95805
95835
95891
95921
95951
95981
96011
96041
96071
96101
96131
96161
96191
96221
96251
96281
96311
96341
96371
96401
96431
96461
96491
96521
96576
96606
96636
96666
96696
96726
96756
96786
96816
96846
96876
96906
96936
96966
96996
97026
97056
97086
97116
97146
97176
97206
97259
97289
97319
97349
97379
97409
97439
97469
97499
97529
97559
97589
97619
97649
97679
97709
97739
97769
97799
97829
97859
97889
97941
97971
98001
98031
98061
98091
98121
98151
98181
98211
98241
98271
98301
98331
98361
98391
98421
98451
98481
98511
98541
98571
98621
98651
98681
98711
98741
98771
98801
98831
98861
98891
98921
98951
98981
99011
99041
99071
99101
99131
99161
99191
99221
99251
99300
99330
99360
99390
99420
99450
99480
99510
99540
99570
99600
99630
99660
99690
99720
99750
99780
99810
99840
99870
99900
99930
99977
