100028
100058
100088
100118
100148
100178
100208
100238
100268
100298
100328
100358
100388
100418
100448
100478
100508
100538
100568
100598
100644
100674
100704
100734
100764
100794
100824
100854
100884
100914
100944
100974
101004
101034
101064
101094
101124
101154
101184
101214
101244
101274
101304
101349
101379
101409
101439
101469
101499
101529
101559
101589
101619
101649
101679
101709
101739
101769
101799
101829
101859
101889
101919
101949
101979
102022
102052
102082
102112
102142
102172
102202
10221
102232
102262
102292
102322
102352
102382
102412
102442
102472
102502
10251
102532
102562
102592
102622
102652
102694
102724
102754
102784
10281
102814
102844
102874
102904
102934
102964
102994
103024
103054
103084
103114
103144
103174
103204
103234
103264
103294
103324
103365
103395
103425
103455
103485
103515
103545
103575
103605
103635
103665
103695
103725
103755
103785
103815
103845
103875
103905
103935
103965
103995
104025
104065
104095
104125
104155
104185
104215
104245
104275
104305
104335
104365
104395
104425
104455
104485
104515
104545
104575
104605
104635
104665
104695
104734
104764
104794
104824
104854
104884
104914
104944
104974
105004
105034
105064
105094
105124
105154
105184
105214
105244
105274
105304
105334
105364
105402
105432
105462
105492
105522
105552
105582
105612
105642
105672
105702
105732
105762
105792
105822
105852
105882
105912
105942
105972
106002
106032
106062
106099
106129
106159
106189
106219
106249
106279
106309
106339
106369
106399
106429
106459
106489
106519
106549
106579
106609
106639
106669
106699
106729
106765
106795
106825
106855
106885
106915
106945
106975
107005
107035
107065
107095
107125
107155
107185
107215
107245
107275
107305
107335
107365
107395
107425
107460
107490
107520
107550
107580
107610
107640
107670
107700
107730
107760
107790
107820
107850
107880
107910
107940
107970
108000
108030
108060
108090
108125
108155
108185
108215
108245
108275
108305
108335
108365
108395
108425
108455
108485
108515
108545
108575
108605
108635
108665
108695
108725
108755
108785
108819
108849
108879
108909
108939
108969
10898
108999
109029
109059
109089
109119
109149
109179
109209
109239
109269
10928
109299
109329
109359
109389
109419
109449
109482
109512
109542
109572
10958
109602
109632
109662
109692
109722
109752
109782
109812
109842
109872
109902
109932
109962
109992
110022
110052
110082
110112
110142
110175
110205
110235
110265
110295
110325
110355
110385
110415
110445
110475
110505
110535
110565
110595
110625
110655
110685
110715
110745
110775
110805
110835
110867
110897
110927
110957
110987
111017
111047
111077
111107
111137
111167
111197
111227
111257
111287
111317
111347
111377
111407
111437
111467
111497
111529
111559
111589
111619
111649
111679
111709
111739
111769
111799
111829
111859
111889
111919
111949
111979
112009
112039
112069
112099
112129
112159
112189
112221
112251
112281
112311
112341
112371
112401
112431
112461
112491
112521
112551
112581
112611
112641
112671
112701
112731
112761
112791
112821
112851
112882
112912
112942
112972
113002
113032
113062
113092
113122
113152
113182
113212
113242
113272
113302
113332
113362
113392
113422
113452
113482
113512
113542
113571
113601
113631
113661
113677
113707
113737
113767
113797
113827
113857
113887
113917
113947
113977
114007
114037
114067
114097
114127
114157
114190
114220
114251
114281
114311
114341
114368
114398
114428
114458
114488
114518
114548
114578
114608
114638
114668
114698
114728
114758
114788
114818
114870
114900
114931
114961
114991
115021
115029
115059
115089
115119
115149
115179
115209
115239
115269
115299
115329
115359
115389
115419
115449
115479
115509
115550
115580
115611
115641
115671
11568
115701
115720
115750
115780
115810
115840
115870
115900
115930
115960
11598
115990
116020
116050
116080
116110
116140
116170
116200
116230
116260
11628
116291
116321
116351
116381
116411
116441
116471
116501
116531
116561
11658
116591
116621
116651
116681
116711
116741
116771
116801
116831
116861
116910
116940
116971
117001
117031
117061
117072
117102
117132
117162
117192
117222
117252
117282
117312
117342
117372
117402
117432
117462
117492
117522
117552
117590
117620
117659
117689
117719
117749
117779
117809
117839
117869
117899
117929
117959
117989
118019
118049
118079
118109
118139
118169
118199
118229
118259
118289
118320
118350
118380
118410
118440
118470
118500
118530
118560
118590
118620
118650
118680
118710
118740
118770
118800
118830
118860
118890
118920
118950
118980
119011
119041
119071
119101
119131
119161
119191
119221
119251
119281
119311
119341
119371
119401
119431
119461
119491
119521
119551
119581
119611
119641
119671
119703
119733
119763
119793
119823
119853
119883
119913
119943
119973
120003
120033
120063
120093
120123
120153
120183
120213
120243
120273
120303
120333
120365
120395
120425
120455
120485
120515
120545
120575
120605
120635
120665
120695
120725
120755
120785
120815
120845
120875
120905
120935
120965
120995
121025
121057
121087
121117
121147
121177
121207
121237
121267
121297
121327
121357
121387
121417
121447
121477
121507
121537
121567
121597
121627
121657
121687
121720
121750
121780
121810
121840
121870
121900
121930
121960
121990
122020
122050
122080
122110
122140
122170
122200
122230
122260
122290
122320
122350
122380
122413
122443
122473
122503
122533
122563
122593
12262
122623
122653
122683
122713
122743
122773
122803
122833
122863
122893
12292
122923
122953
122983
123013
123043
123073
123107
123137
123167
123197
12322
123227
123257
123287
123317
123347
123377
123407
123437
123467
123497
123527
123557
123587
123617
123647
123677
123707
123737
123772
123802
123832
123862
123892
123922
123952
123982
124012
124042
124072
124102
124132
124162
124192
124222
124252
124282
124312
124342
124372
124402
124432
124467
124497
124527
124557
124587
124617
124647
124677
124707
124737
124767
124797
124827
124857
124887
124917
124947
124977
125007
125037
125067
125097
125133
125163
125193
125223
125253
125283
125313
125343
125373
125403
125433
125463
125493
125523
125553
125583
125613
125643
125673
125703
125733
125763
125800
125830
125860
125890
125920
125950
125980
126010
126040
126070
126100
126130
126160
126190
126220
126250
126280
126310
126340
126370
126400
126430
126460
126498
126528
126558
126588
126618
126648
126678
126708
126738
126768
126798
126828
126858
126888
126918
126948
126978
127008
127038
127068
127098
127128
127167
127197
127227
127257
127287
127317
127347
127377
127407
127437
127467
127497
127527
127557
127587
127617
127647
127677
127707
127737
127767
127797
127827
127867
127897
127927
127957
127987
128017
128047
128077
128107
128137
128167
128197
128227
128257
128287
128317
128347
128377
128407
128437
128467
128497
128538
128568
128598
128628
128658
128688
128718
128748
128778
128808
128838
128868
128898
128928
128958
128988
129018
129048
129078
129108
129138
129168
12920
129210
129240
129270
129300
129330
129360
129390
129420
129450
129480
12950
129510
129540
129570
129600
129630
129660
129690
129720
129750
129780
12980
129810
129840
129883
129913
129943
129973
130003
130033
130063
130093
13010
130123
130153
130183
130213
130243
130273
130303
130333
130363
130393
130423
130453
130483
130513
130543
130588
130618
130648
130678
130708
130738
130768
130798
130828
130858
130888
130918
130948
130978
131008
131038
131068
131098
131128
131158
131188
131218
131264
131294
131324
131354
131384
131414
131444
131474
131504
131534
131564
131594
131624
131654
131684
131714
131744
131774
131804
131834
131864
131894
131941
131971
132001
132031
132061
132091
132121
132151
132181
132211
132241
132271
132301
132331
132361
132391
132421
132451
132481
132511
132541
132571
132620
132650
132680
132710
132740
132770
132800
132830
132860
132890
132920
132950
132980
133010
133040
133070
133100
133130
133160
133190
133220
133250
133300
133330
133360
133390
133420
133450
133480
133510
133540
133570
133600
133630
133660
133690
133720
133750
133780
133810
133840
133870
133900
133930
133982
134012
134042
134072
134102
134132
134162
134192
134222
134252
134282
134312
134342
134372
134402
134432
134462
134492
134522
134552
134582
134612
134665
134695
134725
134755
134785
134815
134845
134875
134905
134935
134965
134995
135025
135055
135085
135115
135145
135175
135205
135235
135265
135320
135350
135380
135410
135440
135470
135500
135530
135560
135590
135620
135650
135680
135710
135740
135770
135800
135830
135860
135890
135920
135950
136006
13602
136036
136066
136096
136126
136156
136186
136216
136246
136276
136306
13632
136336
136366
136396
136426
136456
136486
136516
136546
136576
1366
136606
13662
136636
136694
136724
136754
136784
136814
136844
136874
136904
13692
136934
136964
136994
137024
137054
137084
137114
137144
137174
137204
13722
137234
137264
137294
137324
137384
137414
137444
137474
137504
137534
137564
137594
137624
137654
137684
137714
137744
137774
137804
137834
137864
137894
137924
137954
137984
138046
138076
138106
138136
138166
138196
138226
138256
138286
138316
138346
138376
138406
138436
138466
138496
138526
138556
138586
138616
138646
138676
138740
138770
138800
138830
138860
138890
138920
138950
138980
139010
139040
139070
139100
139130
139160
139190
139220
139250
139280
139310
139340
139406
139436
139466
139496
139526
139556
139586
139616
139646
139676
139706
139736
139766
139796
139826
139856
139886
139916
139946
139976
140006
140036
140104
140134
140164
140194
140224
140254
140284
140314
140344
140374
140404
140434
140464
140494
140524
140554
140584
140614
140644
140674
140704
140774
140804
140834
140864
140894
140924
140954
140984
141014
141044
141074
141104
141134
141164
141194
141224
141254
141284
141314
141344
141374
141446
141476
141506
141536
141566
141596
141626
141656
141686
141716
141746
141776
141806
141836
141866
141896
141926
141956
141986
142016
142046
142120
142150
142180
142210
142240
142270
142300
142330
142360
142390
142420
142450
142480
142510
142540
142570
142600
142630
142660
142690
142720
142750
142826
142856
142886
142916
142946
142976
143006
143036
143066
14308
143096
143126
143156
143186
143216
143246
143276
143306
143336
143366
14338
143396
143426
143505
143535
143565
143595
143625
143655
14368
143685
143715
143745
143775
143805
143835
143865
143895
143925
143955
14398
143985
144015
144045
144075
144105
144186
144216
144246
144276
144306
144336
144366
144396
144426
144456
144486
144516
144546
144576
144606
144636
144666
144696
144726
144756
144786
144869
144899
144929
144959
144989
145019
145049
145079
145109
145139
145169
145199
145229
145259
145289
145319
145349
145379
145409
145439
145525
145555
145585
145615
145645
145675
145705
145735
145765
145795
145825
145855
145885
145915
145945
145975
146005
146035
146065
146095
146125
146213
146243
146273
146303
146333
146363
146393
146423
146453
146483
146513
146543
146573
146603
146633
146663
146693
146723
146753
146783
146813
146904
146934
146964
146994
147024
147054
147084
147114
147144
147174
147204
147234
147264
147294
147324
147354
147384
147414
147444
147474
147568
147598
147628
147658
147688
147718
147748
147778
147808
147838
147868
147898
147928
147958
147988
148018
148048
148078
148108
148138
148168
148264
148294
148324
148354
148384
148414
148444
148474
148504
148534
148564
148594
148624
148654
148684
148714
148744
148774
148804
148834
148933
148963
148993
149023
149053
149083
149113
149143
149173
149203
149233
149263
149293
149323
149353
149383
149413
149443
149473
149503
149605
149635
149665
149695
149725
149755
14977
149785
149815
149845
149875
149905
149935
149965
149995
150025
150055
15007
150085
150115
150145
150175
150280
150310
150340
15037
150370
150400
150430
150460
150490
150520
150550
150580
150610
150640
15067
150670
150700
150730
150760
150790
150820
150850
150880
150987
151017
151047
151077
151107
151137
151167
151197
151227
151257
151287
151317
151347
151377
151407
151437
151467
151497
151527
151557
151667
151697
151727
151757
151787
151817
151847
151877
151907
151937
151967
151997
152027
152057
152087
152117
152147
152177
152207
152320
152350
152380
152410
152440
152470
152500
152530
152560
152590
152620
152650
152680
152710
152740
152770
152800
152830
152860
152890
153006
153036
153066
153096
153126
153156
153186
153216
153246
153276
153306
153336
153366
153396
153426
153456
153486
153516
153546
153576
153696
153726
153756
153786
153816
153846
153876
153906
153936
153966
153996
154026
154056
154086
154116
154146
154176
154206
154236
154266
154389
154419
154449
154479
154509
154539
154569
154599
154629
154659
154689
154719
154749
154779
154809
154839
154869
154899
154929
155055
155085
155115
155145
155175
155205
155235
155265
155295
155325
155355
155385
155415
155445
155475
155505
155535
155565
155595
155724
155754
155784
155814
155844
155874
155904
155934
155964
155994
156024
156054
156084
156114
156144
156174
156204
156234
156264
156294
15640
156426
156456
156486
156516
156546
156576
156606
156636
156666
156696
15670
156726
156756
156786
156816
156846
156876
156906
156936
156966
15700
157102
157132
157162
157192
157222
157252
157282
15730
157312
157342
157372
157402
157432
157462
157492
157522
157552
157582
15760
157612
157642
157781
157811
157841
157871
157901
157931
157961
157991
158021
158051
158081
158111
158141
158171
158201
158231
158261
158291
158321
158463
158493
158523
158553
158583
158613
158643
158673
158703
158733
158763
158793
158823
158853
158883
158913
158943
158973
159003
159149
159179
159209
159239
159269
159299
159329
159359
159389
159419
159449
159479
159509
159539
159569
159599
159629
159659
159809
159839
159869
159899
159929
159959
159989
160019
160049
160079
160109
160139
160169
160199
160229
160259
160289
160319
160349
160502
160532
160562
160592
160622
160652
160682
160712
160742
160772
160802
160832
160862
160892
160922
160952
160982
161012
161169
161199
161229
161259
161289
161319
161349
161379
161409
161439
161469
161499
161529
161559
161589
161619
161649
161679
161709
161869
161899
161929
161959
161989
162019
162049
162079
162109
162139
162169
162199
162229
162259
162289
162319
162349
162379
162543
162573
162603
162633
162663
162693
162723
162753
162783
162813
162843
162873
162903
162933
162963
162993
163023
163053
163221
163251
16327
163281
163311
163341
163371
163401
163431
163461
163491
163521
163551
16357
163581
163611
163641
163671
163701
163731
16387
163903
163933
163963
163993
164023
164053
164083
164113
164143
16417
164173
164203
164233
164263
164293
164323
164353
164383
164413
16447
164589
164619
164649
164679
164709
164739
164769
164799
164829
164859
164889
164919
164949
164979
165009
165039
165069
165248
165278
165308
165338
165368
165398
165428
165458
165488
165518
165548
165578
165608
165638
165668
165698
165728
165758
165941
165971
166001
166031
166061
166091
166121
166151
166181
166211
166241
166271
166301
166331
166361
166391
166421
166608
166638
166668
166698
166728
166758
166788
166818
166848
166878
166908
166938
166968
166998
167028
167058
167088
167118
167309
167339
167369
167399
167429
167459
167489
167519
167549
167579
167609
167639
167669
167699
167729
167759
167789
167984
168014
168044
168074
168104
168134
168164
168194
168224
168254
168284
168314
168344
168374
168404
168434
168464
168664
168694
168724
168754
168784
168814
168844
168874
168904
168934
168964
168994
169024
169054
169084
169114
169144
169348
169378
169408
169438
169468
169498
169528
169558
169588
169618
169648
169678
169708
169738
169768
169798
170006
170036
170066
17008
170096
170126
170156
170186
170216
170246
170276
170306
170336
170366
17038
170396
170426
170456
170486
17068
170698
170728
170758
170788
170818
170848
170878
170908
170938
170968
17098
170998
171028
171058
171088
171118
171148
17128
171365
171395
171425
171455
171485
171515
171545
171575
171605
171635
171665
171695
171725
171755
171785
171815
171845
172066
172096
172126
172156
172186
172216
172246
172276
172306
172336
172366
172396
172426
172456
172486
172516
172741
172771
172801
172831
172861
172891
172921
172951
172981
173011
173041
173071
173101
173131
173161
173191
173421
173451
173481
173511
173541
173571
173601
173631
173661
173691
173721
173751
173781
173811
173841
173871
174105
174135
174165
174195
174225
174255
174285
174315
174345
174375
174405
174435
174465
174495
174525
174764
174794
174824
174854
174884
174914
174944
174974
175004
175034
175064
175094
175124
175154
175184
175214
175457
175487
175517
175547
175577
175607
175637
175667
175697
175727
175757
175787
175817
175847
175877
176125
176155
176185
176215
176245
176275
176305
176335
176365
176395
176425
176455
176485
176515
176545
176575
176827
17683
176857
176887
176917
176947
176977
177007
177037
177067
177097
177127
17713
177157
177187
177217
177247
17743
177504
177534
177564
177594
177624
177654
177684
177714
17773
177744
177774
177804
177834
177864
177894
177924
17803
178186
178216
178246
178276
178306
17833
178336
178366
178396
178426
178456
178486
178516
178546
178576
178842
178872
178902
178932
178962
178992
179022
179052
179082
179112
179142
179172
179202
179232
179262
179533
179563
179593
179623
179653
179683
179713
179743
179773
179803
179833
179863
179893
179923
179953
180229
180259
180289
180319
180349
180379
180409
180439
180469
180499
180529
180559
180589
180619
180900
180930
180960
180990
181020
181050
181080
181110
181140
181170
181200
181230
181260
181290
181576
181606
181636
181666
181696
181726
181756
181786
181816
181846
181876
181906
181936
181966
182257
182287
182317
182347
182377
182407
182437
182467
182497
182527
182557
182587
182617
182647
182943
182973
183003
183033
183063
183093
183123
183153
183183
183213
183243
183273
183303
183604
183634
183664
183694
183724
183754
183784
183814
18382
183844
183874
183904
183934
183964
183994
18412
184300
184330
184360
184390
18442
184420
184450
184480
184510
184540
184570
184600
184630
184660
18472
184971
185001
18502
185031
185061
185091
185121
185151
185181
185211
185241
185271
185301
185331
185647
185677
185707
185737
185767
185797
185827
185857
185887
185917
185947
185977
186007
186328
186358
186388
186418
186448
186478
186508
186538
186568
186598
186628
186658
186688
187014
187044
187074
187104
187134
187164
187194
187224
187254
187284
187314
187344
187374
187705
187735
187765
187795
187825
187855
187885
187915
187945
187975
188005
188035
188372
188402
188432
188462
188492
188522
188552
188582
188612
188642
188672
188702
189044
189074
189104
189134
189164
189194
189224
189254
189284
189314
189344
189374
189721
189751
189781
189811
189841
189871
189901
189931
189961
189991
190021
190051
190404
190434
19045
190464
190494
190524
190554
190584
190614
190644
190674
190704
190734
19075
19105
191092
191122
191152
191182
191212
191242
191272
191302
191332
19135
191362
191392
191422
19165
191785
191815
191845
191875
191905
191935
19195
191965
191995
192025
192055
192085
192454
192484
192514
192544
192574
192604
192634
192664
192694
192724
192754
193128
193158
193188
193218
193248
193278
193308
193338
193368
193398
193428
193808
193838
193868
193898
193928
193958
193988
194018
194048
194078
194108
194493
194523
194553
194583
194613
194643
194673
194703
194733
194763
194793
195184
195214
195244
195274
195304
195334
195364
195394
195424
195454
195850
195880
195910
195940
195970
196000
196030
196060
196090
196120
196522
196552
196582
196612
196642
196672
196702
196732
196762
196792
196822
197229
197259
197289
197319
19732
197349
197379
197409
197439
197469
19762
197882
197912
19792
197942
197972
198002
198032
198062
198092
198122
198152
19822
19852
198571
198601
198631
198661
198691
198721
198751
198781
198811
19882
198841
199265
199295
199325
199355
199385
199415
199445
199475
199505
199935
199965
199995
200025
200055
200085
200115
200145
200175
200611
200641
200671
200701
200731
200761
200791
200821
200851
201293
201323
201353
201383
201413
201443
201473
201503
201533
201980
202010
202040
202070
202100
202130
202160
202190
202643
202673
202703
202733
202763
202793
202823
202853
202883
203342
203372
203402
203432
203462
203492
203522
203552
204017
204047
204077
204107
20412
204137
204167
204197
204227
20442
204698
20472
204728
204758
204788
204818
204848
204878
204908
20502
20532
205385
205415
205445
205475
205505
205535
205565
20562
206048
206078
206108
206138
206168
206198
206228
206258
206746
206776
206806
206836
206866
206896
206926
207420
207450
207480
207510
207540
207570
207600
208100
208130
208160
208190
208220
208250
208280
208786
208816
208846
208876
208906
208936
209448
209478
209508
209538
209568
209598
209628
210146
210176
210206
210236
210266
210296
210820
210850
21086
210880
210910
210940
210970
21116
21146
211500
211530
211560
211590
211620
211650
21176
21206
212187
212217
212247
212277
212307
21236
21266
212850
212880
212910
212940
212970
213000
213549
213579
213609
213639
213669
214224
214254
214284
214314
214344
214905
214935
214965
214995
215562
215592
215622
215652
215682
216255
216285
216315
216345
216924
216954
216984
217014
217600
217630
217660
217690
21784
21814
218282
218312
218342
218372
21844
21874
218970
219000
219030
21904
219060
21934
219664
219694
219724
220334
220364
220394
221011
221041
221071
221694
221724
221754
222383
222413
223048
223078
223720
223750
223780
224428
22446
22476
22506
225082
225112
22536
22566
225772
225802
22596
22626
226469
227142
227821
229168
23132
23162
23192
23222
23252
23282
23312
23812
23842
23872
23902
23932
23962
23992
24486
24516
24546
24576
24606
24636
24666
24696
25184
25214
25244
25274
25304
25334
25364
25847
25877
25907
25937
25967
25997
26027
26057
26534
26564
26594
26624
26654
26684
26714
26744
27215
27245
2726
27275
27305
27335
27365
27395
27425
27890
27920
27950
27980
28010
28040
28070
28100
28130
28589
28619
28649
28679
28709
28739
28769
28799
29252
29282
29312
29342
29372
29402
29432
29462
29492
29939
29969
29999
30029
30059
30089
30119
30149
30179
30621
30651
30681
30711
30741
30771
30801
30831
30861
31297
31327
31357
31387
31417
31447
31477
31507
31537
31967
31997
32027
32057
32087
32117
32147
32177
32207
32237
32661
32691
32721
32751
32781
32811
32841
32871
32901
33320
33350
33380
33410
33440
33470
33500
33530
33560
33590
34003
34033
34063
34093
3411
34123
34153
34183
34213
34243
34273
34680
34710
34740
34770
34800
34830
34860
34890
34920
34950
34980
35382
35412
35442
35472
35502
35532
35562
35592
35622
35652
36048
36078
36108
36138
36168
36198
36228
36258
36288
36318
36348
36739
36769
36799
36829
36859
36889
36919
36949
36979
37009
37039
37424
37454
37484
37514
37544
37574
37604
37634
37664
37694
37724
38104
38134
38164
38194
38224
38254
38284
38314
38344
38374
38404
38778
38808
38838
38868
38898
38928
38958
38988
39018
39048
39078
39447
39477
39507
39537
39567
39597
39627
39657
39687
39717
39747
39777
40140
40170
40200
40230
40260
40290
40320
40350
40380
40410
40440
40470
40828
40858
40888
4090
40918
40948
40978
41008
41038
41068
41098
41128
41481
41511
41541
41571
41601
41631
41661
41691
41721
41751
41781
41811
41841
42188
42218
42248
42278
42308
42338
42368
42398
42428
42458
42488
42518
42860
42890
42920
42950
42980
43010
43040
43070
43100
43130
43160
43190
43527
43557
43587
43617
43647
43677
43707
43737
43767
43797
43827
43857
43887
44218
44248
44278
44308
44338
44368
44398
44428
44458
44488
44518
44548
44578
44904
44934
44964
44994
45024
45054
45084
45114
45144
45174
45204
45234
45264
45585
45615
45645
45675
45705
45735
45765
45795
45825
45855
45885
45915
45945
46261
46291
46321
46351
46381
46411
46441
46471
46501
46531
46561
46591
46621
46932
46962
46992
47022
47052
47082
47112
47142
47172
47202
47232
47262
47292
47322
47628
4763
47658
47688
47718
47748
47778
47808
47838
47868
47898
47928
4793
47958
47988
48289
48319
48349
48379
48409
48439
48469
48499
48529
48559
48589
48619
48649
48679
48975
49005
49035
49065
49095
49125
49155
49185
49215
49245
49275
49305
49335
49365
49656
49686
49716
49746
49776
49806
49836
49866
49896
49926
49956
49986
50016
50046
50332
50362
50392
50422
50452
50482
50512
50542
50572
50602
50632
50662
50692
50722
51003
51033
51063
51093
51123
51153
51183
51213
51243
51273
51303
51333
51363
51393
51423
51699
51729
51759
51789
51819
51849
51879
51909
51939
51969
51999
52029
52059
52089
52360
52390
52420
52450
52480
52510
52540
52570
52600
52630
52660
52690
52720
52750
52780
53046
53076
53106
53136
53166
53196
53226
53256
53286
53316
53346
53376
53406
53436
53466
53728
53758
53788
53818
53848
53878
53908
53938
53968
53998
54028
54058
54088
54118
54148
54405
54435
54465
54495
54525
54555
54585
5460
54615
54645
54675
54705
54735
54765
54795
54825
54855
55107
55137
55167
55197
55227
55257
55287
55317
55347
55377
55407
55437
55467
55497
55527
55775
55805
55835
55865
55895
55925
55955
55985
56015
56045
56075
56105
56135
56165
56195
56225
56468
56498
56528
56558
56588
56618
56648
56678
56708
56738
56768
56798
56828
56858
56888
57127
57157
57187
57217
57247
57277
57307
57337
57367
57397
57427
57457
57487
57517
57547
57577
57811
57841
57871
57901
57931
57961
57991
58021
58051
58081
58111
58141
58171
58201
58231
58261
58491
58521
58551
58581
58611
58641
58671
58701
58731
58761
58791
58821
58851
58881
58911
58941
59166
59196
59226
59256
59286
59316
59346
59376
59406
59436
59466
59496
59526
59556
59586
59616
59646
59867
59897
59927
59957
59987
60017
60047
60077
60107
60137
60167
60197
60227
60257
60287
60317
60534
60564
60594
60624
60654
60684
60714
60744
60774
60804
60834
60864
60894
60924
60954
60984
61014
6120
61226
61256
61286
61316
61346
61376
61406
61436
61466
61496
6150
61526
61556
61586
61616
61646
61676
61884
61914
61944
61974
62004
62034
62064
62094
62124
62154
62184
62214
62244
62274
62304
62334
62364
62568
62598
62628
62658
62688
62718
62748
62778
62808
62838
62868
62898
62928
62958
62988
63018
63048
63248
63278
63308
63338
63368
63398
63428
63458
63488
63518
63548
63578
63608
63638
63668
63698
63728
63923
63953
63983
64013
64043
64073
64103
64133
64163
64193
64223
64253
64283
64313
64343
64373
64403
64433
64624
64654
64684
64714
64744
64774
64804
64834
64864
64894
64924
64954
64984
65014
65044
65074
65104
65291
65321
65351
65381
65411
65441
65471
65501
65531
65561
65591
65621
65651
65681
65711
65741
65771
65801
65984
66014
66044
66074
66104
66134
66164
66194
66224
66254
66284
66314
66344
66374
66404
66434
66464
66643
66673
66703
66733
66763
66793
66823
66853
66883
66913
66943
66973
67003
67033
67063
67093
67123
67153
67329
67359
67389
67419
67449
67479
67509
67539
67569
67599
67629
67659
67689
67719
67749
67779
67809
67839
68011
6804
68041
68071
68101
68131
68161
68191
68221
68251
68281
68311
6834
68341
68371
68401
68431
68461
68491
68521
68689
68719
68749
68779
68809
68839
68869
68899
68929
68959
68989
69019
69049
69079
69109
69139
69169
69199
69363
69393
69423
69453
69483
69513
69543
69573
69603
69633
69663
69693
69723
69753
69783
69813
69843
69873
69903
70063
70093
70123
70153
70183
70213
70243
70273
70303
70333
70363
70393
70423
70453
70483
70513
70543
70573
70730
70760
70790
70820
70850
70880
70910
70940
70970
71000
71030
71060
71090
71120
71150
71180
71210
71240
71270
71423
71453
71483
71513
71543
71573
71603
71633
71663
71693
71723
71753
71783
71813
71843
71873
71903
71933
72083
72113
72143
72173
72203
72233
72263
72293
72323
72353
72383
72413
72443
72473
72503
72533
72563
72593
72623
72769
72799
72829
72859
72889
72919
72949
72979
73009
73039
73069
73099
73129
73159
73189
73219
73249
73279
73309
73451
73481
73511
73541
73571
73601
73631
73661
73691
73721
73751
73781
73811
73841
73871
73901
73931
73961
73991
74130
74160
74190
74220
74250
74280
74310
74340
74370
74400
74430
74460
74490
74520
74550
74580
74610
74640
74670
74806
7482
74836
74866
74896
74926
74956
74986
75016
75046
75076
75106
7512
75136
75166
75196
75226
75256
75286
75316
75346
75376
7542
75508
75538
75568
75598
75628
75658
75688
75718
75748
75778
75808
75838
75868
75898
75928
75958
75988
76018
76048
76177
76207
76237
76267
76297
76327
76357
76387
76417
76447
76477
76507
76537
76567
76597
76627
76657
76687
76717
76843
76873
76903
76933
76963
76993
77023
77053
77083
77113
77143
77173
77203
77233
77263
77293
77323
77353
77383
77413
77536
77566
77596
77626
77656
77686
77716
77746
77776
77806
77836
77866
77896
77926
77956
77986
78016
78046
78076
78106
78226
78256
78286
78316
78346
78376
78406
78436
78466
78496
78526
78556
78586
78616
78646
78676
78706
78736
78766
78882
78912
78942
78972
79002
79032
79062
79092
79122
79152
79182
79212
79242
79272
79302
79332
79362
79392
79422
79452
79565
79595
79625
79655
79685
79715
79745
79775
79805
79835
79865
79895
79925
79955
79985
80015
80045
80075
80105
80135
80245
80275
80305
80335
80365
80395
80425
80455
80485
80515
80545
80575
80605
80635
80665
80695
80725
80755
80785
80815
80922
80952
80982
81012
81042
81072
81102
81132
81162
81192
81222
81252
81282
81312
81342
81372
81402
81432
81462
81492
81522
81627
81657
81687
81717
81747
81777
81807
81837
8184
81867
81897
81927
81957
81987
82017
82047
82077
82107
82137
8214
82167
82197
82299
82329
82359
82389
82419
82449
82479
82509
82539
82569
82599
82629
82659
82689
82719
82749
82779
82809
82839
82869
82968
82998
83028
83058
83088
83118
83148
83178
83208
83238
83268
83298
83328
83358
83388
83418
83448
83478
83508
83538
83568
83664
83694
83724
83754
83784
83814
83844
83874
83904
83934
83964
83994
84024
84054
84084
84114
84144
84174
84204
84234
84328
84358
84388
84418
84448
84478
84508
84538
84568
84598
84628
84658
84688
84718
84748
84778
84808
84838
84868
84898
84928
85019
85049
85079
85109
85139
85169
85199
85229
85259
85289
85319
85349
85379
85409
85439
85469
85499
85529
85559
85589
85619
85707
85737
85767
85797
85827
85857
85887
85917
85947
85977
86007
86037
86067
86097
86127
86157
86187
86217
86247
86277
86363
86393
86423
86453
86483
86513
86543
86573
86603
86633
86663
86693
86723
86753
86783
86813
86843
86873
86903
86933
86963
87046
87076
87106
87136
87166
87196
87226
87256
87286
87316
87346
87376
87406
87436
87466
87496
87526
87556
87586
87616
87646
87727
87757
87787
87817
87847
87877
87907
87937
87967
87997
88027
88057
88087
88117
88147
88177
88207
88237
88267
88297
88327
88406
88436
88466
8849
88496
88526
88556
88586
88616
88646
88676
88706
88736
88766
8879
88796
88826
88856
88886
88916
88946
88976
89006
89082
8909
89112
89142
89172
89202
89232
89262
89292
89322
89352
89382
89412
89442
89472
89502
89532
89562
89592
89622
89652
89682
89712
89786
89816
89846
89876
89906
89936
89966
89996
90026
90056
90086
90116
90146
90176
90206
90236
90266
90296
90326
90356
90386
90458
90488
90518
90548
90578
90608
90638
90668
90698
90728
90758
90788
90818
90848
90878
90908
90938
90968
90998
91028
91058
91128
91158
91188
91218
91248
91278
91308
91338
91368
91398
91428
91458
91488
91518
91548
91578
91608
91638
91668
91698
91728
91758
91826
91856
91886
91916
91946
91976
92006
92036
92066
92096
92126
92156
92186
92216
92246
92276
92306
92336
92366
92396
92426
92492
92522
92552
92582
92612
92642
92672
92702
92732
92762
92792
92822
92852
92882
92912
92942
92972
93002
93032
93062
93092
93122
93186
93216
93246
93276
93306
93336
93366
93396
93426
93456
93486
93516
93546
93576
93606
93636
93666
93696
93726
93756
93786
93848
93878
93908
93938
93968
93998
94028
94058
94088
94118
94148
94178
94208
94238
94268
94298
94328
94358
94388
94418
94448
94478
94538
94568
94598
94628
94658
94688
94718
94748
94778
94808
94838
94868
94898
94928
94958
94988
95018
95048
95078
95108
95138
95168
95226
95256
95286
95316
95346
95376
9538
95406
95436
95466
95496
95526
95556
95586
95616
95646
95676
9568
95706
95736
95766
95796
95826
95882
95912
95942
95972
9598
96002
96032
96062
96092
96122
96152
96182
96212
96242
96272
96302
96332
96362
96392
96422
96452
96482
96512
96567
96597
96627
96657
96687
96717
96747
96777
96807
96837
96867
96897
96927
96957
96987
97017
97047
97077
97107
97137
97167
97197
97250
97280
97310
97340
97370
97400
97430
97460
97490
97520
97550
97580
97610
97640
97670
97700
97730
97760
97790
97820
97850
97880
97932
97962
97992
98022
98052
98082
98112
98142
98172
98202
98232
98262
98292
98322
98352
98382
98412
98442
98472
98502
98532
98562
98612
98642
98672
98702
98732
98762
98792
98822
98852
98882
98912
98942
98972
99002
99032
99062
99092
99122
99152
99182
99212
99242
99291
99321
99351
99381
99411
99441
99471
99501
99531
99561
99591
99621
99651
99681
99711
99741
99771
99801
99831
99861
99891
99921
99968
99998
