100014
100044
100074
100104
100134
100164
100194
100224
100254
100284
100314
100344
100374
100404
100434
100464
100494
100524
100554
100584
100614
100660
100690
100720
100750
100780
100810
100840
100870
100900
100930
100960
100990
101020
101050
101080
101110
101140
101170
101200
101230
101260
101290
101335
101365
101395
101425
101455
101485
101515
101545
101575
101605
101635
101665
101695
101725
101755
101785
101815
101845
101875
101905
101935
101965
102008
102038
102068
10207
102098
102128
102158
102188
102218
102248
102278
102308
102338
102368
10237
102398
102428
102458
102488
102518
102548
102578
102608
102638
10267
102680
102710
102740
102770
102800
102830
102860
102890
102920
102950
102980
103010
103040
103070
103100
103130
103160
103190
103220
103250
103280
103310
103340
103381
103411
103441
103471
103501
103531
103561
103591
103621
103651
103681
103711
103741
103771
103801
103831
103861
103891
103921
103951
103981
104011
104051
104081
104111
104141
104171
104201
104231
104261
104291
104321
104351
104381
104411
104441
104471
104501
104531
104561
104591
104621
104651
104681
104720
104750
104780
104810
104840
104870
104900
104930
104960
104990
105020
105050
105080
105110
105140
105170
105200
105230
105260
105290
105320
105350
105380
105418
105448
105478
105508
105538
105568
105598
105628
105658
105688
105718
105748
105778
105808
105838
105868
105898
105928
105958
105988
106018
106048
106085
106115
106145
106175
106205
106235
106265
106295
106325
106355
106385
106415
106445
106475
106505
106535
106565
106595
106625
106655
106685
106715
106745
106781
106811
106841
106871
106901
106931
106961
106991
107021
107051
107081
107111
107141
107171
107201
107231
107261
107291
107321
107351
107381
107411
107446
107476
107506
107536
107566
107596
107626
107656
107686
107716
107746
107776
107806
107836
107866
107896
107926
107956
107986
108016
108046
108076
108106
108141
108171
108201
108231
108261
108291
108321
108351
108381
108411
108441
108471
108501
108531
108561
108591
108621
108651
108681
108711
108741
108771
108805
108835
10884
108865
108895
108925
108955
108985
109015
109045
109075
109105
109135
10914
109165
109195
109225
109255
109285
109315
109345
109375
109405
109435
10944
109465
109498
109528
109558
109588
109618
109648
109678
109708
109738
10974
109768
109798
109828
109858
109888
109918
109948
109978
110008
110038
110068
110098
110128
110161
110191
110221
110251
110281
110311
110341
110371
110401
110431
110461
110491
110521
110551
110581
110611
110641
110671
110701
110731
110761
110791
110821
110853
110883
110913
110943
110973
111003
111033
111063
111093
111123
111153
111183
111213
111243
111273
111303
111333
111363
111393
111423
111453
111483
111513
111545
111575
111605
111635
111665
111695
111725
111755
111785
111815
111845
111875
111905
111935
111965
111995
112025
112055
112085
112115
112145
112175
112207
112237
112267
112297
112327
112357
112387
112417
112447
112477
112507
112537
112567
112597
112627
112657
112687
112717
112747
112777
112807
112837
112867
112898
112928
112958
112988
113018
113048
113078
113108
113138
113168
113198
113228
113258
113288
113318
113348
113378
113408
113438
113468
113498
113528
113558
113587
113617
113647
113693
113723
113753
113783
113813
113843
113873
113903
113933
113963
113993
114023
114053
114083
114113
114143
114176
114206
114236
114267
114297
114327
114354
114384
114414
114444
114474
114504
114534
114564
114594
114624
114654
114684
114714
114744
114774
114804
114834
114856
114886
114916
114947
114977
115007
115045
115075
115105
115135
115165
115195
115225
115255
115285
115315
115345
115375
115405
115435
115465
115495
115536
115566
115596
115627
115657
115687
115706
115736
115766
115796
115826
11584
115856
115886
115916
115946
115976
116006
116036
116066
116096
116126
11614
116156
116186
116216
116246
116276
116307
116337
116367
116397
116427
11644
116457
116487
116517
116547
116577
116607
116637
116667
116697
116727
116757
116787
116817
116847
116877
116896
116926
116956
116987
117017
117047
117088
117118
117148
117178
117208
117238
117268
117298
117328
117358
117388
117418
117448
117478
117508
117538
117576
117606
117636
117645
117675
117705
117735
117765
117795
117825
117855
117885
117915
117945
117975
118005
118035
118065
118095
118125
118155
118185
118215
118245
118275
118305
118336
118366
118396
118426
118456
118486
118516
118546
118576
118606
118636
118666
118696
118726
118756
118786
118816
118846
118876
118906
118936
118966
118996
119027
119057
119087
119117
119147
119177
119207
119237
119267
119297
119327
119357
119387
119417
119447
119477
119507
119537
119567
119597
119627
119657
119689
119719
119749
119779
119809
119839
119869
119899
119929
119959
119989
120019
120049
120079
120109
120139
120169
120199
120229
120259
120289
120319
120349
120381
120411
120441
120471
120501
120531
120561
120591
120621
120651
120681
120711
120741
120771
120801
120831
120861
120891
120921
120951
120981
121011
121043
121073
121103
121133
121163
121193
121223
121253
121283
121313
121343
121373
121403
121433
121463
121493
121523
121553
121583
121613
121643
121673
121703
121736
121766
121796
121826
121856
121886
121916
121946
121976
122006
122036
122066
122096
122126
122156
122186
122216
122246
122276
122306
122336
122366
122396
122429
122459
12248
122489
122519
122549
122579
122609
122639
122669
122699
122729
122759
12278
122789
122819
122849
122879
122909
122939
122969
122999
123029
123059
12308
123093
123123
123153
123183
123213
123243
123273
123303
123333
123363
12338
123393
123423
123453
123483
123513
123543
123573
123603
123633
123663
123693
123723
123753
123788
123818
123848
123878
123908
123938
123968
123998
124028
124058
124088
124118
124148
124178
124208
124238
124268
124298
124328
124358
124388
124418
124453
124483
124513
124543
124573
124603
124633
124663
124693
124723
124753
124783
124813
124843
124873
124903
124933
124963
124993
125023
125053
125083
125113
125149
125179
125209
125239
125269
125299
125329
125359
125389
125419
125449
125479
125509
125539
125569
125599
125629
125659
125689
125719
125749
125779
125816
125846
125876
125906
125936
125966
125996
126026
126056
126086
126116
126146
126176
126206
126236
126266
126296
126326
126356
126386
126416
126446
126484
126514
126544
126574
126604
126634
126664
126694
126724
126754
126784
126814
126844
126874
126904
126934
126964
126994
127024
127054
127084
127114
127144
127183
127213
127243
127273
127303
127333
127363
127393
127423
127453
127483
127513
127543
127573
127603
127633
127663
127693
127723
127753
127783
127813
127853
127883
127913
127943
127973
128003
128033
128063
128093
128123
128153
128183
128213
128243
128273
128303
128333
128363
128393
128423
128453
128483
128524
128554
128584
128614
128644
128674
128704
128734
128764
128794
128824
128854
128884
128914
128944
128974
129004
129034
129064
129094
129124
129154
129184
129226
129256
129286
129316
129346
12936
129376
129406
129436
129466
129496
129526
129556
129586
129616
129646
12966
129676
129706
129736
129766
129796
129826
129856
129899
129929
129959
12996
129989
130019
130049
130079
130109
130139
130169
130199
130229
130259
13026
130289
130319
130349
130379
130409
130439
130469
130499
130529
130574
130604
130634
130664
130694
130724
130754
130784
130814
130844
130874
130904
130934
130964
130994
131024
131054
131084
131114
131144
131174
131204
131250
131280
131310
131340
131370
131400
131430
131460
131490
131520
131550
131580
131610
131640
131670
131700
131730
131760
131790
131820
131850
131880
131927
131957
131987
132017
132047
132077
132107
132137
132167
132197
132227
132257
132287
132317
132347
132377
132407
132437
132467
132497
132527
132557
132606
132636
132666
132696
132726
132756
132786
132816
132846
132876
132906
132936
132966
132996
133026
133056
133086
133116
133146
133176
133206
133236
133286
133316
133346
133376
133406
133436
133466
133496
133526
133556
133586
133616
133646
133676
133706
133736
133766
133796
133826
133856
133886
133916
133968
133998
134028
134058
134088
134118
134148
134178
134208
134238
134268
134298
134328
134358
134388
134418
134448
134478
134508
134538
134568
134598
134651
134681
134711
134741
134771
134801
134831
134861
134891
134921
134951
134981
135011
135041
135071
135101
135131
135161
135191
135221
135251
135281
135336
135366
135396
135426
135456
135486
135516
135546
135576
135606
135636
135666
135696
135726
135756
135786
135816
135846
135876
135906
135936
135966
136022
136052
136082
136112
136142
136172
13618
136202
136232
136262
136292
136322
136352
136382
136412
136442
136472
13648
136502
136532
136562
136592
136622
136680
136710
136740
136770
13678
136800
136830
136860
136890
136920
136950
136980
137010
137040
137070
13708
137100
137130
137160
137190
137220
137250
137280
137310
137370
137400
137430
137460
137490
137520
137550
137580
137610
137640
137670
137700
137730
137760
137790
137820
137850
137880
137910
137940
137970
138000
138062
138092
138122
138152
138182
138212
138242
138272
138302
138332
138362
138392
138422
138452
138482
138512
138542
138572
138602
138632
138662
138726
138756
138786
138816
138846
138876
138906
138936
138966
138996
139026
139056
139086
139116
139146
139176
139206
139236
139266
139296
139326
139356
139422
139452
139482
139512
139542
139572
139602
139632
139662
139692
139722
139752
139782
139812
139842
139872
139902
139932
139962
139992
140022
140090
140120
140150
140180
140210
140240
140270
140300
140330
140360
140390
140420
140450
140480
140510
140540
140570
140600
140630
140660
140690
140760
140790
140820
140850
140880
140910
140940
140970
141000
141030
141060
141090
141120
141150
141180
141210
141240
141270
141300
141330
141360
141390
141462
141492
141522
141552
141582
141612
141642
141672
141702
141732
141762
141792
141822
141852
141882
141912
141942
141972
142002
142032
142062
142136
142166
142196
142226
142256
142286
142316
142346
142376
142406
142436
142466
142496
142526
142556
142586
142616
142646
142676
142706
142736
142812
142842
142872
142902
142932
14294
142962
142992
143022
143052
143082
143112
143142
143172
143202
143232
14324
143262
143292
143322
143352
143382
143412
143491
143521
14354
143551
143581
143611
143641
143671
143701
143731
143761
143791
143821
14384
143851
143881
143911
143941
143971
144001
144031
144061
144091
144172
144202
144232
144262
144292
144322
144352
144382
144412
144442
144472
144502
144532
144562
144592
144622
144652
144682
144712
144742
144772
144855
144885
144915
144945
144975
145005
145035
145065
145095
145125
145155
145185
145215
145245
145275
145305
145335
145365
145395
145425
145455
145541
145571
145601
145631
145661
145691
145721
145751
145781
145811
145841
145871
145901
145931
145961
145991
146021
146051
146081
146111
146141
146229
146259
146289
146319
146349
146379
146409
146439
146469
146499
146529
146559
146589
146619
146649
146679
146709
146739
146769
146799
146890
146920
146950
146980
147010
147040
147070
147100
147130
147160
147190
147220
147250
147280
147310
147340
147370
147400
147430
147460
147490
147584
147614
147644
147674
147704
147734
147764
147794
147824
147854
147884
147914
147944
147974
148004
148034
148064
148094
148124
148154
148250
148280
148310
148340
148370
148400
148430
148460
148490
148520
148550
148580
148610
148640
148670
148700
148730
148760
148790
148820
148850
148949
148979
149009
149039
149069
149099
149129
149159
149189
149219
149249
149279
149309
149339
149369
149399
149429
149459
149489
149519
149621
14963
149651
149681
149711
149741
149771
149801
149831
149861
149891
149921
14993
149951
149981
150011
150041
150071
150101
150131
150161
150191
15023
150296
150326
150356
150386
150416
150446
150476
150506
15053
150536
150566
150596
150626
150656
150686
150716
150746
150776
150806
15083
150836
150866
150973
151003
151033
151063
151093
151123
151153
151183
151213
151243
151273
151303
151333
151363
151393
151423
151453
151483
151513
151543
151653
151683
151713
151743
151773
151803
151833
151863
151893
151923
151953
151983
152013
152043
152073
152103
152133
152163
152193
152223
152336
152366
152396
152426
152456
152486
152516
152546
152576
152606
152636
152666
152696
152726
152756
152786
152816
152846
152876
152906
153022
153052
153082
153112
153142
153172
153202
153232
153262
153292
153322
153352
153382
153412
153442
153472
153502
153532
153562
153682
153712
153742
153772
153802
153832
153862
153892
153922
153952
153982
154012
154042
154072
154102
154132
154162
154192
154222
154252
154375
154405
154435
154465
154495
154525
154555
154585
154615
154645
154675
154705
154735
154765
154795
154825
154855
154885
154915
155041
155071
155101
155131
155161
155191
155221
155251
155281
155311
155341
155371
155401
155431
155461
155491
155521
155551
155581
155611
155740
155770
155800
155830
155860
155890
155920
155950
155980
156010
156040
156070
156100
156130
156160
156190
156220
156250
156280
156412
156442
156472
156502
156532
15656
156562
156592
156622
156652
156682
156712
156742
156772
156802
156832
15686
156862
156892
156922
156952
157088
157118
157148
15716
157178
157208
157238
157268
157298
157328
157358
157388
157418
157448
15746
157478
157508
157538
157568
157598
157628
15776
157767
157797
157827
157857
157887
157917
157947
157977
158007
158037
158067
158097
158127
158157
158187
158217
158247
158277
158307
158449
158479
158509
158539
158569
158599
158629
158659
158689
158719
158749
158779
158809
158839
158869
158899
158929
158959
158989
159135
159165
159195
159225
159255
159285
159315
159345
159375
159405
159435
159465
159495
159525
159555
159585
159615
159645
159675
159825
159855
159885
159915
159945
159975
160005
160035
160065
160095
160125
160155
160185
160215
160245
160275
160305
160335
160488
160518
160548
160578
160608
160638
160668
160698
160728
160758
160788
160818
160848
160878
160908
160938
160968
160998
161028
161185
161215
161245
161275
161305
161335
161365
161395
161425
161455
161485
161515
161545
161575
161605
161635
161665
161695
161855
161885
161915
161945
161975
162005
162035
162065
162095
162125
162155
162185
162215
162245
162275
162305
162335
162365
162529
162559
162589
162619
162649
162679
162709
162739
162769
162799
162829
162859
162889
162919
162949
162979
163009
163039
163207
163237
163267
163297
163327
163357
163387
163417
16343
163447
163477
163507
163537
163567
163597
163627
163657
163687
163717
16373
163889
163919
163949
163979
164009
16403
164039
164069
164099
164129
164159
164189
164219
164249
164279
164309
16433
164339
164369
164399
164575
164605
16463
164635
164665
164695
164725
164755
164785
164815
164845
164875
164905
164935
164965
164995
165025
165055
165085
165264
165294
165324
165354
165384
165414
165444
165474
165504
165534
165564
165594
165624
165654
165684
165714
165744
165927
165957
165987
166017
166047
166077
166107
166137
166167
166197
166227
166257
166287
166317
166347
166377
166407
166437
166624
166654
166684
166714
166744
166774
166804
166834
166864
166894
166924
166954
166984
167014
167044
167074
167104
167295
167325
167355
167385
167415
167445
167475
167505
167535
167565
167595
167625
167655
167685
167715
167745
167775
167970
168000
168030
168060
168090
168120
168150
168180
168210
168240
168270
168300
168330
168360
168390
168420
168450
168650
168680
168710
168740
168770
168800
168830
168860
168890
168920
168950
168980
169010
169040
169070
169100
169130
169334
169364
169394
169424
169454
169484
169514
169544
169574
169604
169634
169664
169694
169724
169754
169784
169814
170022
170052
170082
170112
170142
170172
170202
170232
17024
170262
170292
170322
170352
170382
170412
170442
170472
17054
170684
170714
170744
170774
170804
170834
17084
170864
170894
170924
170954
170984
171014
171044
171074
171104
171134
17114
171164
171381
171411
17144
171441
171471
171501
171531
171561
171591
171621
171651
171681
171711
171741
171771
171801
171831
172052
172082
172112
172142
172172
172202
172232
172262
172292
172322
172352
172382
172412
172442
172472
172502
172727
172757
172787
172817
172847
172877
172907
172937
172967
172997
173027
173057
173087
173117
173147
173177
173407
173437
173467
173497
173527
173557
173587
173617
173647
173677
173707
173737
173767
173797
173827
173857
174091
174121
174151
174181
174211
174241
174271
174301
174331
174361
174391
174421
174451
174481
174511
174541
174780
174810
174840
174870
174900
174930
174960
174990
175020
175050
175080
175110
175140
175170
175200
175443
175473
175503
175533
175563
175593
175623
175653
175683
175713
175743
175773
175803
175833
175863
175893
176141
176171
176201
176231
176261
176291
176321
176351
176381
176411
176441
176471
176501
176531
176561
176813
176843
176873
176903
176933
176963
17699
176993
177023
177053
177083
177113
177143
177173
177203
177233
17729
177490
177520
177550
177580
17759
177610
177640
177670
177700
177730
177760
177790
177820
177850
177880
17789
177910
178172
17819
178202
178232
178262
178292
178322
178352
178382
178412
178442
178472
178502
178532
178562
178592
178858
178888
178918
178948
178978
179008
179038
179068
179098
179128
179158
179188
179218
179248
179278
179549
179579
179609
179639
179669
179699
179729
179759
179789
179819
179849
179879
179909
179939
180215
180245
180275
180305
180335
180365
180395
180425
180455
180485
180515
180545
180575
180605
180886
180916
180946
180976
181006
181036
181066
181096
181126
181156
181186
181216
181246
181276
181562
181592
181622
181652
181682
181712
181742
181772
181802
181832
181862
181892
181922
181952
182243
182273
182303
182333
182363
182393
182423
182453
182483
182513
182543
182573
182603
182633
182929
182959
182989
183019
183049
183079
183109
183139
183169
183199
183229
183259
183289
183319
183620
183650
18368
183680
183710
183740
183770
183800
183830
183860
183890
183920
183950
18398
183980
18428
184286
184316
184346
184376
184406
184436
184466
184496
184526
184556
18458
184586
184616
184646
184676
18488
184987
185017
185047
185077
185107
185137
185167
18518
185197
185227
185257
185287
185317
185347
185663
185693
185723
185753
185783
185813
185843
185873
185903
185933
185963
185993
186023
186344
186374
186404
186434
186464
186494
186524
186554
186584
186614
186644
186674
187000
187030
187060
187090
187120
187150
187180
187210
187240
187270
187300
187330
187360
187691
187721
187751
187781
187811
187841
187871
187901
187931
187961
187991
188021
188051
188388
188418
188448
188478
188508
188538
188568
188598
188628
188658
188688
188718
189060
189090
189120
189150
189180
189210
189240
189270
189300
189330
189360
189390
189737
189767
189797
189827
189857
189887
189917
189947
189977
190007
190037
190067
190420
190450
190480
190510
190540
190570
190600
19061
190630
190660
190690
190720
190750
19091
191108
191138
191168
191198
19121
191228
191258
191288
191318
191348
191378
191408
19151
191771
191801
19181
191831
191861
191891
191921
191951
191981
192011
192041
192071
19211
192440
192470
192500
192530
192560
192590
192620
192650
192680
192710
192740
192770
193144
193174
193204
193234
193264
193294
193324
193354
193384
193414
193444
193824
193854
193884
193914
193944
193974
194004
194034
194064
194094
194124
194509
194539
194569
194599
194629
194659
194689
194719
194749
194779
195170
195200
195230
195260
195290
195320
195350
195380
195410
195440
195470
195866
195896
195926
195956
195986
196016
196046
196076
196106
196136
196538
196568
196598
196628
196658
196688
196718
196748
196778
196808
197215
197245
197275
197305
197335
197365
197395
197425
197455
19748
197485
19778
197898
197928
197958
197988
198018
198048
198078
19808
198108
198138
198168
19838
198587
198617
198647
198677
19868
198707
198737
198767
198797
198827
19898
199251
199281
199311
199341
199371
199401
199431
199461
199491
199921
199951
199981
200011
200041
200071
200101
200131
200161
200191
200627
200657
200687
200717
200747
200777
200807
200837
200867
201309
201339
201369
201399
201429
201459
201489
201519
201966
201996
202026
202056
202086
202116
202146
202176
202206
202659
202689
202719
202749
202779
202809
202839
202869
203328
203358
203388
203418
203448
203478
203508
203538
204003
204033
204063
204093
204123
204153
204183
204213
20428
20458
204684
204714
204744
204774
204804
204834
204864
20488
204894
2050
20518
205371
205401
205431
205461
20548
205491
205521
205551
205581
20578
206064
206094
206124
206154
206184
206214
206244
206732
206762
206792
206822
206852
206882
206912
207406
207436
207466
207496
207526
207556
207586
208086
208116
208146
208176
208206
208236
208266
208772
208802
208832
208862
208892
208922
208952
209464
209494
209524
209554
209584
209614
210132
210162
210192
210222
210252
210282
210806
210836
210866
210896
210926
210956
21102
21132
211486
211516
211546
211576
211606
21162
211636
21192
212173
212203
21222
212233
212263
212293
212323
21252
212866
212896
212926
212956
212986
213535
213565
213595
213625
213655
214210
214240
214270
214300
214330
214891
214921
214951
214981
215011
215578
215608
215638
215668
216241
216271
216301
216331
216361
216940
216970
217000
217030
217616
217646
217676
21770
217706
21800
218298
21830
218328
218358
218388
21860
21890
218986
219016
219046
21920
21950
219650
219680
219710
220320
220350
220380
220410
221027
221057
221680
221710
221740
222369
222399
222429
223064
223094
223736
223766
224414
224444
22462
22492
225098
225128
22522
22552
225788
22582
22612
22642
226455
227128
227807
228492
23148
23178
23208
23238
23268
23298
23328
23828
23858
23888
23918
23948
23978
24008
24502
24532
24562
24592
24622
24652
24682
25170
25200
25230
25260
25290
25320
25350
25380
25863
25893
25923
25953
25983
26013
26043
26520
26550
26580
26610
26640
26670
26700
26730
27201
27231
27261
27291
27321
27351
27381
27411
2742
27441
27906
27936
27966
27996
28026
28056
28086
28116
28575
28605
28635
28665
28695
28725
28755
28785
28815
29268
29298
29328
29358
29388
29418
29448
29478
29925
29955
29985
30015
30045
30075
30105
30135
30165
30607
30637
30667
30697
30727
30757
30787
30817
30847
31283
31313
31343
31373
31403
31433
31463
31493
31523
31553
31983
32013
32043
32073
32103
32133
32163
32193
32223
32647
32677
32707
32737
32767
32797
32827
32857
32887
32917
33336
33366
33396
33426
33456
33486
33516
33546
33576
33606
34019
34049
34079
34109
34139
34169
34199
34229
34259
3427
34289
34696
34726
34756
34786
34816
34846
34876
34906
34936
34966
35368
35398
35428
35458
35488
35518
35548
35578
35608
35638
35668
36064
36094
36124
36154
36184
36214
36244
36274
36304
36334
36725
36755
36785
36815
36845
36875
36905
36935
36965
36995
37025
37410
37440
37470
37500
37530
37560
37590
37620
37650
37680
37710
38090
38120
38150
38180
38210
38240
38270
38300
38330
38360
38390
38764
38794
38824
38854
38884
38914
38944
38974
39004
39034
39064
39094
39463
39493
39523
39553
39583
39613
39643
39673
39703
39733
39763
40126
40156
40186
40216
40246
40276
40306
40336
40366
40396
40426
40456
40814
40844
40874
40904
40934
40964
40994
41024
41054
4106
41084
41114
41144
41497
41527
41557
41587
41617
41647
41677
41707
41737
41767
41797
41827
42174
42204
42234
42264
42294
42324
42354
42384
42414
42444
42474
42504
42846
42876
42906
42936
42966
42996
43026
43056
43086
43116
43146
43176
43206
43543
43573
43603
43633
43663
43693
43723
43753
43783
43813
43843
43873
44204
44234
44264
44294
44324
44354
44384
44414
44444
44474
44504
44534
44564
44890
44920
44950
44980
45010
45040
45070
45100
45130
45160
45190
45220
45250
45571
45601
45631
45661
45691
45721
45751
45781
45811
45841
45871
45901
45931
46247
46277
46307
46337
46367
46397
46427
46457
46487
46517
46547
46577
46607
46637
46948
46978
47008
47038
47068
47098
47128
47158
47188
47218
47248
47278
47308
47614
47644
47674
47704
47734
47764
4779
47794
47824
47854
47884
47914
47944
47974
48004
48305
48335
48365
48395
48425
48455
48485
48515
48545
48575
48605
48635
48665
48961
48991
49021
49051
49081
49111
49141
49171
49201
49231
49261
49291
49321
49351
49642
49672
49702
49732
49762
49792
49822
49852
49882
49912
49942
49972
50002
50032
50062
50348
50378
50408
50438
50468
50498
50528
50558
50588
50618
50648
50678
50708
50738
51019
51049
51079
51109
51139
51169
51199
51229
51259
51289
51319
51349
51379
51409
51685
51715
51745
51775
51805
51835
51865
51895
51925
51955
51985
52015
52045
52075
52105
52376
52406
52436
52466
52496
52526
52556
52586
52616
52646
52676
52706
52736
52766
52796
53062
53092
53122
53152
53182
53212
53242
53272
53302
53332
53362
53392
53422
53452
53482
53744
53774
53804
53834
53864
53894
53924
53954
53984
54014
54044
54074
54104
54134
54164
54421
54451
5446
54481
54511
54541
54571
54601
54631
54661
54691
54721
54751
5476
54781
54811
54841
55093
55123
55153
55183
55213
55243
55273
55303
55333
55363
55393
55423
55453
55483
55513
55761
55791
55821
55851
55881
55911
55941
55971
56001
56031
56061
56091
56121
56151
56181
56211
56454
56484
56514
56544
56574
56604
56634
56664
56694
56724
56754
56784
56814
56844
56874
56904
57143
57173
57203
57233
57263
57293
57323
57353
57383
57413
57443
57473
57503
57533
57563
57593
57827
57857
57887
57917
57947
57977
58007
58037
58067
58097
58127
58157
58187
58217
58247
58277
58507
58537
58567
58597
58627
58657
58687
58717
58747
58777
58807
58837
58867
58897
58927
58957
59182
59212
59242
59272
59302
59332
59362
59392
59422
59452
59482
59512
59542
59572
59602
59632
59853
59883
59913
59943
59973
60003
60033
60063
60093
60123
60153
60183
60213
60243
60273
60303
60520
60550
60580
60610
60640
60670
60700
60730
60760
60790
60820
60850
60880
60910
60940
60970
61000
61212
61242
61272
61302
61332
6136
61362
61392
61422
61452
61482
61512
61542
61572
61602
61632
6166
61662
61692
61900
61930
61960
61990
62020
62050
62080
62110
62140
62170
62200
62230
62260
62290
62320
62350
62380
62584
62614
62644
62674
62704
62734
62764
62794
62824
62854
62884
62914
62944
62974
63004
63034
63064
63264
63294
63324
63354
63384
63414
63444
63474
63504
63534
63564
63594
63624
63654
63684
63714
63744
63939
63969
63999
64029
64059
64089
64119
64149
64179
64209
64239
64269
64299
64329
64359
64389
64419
64610
64640
64670
64700
64730
64760
64790
64820
64850
64880
64910
64940
64970
65000
65030
65060
65090
65120
65307
65337
65367
65397
65427
65457
65487
65517
65547
65577
65607
65637
65667
65697
65727
65757
65787
65970
66000
66030
66060
66090
66120
66150
66180
66210
66240
66270
66300
66330
66360
66390
66420
66450
66480
66659
66689
66719
66749
66779
66809
66839
66869
66899
66929
66959
66989
67019
67049
67079
67109
67139
67169
67345
67375
67405
67435
67465
67495
67525
67555
67585
67615
67645
67675
67705
67735
67765
67795
67825
67855
68027
68057
68087
68117
68147
68177
6820
68207
68237
68267
68297
68327
68357
68387
68417
68447
68477
6850
68507
68537
68705
68735
68765
68795
68825
68855
68885
68915
68945
68975
69005
69035
69065
69095
69125
69155
69185
69215
69379
69409
69439
69469
69499
69529
69559
69589
69619
69649
69679
69709
69739
69769
69799
69829
69859
69889
70049
70079
70109
70139
70169
70199
70229
70259
70289
70319
70349
70379
70409
70439
70469
70499
70529
70559
70589
70746
70776
70806
70836
70866
70896
70926
70956
70986
71016
71046
71076
71106
71136
71166
71196
71226
71256
71409
71439
71469
71499
71529
71559
71589
71619
71649
71679
71709
71739
71769
71799
71829
71859
71889
71919
71949
72099
72129
72159
72189
72219
72249
72279
72309
72339
72369
72399
72429
72459
72489
72519
72549
72579
72609
72639
72785
72815
72845
72875
72905
72935
72965
72995
73025
73055
73085
73115
73145
73175
73205
73235
73265
73295
73325
73467
73497
73527
73557
73587
73617
73647
73677
73707
73737
73767
73797
73827
73857
73887
73917
73947
73977
74007
74146
74176
74206
74236
74266
74296
74326
74356
74386
74416
74446
74476
74506
74536
74566
74596
74626
74656
74686
74822
74852
74882
74912
74942
74972
7498
75002
75032
75062
75092
75122
75152
75182
75212
75242
75272
7528
75302
75332
75362
75494
75524
75554
75584
75614
75644
75674
75704
75734
75764
75794
75824
75854
75884
75914
75944
75974
76004
76034
76163
76193
76223
76253
76283
76313
76343
76373
76403
76433
76463
76493
76523
76553
76583
76613
76643
76673
76703
76733
76859
76889
76919
76949
76979
77009
77039
77069
77099
77129
77159
77189
77219
77249
77279
77309
77339
77369
77399
77522
77552
77582
77612
77642
77672
77702
77732
77762
77792
77822
77852
77882
77912
77942
77972
78002
78032
78062
78092
78212
78242
78272
78302
78332
78362
78392
78422
78452
78482
78512
78542
78572
78602
78632
78662
78692
78722
78752
78782
78898
78928
78958
78988
79018
79048
79078
79108
79138
79168
79198
79228
79258
79288
79318
79348
79378
79408
79438
79468
79581
79611
79641
79671
79701
79731
79761
79791
79821
79851
79881
79911
79941
79971
80001
80031
80061
80091
80121
80151
80261
80291
80321
80351
80381
80411
80441
80471
80501
80531
80561
80591
80621
80651
80681
80711
80741
80771
80801
80831
80938
80968
80998
81028
81058
81088
81118
81148
81178
81208
81238
81268
81298
81328
81358
81388
81418
81448
81478
81508
81613
81643
81673
8170
81703
81733
81763
81793
81823
81853
81883
81913
81943
81973
8200
82003
82033
82063
82093
82123
82153
82183
82285
8230
82315
82345
82375
82405
82435
82465
82495
82525
82555
82585
82615
82645
82675
82705
82735
82765
82795
82825
82855
82885
82984
83014
83044
83074
83104
83134
83164
83194
83224
83254
83284
83314
83344
83374
83404
83434
83464
83494
83524
83554
83650
83680
83710
83740
83770
83800
83830
83860
83890
83920
83950
83980
84010
84040
84070
84100
84130
84160
84190
84220
84250
84344
84374
84404
84434
84464
84494
84524
84554
84584
84614
84644
84674
84704
84734
84764
84794
84824
84854
84884
84914
85005
85035
85065
85095
85125
85155
85185
85215
85245
85275
85305
85335
85365
85395
85425
85455
85485
85515
85545
85575
85605
85693
85723
85753
85783
85813
85843
85873
85903
85933
85963
85993
86023
86053
86083
86113
86143
86173
86203
86233
86263
86293
86379
86409
86439
86469
86499
86529
86559
86589
86619
86649
86679
86709
86739
86769
86799
86829
86859
86889
86919
86949
86979
87062
87092
87122
87152
87182
87212
87242
87272
87302
87332
87362
87392
87422
87452
87482
87512
87542
87572
87602
87632
87662
87743
87773
87803
87833
87863
87893
87923
87953
87983
88013
88043
88073
88103
88133
88163
88193
88223
88253
88283
88313
88343
88422
88452
88482
88512
88542
88572
88602
88632
8865
88662
88692
88722
88752
88782
88812
88842
88872
88902
88932
8895
88962
88992
89022
89098
89128
89158
89188
89218
89248
89278
89308
89338
89368
89398
89428
89458
89488
89518
89548
89578
89608
89638
89668
89698
89772
89802
89832
89862
89892
89922
89952
89982
90012
90042
90072
90102
90132
90162
90192
90222
90252
90282
90312
90342
90372
90444
90474
90504
90534
90564
90594
90624
90654
90684
90714
90744
90774
90804
90834
90864
90894
90924
90954
90984
91014
91044
91074
91144
91174
91204
91234
91264
91294
91324
91354
91384
91414
91444
91474
91504
91534
91564
91594
91624
91654
91684
91714
91744
91812
91842
91872
91902
91932
91962
91992
92022
92052
92082
92112
92142
92172
92202
92232
92262
92292
92322
92352
92382
92412
92442
92508
92538
92568
92598
92628
92658
92688
92718
92748
92778
92808
92838
92868
92898
92928
92958
92988
93018
93048
93078
93108
93172
93202
93232
93262
93292
93322
93352
93382
93412
93442
93472
93502
93532
93562
93592
93622
93652
93682
93712
93742
93772
93802
93864
93894
93924
93954
93984
94014
94044
94074
94104
94134
94164
94194
94224
94254
94284
94314
94344
94374
94404
94434
94464
94524
94554
94584
94614
94644
94674
94704
94734
94764
94794
94824
94854
94884
94914
94944
94974
95004
95034
95064
95094
95124
95154
95212
9524
95242
95272
95302
95332
95362
95392
95422
95452
95482
95512
9554
95542
95572
95602
95632
95662
95692
95722
95752
95782
95812
9584
95842
95898
95928
95958
95988
96018
96048
96078
96108
96138
96168
96198
96228
96258
96288
96318
96348
96378
96408
96438
96468
96498
96528
96583
96613
96643
96673
96703
96733
96763
96793
96823
96853
96883
96913
96943
96973
97003
97033
97063
97093
97123
97153
97183
97213
97266
97296
97326
97356
97386
97416
97446
97476
97506
97536
97566
97596
97626
97656
97686
97716
97746
97776
97806
97836
97866
97896
97948
97978
98008
98038
98068
98098
98128
98158
98188
98218
98248
98278
98308
98338
98368
98398
98428
98458
98488
98518
98548
98578
98628
98658
98688
98718
98748
98778
98808
98838
98868
98898
98928
98958
98988
99018
99048
99078
99108
99138
99168
99198
99228
99258
99307
99337
99367
99397
99427
99457
99487
99517
99547
99577
99607
99637
99667
99697
99727
99757
99787
99817
99847
99877
99907
99937
99984
