100021
100051
100081
100111
100141
100171
100201
100231
100261
100291
100321
100351
100381
100411
100441
100471
100501
100531
100561
100591
100621
100667
100697
100727
100757
100787
100817
100847
100877
100907
100937
100967
100997
101027
101057
101087
101117
101147
101177
101207
101237
101267
101297
101342
101372
101402
101432
101462
101492
101522
101552
101582
101612
101642
101672
101702
101732
101762
101792
101822
101852
101882
101912
101942
101972
102015
102045
102075
102105
102135
10214
102165
102195
102225
102255
102285
102315
102345
102375
102405
102435
10244
102465
102495
102525
102555
102585
102615
102645
102687
102717
10274
102747
102777
102807
102837
102867
102897
102927
102957
102987
103017
103047
103077
103107
103137
103167
103197
103227
103257
103287
103317
103347
103388
103418
103448
103478
103508
103538
103568
103598
103628
103658
103688
103718
103748
103778
103808
103838
103868
103898
103928
103958
103988
104018
104058
104088
104118
104148
104178
104208
104238
104268
104298
104328
104358
104388
104418
104448
104478
104508
104538
104568
104598
104628
104658
104688
104727
104757
104787
104817
104847
104877
104907
104937
104967
104997
105027
105057
105087
105117
105147
105177
105207
105237
105267
105297
105327
105357
105387
105425
105455
105485
105515
105545
105575
105605
105635
105665
105695
105725
105755
105785
105815
105845
105875
105905
105935
105965
105995
106025
106055
106092
106122
106152
106182
106212
106242
106272
106302
106332
106362
106392
106422
106452
106482
106512
106542
106572
106602
106632
106662
106692
106722
106752
106788
106818
106848
106878
106908
106938
106968
106998
107028
107058
107088
107118
107148
107178
107208
107238
107268
107298
107328
107358
107388
107418
107453
107483
107513
107543
107573
107603
107633
107663
107693
107723
107753
107783
107813
107843
107873
107903
107933
107963
107993
108023
108053
108083
108113
108148
108178
108208
108238
108268
108298
108328
108358
108388
108418
108448
108478
108508
108538
108568
108598
108628
108658
108688
108718
108748
108778
108812
108842
108872
108902
10891
108932
108962
108992
109022
109052
109082
109112
109142
109172
109202
10921
109232
109262
109292
109322
109352
109382
109412
109442
109472
109505
10951
109535
109565
109595
109625
109655
109685
109715
109745
109775
109805
109835
109865
109895
109925
109955
109985
110015
110045
110075
110105
110135
110168
110198
110228
110258
110288
110318
110348
110378
110408
110438
110468
110498
110528
110558
110588
110618
110648
110678
110708
110738
110768
110798
110828
110860
110890
110920
110950
110980
111010
111040
111070
111100
111130
111160
111190
111220
111250
111280
111310
111340
111370
111400
111430
111460
111490
111522
111552
111582
111612
111642
111672
111702
111732
111762
111792
111822
111852
111882
111912
111942
111972
112002
112032
112062
112092
112122
112152
112182
112214
112244
112274
112304
112334
112364
112394
112424
112454
112484
112514
112544
112574
112604
112634
112664
112694
112724
112754
112784
112814
112844
112874
112905
112935
112965
112995
113025
113055
113085
113115
113145
113175
113205
113235
113265
113295
113325
113355
113385
113415
113445
113475
113505
113535
113564
113594
113624
113654
113670
113700
113730
113760
113790
113820
113850
113880
113910
113940
113970
114000
114030
114060
114090
114120
114150
114183
114213
114244
114274
114304
114334
114361
114391
114421
114451
114481
114511
114541
114571
114601
114631
114661
114691
114721
114751
114781
114811
114841
114863
114893
114924
114954
114984
115014
115052
115082
115112
115142
115172
115202
115232
115262
115292
115322
115352
115382
115412
115442
115472
115502
115543
115573
115604
11561
115634
115664
115694
115713
115743
115773
115803
115833
115863
115893
11591
115923
115953
115983
116013
116043
116073
116103
116133
116163
116193
11621
116223
116253
116284
116314
116344
116374
116404
116434
116464
116494
11651
116524
116554
116584
116614
116644
116674
116704
116734
116764
116794
116824
116854
116903
116933
116964
116994
117024
117054
117065
117095
117125
117155
117185
117215
117245
117275
117305
117335
117365
117395
117425
117455
117485
117515
117545
117583
117613
117652
117682
117712
117742
117772
117802
117832
117862
117892
117922
117952
117982
118012
118042
118072
118102
118132
118162
118192
118222
118252
118282
118312
118343
118373
118403
118433
118463
118493
118523
118553
118583
118613
118643
118673
118703
118733
118763
118793
118823
118853
118883
118913
118943
118973
119004
119034
119064
119094
119124
119154
119184
119214
119244
119274
119304
119334
119364
119394
119424
119454
119484
119514
119544
119574
119604
119634
119664
119696
119726
119756
119786
119816
119846
119876
119906
119936
119966
119996
120026
120056
120086
120116
120146
120176
120206
120236
120266
120296
120326
120356
120388
120418
120448
120478
120508
120538
120568
120598
120628
120658
120688
120718
120748
120778
120808
120838
120868
120898
120928
120958
120988
121018
121050
121080
121110
121140
121170
121200
121230
121260
121290
121320
121350
121380
121410
121440
121470
121500
121530
121560
121590
121620
121650
121680
121710
121743
121773
121803
121833
121863
121893
121923
121953
121983
122013
122043
122073
122103
122133
122163
122193
122223
122253
122283
122313
122343
122373
122406
122436
122466
122496
122526
12255
122556
122586
122616
122646
122676
122706
122736
122766
122796
122826
12285
122856
122886
122916
122946
122976
123006
123036
123066
123100
123130
12315
123160
123190
123220
123250
123280
123310
123340
123370
123400
123430
12345
123460
123490
123520
123550
123580
123610
123640
123670
123700
123730
123765
123795
123825
123855
123885
123915
123945
123975
124005
124035
124065
124095
124125
124155
124185
124215
124245
124275
124305
124335
124365
124395
124425
124460
124490
124520
124550
124580
124610
124640
124670
124700
124730
124760
124790
124820
124850
124880
124910
124940
124970
125000
125030
125060
125090
125126
125156
125186
125216
125246
125276
125306
125336
125366
125396
125426
125456
125486
125516
125546
125576
125606
125636
125666
125696
125726
125756
125786
125823
125853
125883
125913
125943
125973
126003
126033
126063
126093
126123
126153
126183
126213
126243
126273
126303
126333
126363
126393
126423
126453
126491
126521
126551
126581
126611
126641
126671
126701
126731
126761
126791
126821
126851
126881
126911
126941
126971
127001
127031
127061
127091
127121
127160
127190
127220
127250
127280
127310
127340
127370
127400
127430
127460
127490
127520
127550
127580
127610
127640
127670
127700
127730
127760
127790
127820
127860
127890
127920
127950
127980
128010
128040
128070
128100
128130
128160
128190
128220
128250
128280
128310
128340
128370
128400
128430
128460
128490
128531
128561
128591
128621
128651
128681
128711
128741
128771
128801
128831
128861
128891
128921
128951
128981
129011
129041
129071
129101
129131
129161
129203
129233
129263
129293
129323
129353
129383
129413
12943
129443
129473
129503
129533
129563
129593
129623
129653
129683
129713
12973
129743
129773
129803
129833
129863
129906
129936
129966
129996
130026
13003
130056
130086
130116
130146
130176
130206
130236
130266
130296
130326
13033
130356
130386
130416
130446
130476
130506
130536
130581
130611
130641
130671
130701
130731
130761
130791
130821
130851
130881
130911
130941
130971
131001
131031
131061
131091
131121
131151
131181
131211
131257
131287
131317
131347
131377
131407
131437
131467
131497
131527
131557
131587
131617
131647
131677
131707
131737
131767
131797
131827
131857
131887
131934
131964
131994
132024
132054
132084
132114
132144
132174
132204
132234
132264
132294
132324
132354
132384
132414
132444
132474
132504
132534
132564
132613
132643
132673
132703
132733
132763
132793
132823
132853
132883
132913
132943
132973
133003
133033
133063
133093
133123
133153
133183
133213
133243
133293
133323
133353
133383
133413
133443
133473
133503
133533
133563
133593
133623
133653
133683
133713
133743
133773
133803
133833
133863
133893
133923
133975
134005
134035
134065
134095
134125
134155
134185
134215
134245
134275
134305
134335
134365
134395
134425
134455
134485
134515
134545
134575
134605
134658
134688
134718
134748
134778
134808
134838
134868
134898
134928
134958
134988
135018
135048
135078
135108
135138
135168
135198
135228
135258
135288
135343
135373
135403
135433
135463
135493
135523
135553
135583
135613
135643
135673
135703
135733
135763
135793
135823
135853
135883
135913
135943
135973
136029
136059
136089
136119
136149
136179
136209
136239
13625
136269
136299
136329
136359
136389
136419
136449
136479
136509
136539
13655
136569
136599
136629
136687
136717
136747
136777
136807
136837
13685
136867
136897
136927
136957
136987
137017
137047
137077
137107
137137
13715
137167
137197
137227
137257
137287
137317
137377
137407
137437
137467
137497
137527
137557
137587
137617
137647
137677
137707
137737
137767
137797
137827
137857
137887
137917
137947
137977
138007
138069
138099
138129
138159
138189
138219
138249
138279
138309
138339
138369
138399
138429
138459
138489
138519
138549
138579
138609
138639
138669
138733
138763
138793
138823
138853
138883
138913
138943
138973
139003
139033
139063
139093
139123
139153
139183
139213
139243
139273
139303
139333
139363
139429
139459
139489
139519
139549
139579
139609
139639
139669
139699
139729
139759
139789
139819
139849
139879
139909
139939
139969
139999
140029
140097
140127
140157
140187
140217
140247
140277
140307
140337
140367
140397
140427
140457
140487
140517
140547
140577
140607
140637
140667
140697
140767
140797
140827
140857
140887
140917
140947
140977
141007
141037
141067
141097
141127
141157
141187
141217
141247
141277
141307
141337
141367
141397
141469
141499
141529
141559
141589
141619
141649
141679
141709
141739
141769
141799
141829
141859
141889
141919
141949
141979
142009
142039
142069
142143
142173
142203
142233
142263
142293
142323
142353
142383
142413
142443
142473
142503
142533
142563
142593
142623
142653
142683
142713
142743
142819
142849
142879
142909
142939
142969
142999
14301
143029
143059
143089
143119
143149
143179
143209
143239
143269
143299
14331
143329
143359
143389
143419
143498
143528
143558
143588
14361
143618
143648
143678
143708
143738
143768
143798
143828
143858
143888
14391
143918
143948
143978
144008
144038
144068
144098
144179
144209
144239
144269
144299
144329
144359
144389
144419
144449
144479
144509
144539
144569
144599
144629
144659
144689
144719
144749
144779
144862
144892
144922
144952
144982
145012
145042
145072
145102
145132
145162
145192
145222
145252
145282
145312
145342
145372
145402
145432
145462
145548
145578
145608
145638
145668
145698
145728
145758
145788
145818
145848
145878
145908
145938
145968
145998
146028
146058
146088
146118
146206
146236
146266
146296
146326
146356
146386
146416
146446
146476
146506
146536
146566
146596
146626
146656
146686
146716
146746
146776
146806
146897
146927
146957
146987
147017
147047
147077
147107
147137
147167
147197
147227
147257
147287
147317
147347
147377
147407
147437
147467
147561
147591
147621
147651
147681
147711
147741
147771
147801
147831
147861
147891
147921
147951
147981
148011
148041
148071
148101
148131
148161
148257
148287
148317
148347
148377
148407
148437
148467
148497
148527
148557
148587
148617
148647
148677
148707
148737
148767
148797
148827
148926
148956
148986
149016
149046
149076
149106
149136
149166
149196
149226
149256
149286
149316
149346
149376
149406
149436
149466
149496
149526
149628
149658
149688
14970
149718
149748
149778
149808
149838
149868
149898
149928
149958
149988
15000
150018
150048
150078
150108
150138
150168
150198
15030
150303
150333
150363
150393
150423
150453
150483
150513
150543
150573
15060
150603
150633
150663
150693
150723
150753
150783
150813
150843
150873
15090
150980
151010
151040
151070
151100
151130
151160
151190
151220
151250
151280
151310
151340
151370
151400
151430
151460
151490
151520
151550
151660
151690
151720
151750
151780
151810
151840
151870
151900
151930
151960
151990
152020
152050
152080
152110
152140
152170
152200
152230
152343
152373
152403
152433
152463
152493
152523
152553
152583
152613
152643
152673
152703
152733
152763
152793
152823
152853
152883
152913
153029
153059
153089
153119
153149
153179
153209
153239
153269
153299
153329
153359
153389
153419
153449
153479
153509
153539
153569
153689
153719
153749
153779
153809
153839
153869
153899
153929
153959
153989
154019
154049
154079
154109
154139
154169
154199
154229
154259
154382
154412
154442
154472
154502
154532
154562
154592
154622
154652
154682
154712
154742
154772
154802
154832
154862
154892
154922
155048
155078
155108
155138
155168
155198
155228
155258
155288
155318
155348
155378
155408
155438
155468
155498
155528
155558
155588
155618
155747
155777
155807
155837
155867
155897
155927
155957
155987
156017
156047
156077
156107
156137
156167
156197
156227
156257
156287
156419
156449
156479
156509
156539
156569
156599
156629
15663
156659
156689
156719
156749
156779
156809
156839
156869
156899
156929
15693
156959
157095
157125
157155
157185
157215
15723
157245
157275
157305
157335
157365
157395
157425
157455
157485
157515
15753
157545
157575
157605
157635
157774
157804
157834
157864
157894
157924
157954
157984
158014
158044
158074
158104
158134
158164
158194
158224
158254
158284
158314
158456
158486
158516
158546
158576
158606
158636
158666
158696
158726
158756
158786
158816
158846
158876
158906
158936
158966
158996
159142
159172
159202
159232
159262
159292
159322
159352
159382
159412
159442
159472
159502
159532
159562
159592
159622
159652
159802
159832
159862
159892
159922
159952
159982
160012
160042
160072
160102
160132
160162
160192
160222
160252
160282
160312
160342
160495
160525
160555
160585
160615
160645
160675
160705
160735
160765
160795
160825
160855
160885
160915
160945
160975
161005
161162
161192
161222
161252
161282
161312
161342
161372
161402
161432
161462
161492
161522
161552
161582
161612
161642
161672
161702
161862
161892
161922
161952
161982
162012
162042
162072
162102
162132
162162
162192
162222
162252
162282
162312
162342
162372
162536
162566
162596
162626
162656
162686
162716
162746
162776
162806
162836
162866
162896
162926
162956
162986
163016
163046
16320
163214
163244
163274
163304
163334
163364
163394
163424
163454
163484
16350
163514
163544
163574
163604
163634
163664
163694
163724
16380
163896
163926
163956
163986
164016
164046
164076
16410
164106
164136
164166
164196
164226
164256
164286
164316
164346
164376
16440
164406
164582
164612
164642
164672
164702
164732
164762
164792
164822
164852
164882
164912
164942
164972
165002
165032
165062
165241
165271
165301
165331
165361
165391
165421
165451
165481
165511
165541
165571
165601
165631
165661
165691
165721
165751
165934
165964
165994
166024
166054
166084
166114
166144
166174
166204
166234
166264
166294
166324
166354
166384
166414
166601
166631
166661
166691
166721
166751
166781
166811
166841
166871
166901
166931
166961
166991
167021
167051
167081
167111
167302
167332
167362
167392
167422
167452
167482
167512
167542
167572
167602
167632
167662
167692
167722
167752
167782
167977
168007
168037
168067
168097
168127
168157
168187
168217
168247
168277
168307
168337
168367
168397
168427
168457
168657
168687
168717
168747
168777
168807
168837
168867
168897
168927
168957
168987
169017
169047
169077
169107
169137
169341
169371
169401
169431
169461
169491
169521
169551
169581
169611
169641
169671
169701
169731
169761
169791
169821
17001
170029
170059
170089
170119
170149
170179
170209
170239
170269
170299
17031
170329
170359
170389
170419
170449
170479
17061
170691
170721
170751
170781
170811
170841
170871
170901
17091
170931
170961
170991
171021
171051
171081
171111
171141
171171
17121
171388
171418
171448
171478
171508
17151
171538
171568
171598
171628
171658
171688
171718
171748
171778
171808
171838
172059
172089
172119
172149
172179
172209
172239
172269
172299
172329
172359
172389
172419
172449
172479
172509
172734
172764
172794
172824
172854
172884
172914
172944
172974
173004
173034
173064
173094
173124
173154
173184
173414
173444
173474
173504
173534
173564
173594
173624
173654
173684
173714
173744
173774
173804
173834
173864
174098
174128
174158
174188
174218
174248
174278
174308
174338
174368
174398
174428
174458
174488
174518
174548
174787
174817
174847
174877
174907
174937
174967
174997
175027
175057
175087
175117
175147
175177
175207
175450
175480
175510
175540
175570
175600
175630
175660
175690
175720
175750
175780
175810
175840
175870
175900
176148
176178
176208
176238
176268
176298
176328
176358
176388
176418
176448
176478
176508
176538
176568
176820
176850
176880
176910
176940
176970
177000
177030
17706
177060
177090
177120
177150
177180
177210
177240
17736
177497
177527
177557
177587
177617
177647
17766
177677
177707
177737
177767
177797
177827
177857
177887
177917
17796
178179
178209
178239
17826
178269
178299
178329
178359
178389
178419
178449
178479
178509
178539
178569
178599
178865
178895
178925
178955
178985
179015
179045
179075
179105
179135
179165
179195
179225
179255
179526
179556
179586
179616
179646
179676
179706
179736
179766
179796
179826
179856
179886
179916
179946
180222
180252
180282
180312
180342
180372
180402
180432
180462
180492
180522
180552
180582
180612
180893
180923
180953
180983
181013
181043
181073
181103
181133
181163
181193
181223
181253
181283
181569
181599
181629
181659
181689
181719
181749
181779
181809
181839
181869
181899
181929
181959
182250
182280
182310
182340
182370
182400
182430
182460
182490
182520
182550
182580
182610
182640
182936
182966
182996
183026
183056
183086
183116
183146
183176
183206
183236
183266
183296
183326
183627
183657
183687
183717
183747
18375
183777
183807
183837
183867
183897
183927
183957
183987
18405
184293
184323
18435
184353
184383
184413
184443
184473
184503
184533
184563
184593
184623
18465
184653
18495
184964
184994
185024
185054
185084
185114
185144
185174
185204
185234
18525
185264
185294
185324
185640
185670
185700
185730
185760
185790
185820
185850
185880
185910
185940
185970
186000
186321
186351
186381
186411
186441
186471
186501
186531
186561
186591
186621
186651
186681
187007
187037
187067
187097
187127
187157
187187
187217
187247
187277
187307
187337
187367
187698
187728
187758
187788
187818
187848
187878
187908
187938
187968
187998
188028
188365
188395
188425
188455
188485
188515
188545
188575
188605
188635
188665
188695
188725
189067
189097
189127
189157
189187
189217
189247
189277
189307
189337
189367
189397
189744
189774
189804
189834
189864
189894
189924
189954
189984
190014
190044
190074
190427
190457
190487
190517
190547
190577
190607
190637
190667
19068
190697
190727
19098
191085
191115
191145
191175
191205
191235
191265
19128
191295
191325
191355
191385
191415
19158
191778
191808
191838
191868
19188
191898
191928
191958
191988
192018
192048
192078
192447
192477
192507
192537
192567
192597
192627
192657
192687
192717
192747
193121
193151
193181
193211
193241
193271
193301
193331
193361
193391
193421
193801
193831
193861
193891
193921
193951
193981
194011
194041
194071
194101
194486
194516
194546
194576
194606
194636
194666
194696
194726
194756
194786
195177
195207
195237
195267
195297
195327
195357
195387
195417
195447
195843
195873
195903
195933
195963
195993
196023
196053
196083
196113
196143
196545
196575
196605
196635
196665
196695
196725
196755
196785
196815
197222
19725
197252
197282
197312
197342
197372
197402
197432
197462
197492
19755
19785
197905
197935
197965
197995
198025
198055
198085
198115
198145
19815
19845
198564
198594
198624
198654
198684
198714
198744
19875
198774
198804
198834
199258
199288
199318
199348
199378
199408
199438
199468
199498
199928
199958
199988
200018
200048
200078
200108
200138
200168
200604
200634
200664
200694
200724
200754
200784
200814
200844
201286
201316
201346
201376
201406
201436
201466
201496
201526
201973
202003
202033
202063
202093
202123
202153
202183
202213
202666
202696
202726
202756
202786
202816
202846
202876
203335
203365
203395
203425
203455
203485
203515
203545
204010
204040
20405
204070
204100
204130
204160
204190
204220
20435
20465
204691
204721
204751
204781
204811
204841
204871
204901
20495
20525
205378
205408
205438
205468
205498
205528
20555
205558
2057
20585
206041
206071
206101
206131
206161
206191
206221
206251
206739
206769
206799
206829
206859
206889
206919
207413
207443
207473
207503
207533
207563
207593
208093
208123
208153
208183
208213
208243
208273
208779
208809
208839
208869
208899
208929
209441
209471
209501
209531
209561
209591
209621
210139
210169
210199
210229
210259
210289
210813
210843
210873
210903
210933
210963
21109
21139
211493
211523
211553
211583
211613
211643
21169
21199
212180
212210
212240
212270
21229
212300
21259
212843
212873
212903
212933
212963
212993
213542
213572
213602
213632
213662
214217
214247
214277
214307
214337
214898
214928
214958
214988
215018
215585
215615
215645
215675
216248
216278
216308
216338
216368
216947
216977
217007
217037
217623
217653
217683
217713
21777
21807
218305
218335
218365
21837
21867
218963
21897
218993
219023
219053
21927
21957
219657
219687
219717
220327
220357
220387
221004
221034
221064
221687
221717
221747
222376
222406
223041
223071
223101
223743
223773
224421
224451
22469
22499
225105
22529
22559
225765
225795
22589
22619
226462
227135
227814
229161
23125
23155
23185
23215
23245
23275
23305
23805
23835
23865
23895
23925
23955
23985
24015
24509
24539
24569
24599
24629
24659
24689
25177
25207
25237
25267
25297
25327
25357
25840
25870
25900
25930
25960
25990
26020
26050
26527
26557
26587
26617
26647
26677
26707
26737
27208
27238
27268
27298
27328
27358
27388
27418
27883
27913
27943
27973
28003
28033
28063
28093
28123
28582
28612
28642
28672
28702
28732
28762
28792
29245
29275
29305
29335
29365
29395
29425
29455
29485
29932
29962
29992
30022
30052
30082
30112
30142
30172
30614
30644
30674
30704
30734
30764
30794
30824
30854
31290
31320
31350
31380
31410
31440
31470
31500
31530
31960
31990
32020
32050
32080
32110
32140
32170
32200
32230
32654
32684
32714
32744
32774
32804
32834
32864
32894
32924
33343
33373
33403
33433
33463
33493
33523
33553
33583
33613
34026
3404
34056
34086
34116
34146
34176
34206
34236
34266
34296
34703
34733
34763
34793
34823
34853
34883
34913
34943
34973
35375
35405
35435
35465
35495
35525
35555
35585
35615
35645
36041
36071
36101
36131
36161
36191
36221
36251
36281
36311
36341
36732
36762
36792
36822
36852
36882
36912
36942
36972
37002
37032
37417
37447
37477
37507
37537
37567
37597
37627
37657
37687
37717
38097
38127
38157
38187
38217
38247
38277
38307
38337
38367
38397
38771
38801
38831
38861
38891
38921
38951
38981
39011
39041
39071
39440
39470
39500
39530
39560
39590
39620
39650
39680
39710
39740
39770
40133
40163
40193
40223
40253
40283
40313
40343
40373
40403
40433
40463
40821
4083
40851
40881
40911
40941
40971
41001
41031
41061
41091
41121
4113
41151
41504
41534
41564
41594
41624
41654
41684
41714
41744
41774
41804
41834
42181
42211
42241
42271
42301
42331
42361
42391
42421
42451
42481
42511
42853
42883
42913
42943
42973
43003
43033
43063
43093
43123
43153
43183
43520
43550
43580
43610
43640
43670
43700
43730
43760
43790
43820
43850
43880
44211
44241
44271
44301
44331
44361
44391
44421
44451
44481
44511
44541
44571
44897
44927
44957
44987
45017
45047
45077
45107
45137
45167
45197
45227
45257
45578
45608
45638
45668
45698
45728
45758
45788
45818
45848
45878
45908
45938
46254
46284
46314
46344
46374
46404
46434
46464
46494
46524
46554
46584
46614
46925
46955
46985
47015
47045
47075
47105
47135
47165
47195
47225
47255
47285
47315
47621
47651
47681
47711
47741
47771
47801
47831
4786
47861
47891
47921
47951
47981
48282
48312
48342
48372
48402
48432
48462
48492
48522
48552
48582
48612
48642
48672
48968
48998
49028
49058
49088
49118
49148
49178
49208
49238
49268
49298
49328
49358
49649
49679
49709
49739
49769
49799
49829
49859
49889
49919
49949
49979
50009
50039
50325
50355
50385
50415
50445
50475
50505
50535
50565
50595
50625
50655
50685
50715
50745
51026
51056
51086
51116
51146
51176
51206
51236
51266
51296
51326
51356
51386
51416
51692
51722
51752
51782
51812
51842
51872
51902
51932
51962
51992
52022
52052
52082
52112
52383
52413
52443
52473
52503
52533
52563
52593
52623
52653
52683
52713
52743
52773
52803
53069
53099
53129
53159
53189
53219
53249
53279
53309
53339
53369
53399
53429
53459
53721
53751
53781
53811
53841
53871
53901
53931
53961
53991
54021
54051
54081
54111
54141
54171
54428
54458
54488
54518
5453
54548
54578
54608
54638
54668
54698
54728
54758
54788
54818
5483
54848
55100
55130
55160
55190
55220
55250
55280
55310
55340
55370
55400
55430
55460
55490
55520
55768
55798
55828
55858
55888
55918
55948
55978
56008
56038
56068
56098
56128
56158
56188
56218
56461
56491
56521
56551
56581
56611
56641
56671
56701
56731
56761
56791
56821
56851
56881
57120
57150
57180
57210
57240
57270
57300
57330
57360
57390
57420
57450
57480
57510
57540
57570
57804
57834
57864
57894
57924
57954
57984
58014
58044
58074
58104
58134
58164
58194
58224
58254
58484
58514
58544
58574
58604
58634
58664
58694
58724
58754
58784
58814
58844
58874
58904
58934
58964
59189
59219
59249
59279
59309
59339
59369
59399
59429
59459
59489
59519
59549
59579
59609
59639
59860
59890
59920
59950
59980
60010
60040
60070
60100
60130
60160
60190
60220
60250
60280
60310
60527
60557
60587
60617
60647
60677
60707
60737
60767
60797
60827
60857
60887
60917
60947
60977
61007
61219
61249
61279
61309
61339
61369
61399
61429
6143
61459
61489
61519
61549
61579
61609
61639
61669
61699
6173
61907
61937
61967
61997
62027
62057
62087
62117
62147
62177
62207
62237
62267
62297
62327
62357
62561
62591
62621
62651
62681
62711
62741
62771
62801
62831
62861
62891
62921
62951
62981
63011
63041
63241
63271
63301
63331
63361
63391
63421
63451
63481
63511
63541
63571
63601
63631
63661
63691
63721
63751
63946
63976
64006
64036
64066
64096
64126
64156
64186
64216
64246
64276
64306
64336
64366
64396
64426
64617
64647
64677
64707
64737
64767
64797
64827
64857
64887
64917
64947
64977
65007
65037
65067
65097
65284
65314
65344
65374
65404
65434
65464
65494
65524
65554
65584
65614
65644
65674
65704
65734
65764
65794
65977
66007
66037
66067
66097
66127
66157
66187
66217
66247
66277
66307
66337
66367
66397
66427
66457
66487
66666
66696
66726
66756
66786
66816
66846
66876
66906
66936
66966
66996
67026
67056
67086
67116
67146
67322
67352
67382
67412
67442
67472
67502
67532
67562
67592
67622
67652
67682
67712
67742
67772
67802
67832
68004
68034
68064
68094
68124
68154
68184
68214
68244
6827
68274
68304
68334
68364
68394
684
68424
68454
68484
68514
6857
68682
68712
68742
68772
68802
68832
68862
68892
68922
68952
68982
69012
69042
69072
69102
69132
69162
69192
69222
69386
69416
69446
69476
69506
69536
69566
69596
69626
69656
69686
69716
69746
69776
69806
69836
69866
69896
70056
70086
70116
70146
70176
70206
70236
70266
70296
70326
70356
70386
70416
70446
70476
70506
70536
70566
70723
70753
70783
70813
70843
70873
70903
70933
70963
70993
71023
71053
71083
71113
71143
71173
71203
71233
71263
71416
71446
71476
71506
71536
71566
71596
71626
71656
71686
71716
71746
71776
71806
71836
71866
71896
71926
71956
72106
72136
72166
72196
72226
72256
72286
72316
72346
72376
72406
72436
72466
72496
72526
72556
72586
72616
72762
72792
72822
72852
72882
72912
72942
72972
73002
73032
73062
73092
73122
73152
73182
73212
73242
73272
73302
73444
73474
73504
73534
73564
73594
73624
73654
73684
73714
73744
73774
73804
73834
73864
73894
73924
73954
73984
74123
74153
74183
74213
74243
74273
74303
74333
74363
74393
74423
74453
74483
74513
74543
74573
74603
74633
74663
74693
74829
74859
74889
74919
74949
74979
75009
75039
7505
75069
75099
75129
75159
75189
75219
75249
75279
75309
75339
7535
75369
75501
75531
75561
75591
75621
75651
75681
75711
75741
75771
75801
75831
75861
75891
75921
75951
75981
76011
76041
76170
76200
76230
76260
76290
76320
76350
76380
76410
76440
76470
76500
76530
76560
76590
76620
76650
76680
76710
76740
76866
76896
76926
76956
76986
77016
77046
77076
77106
77136
77166
77196
77226
77256
77286
77316
77346
77376
77406
77529
77559
77589
77619
77649
77679
77709
77739
77769
77799
77829
77859
77889
77919
77949
77979
78009
78039
78069
78099
78219
78249
78279
78309
78339
78369
78399
78429
78459
78489
78519
78549
78579
78609
78639
78669
78699
78729
78759
78789
78905
78935
78965
78995
79025
79055
79085
79115
79145
79175
79205
79235
79265
79295
79325
79355
79385
79415
79445
79475
79588
79618
79648
79678
79708
79738
79768
79798
79828
79858
79888
79918
79948
79978
80008
80038
80068
80098
80128
80158
80268
80298
80328
80358
80388
80418
80448
80478
80508
80538
80568
80598
80628
80658
80688
80718
80748
80778
80808
80838
80945
80975
81005
81035
81065
81095
81125
81155
81185
81215
81245
81275
81305
81335
81365
81395
81425
81455
81485
81515
81620
81650
81680
81710
81740
8177
81770
81800
81830
81860
81890
81920
81950
81980
82010
82040
8207
82070
82100
82130
82160
82190
82292
82322
82352
82382
82412
82442
82472
82502
82532
82562
82592
82622
82652
82682
82712
82742
82772
82802
82832
82862
82961
82991
83021
83051
83081
83111
83141
83171
83201
83231
83261
83291
83321
83351
83381
83411
83441
83471
83501
83531
83561
83657
83687
83717
83747
83777
83807
83837
83867
83897
83927
83957
83987
84017
84047
84077
84107
84137
84167
84197
84227
84321
84351
84381
84411
84441
84471
84501
84531
84561
84591
84621
84651
84681
84711
84741
84771
84801
84831
84861
84891
84921
85012
85042
85072
85102
85132
85162
85192
85222
85252
85282
85312
85342
85372
85402
85432
85462
85492
85522
85552
85582
85612
85700
85730
85760
85790
85820
85850
85880
85910
85940
85970
86000
86030
86060
86090
86120
86150
86180
86210
86240
86270
86300
86386
86416
86446
86476
86506
86536
86566
86596
86626
86656
86686
86716
86746
86776
86806
86836
86866
86896
86926
86956
86986
87069
87099
87129
87159
87189
87219
87249
87279
87309
87339
87369
87399
87429
87459
87489
87519
87549
87579
87609
87639
87720
87750
87780
87810
87840
87870
87900
87930
87960
87990
88020
88050
88080
88110
88140
88170
88200
88230
88260
88290
88320
88350
8842
88429
88459
88489
88519
88549
88579
88609
88639
88669
88699
8872
88729
88759
88789
88819
88849
88879
88909
88939
88969
88999
8902
89029
89105
89135
89165
89195
89225
89255
89285
89315
89345
89375
89405
89435
89465
89495
89525
89555
89585
89615
89645
89675
89705
89779
89809
89839
89869
89899
89929
89959
89989
90019
90049
90079
90109
90139
90169
90199
90229
90259
90289
90319
90349
90379
90451
90481
90511
90541
90571
90601
90631
90661
90691
90721
90751
90781
90811
90841
90871
90901
90931
90961
90991
91021
91051
91121
91151
91181
91211
91241
91271
91301
91331
91361
91391
91421
91451
91481
91511
91541
91571
91601
91631
91661
91691
91721
91751
91819
91849
91879
91909
91939
91969
91999
92029
92059
92089
92119
92149
92179
92209
92239
92269
92299
92329
92359
92389
92419
92485
92515
92545
92575
92605
92635
92665
92695
92725
92755
92785
92815
92845
92875
92905
92935
92965
92995
93025
93055
93085
93115
93179
93209
93239
93269
93299
93329
93359
93389
93419
93449
93479
93509
93539
93569
93599
93629
93659
93689
93719
93749
93779
93841
93871
93901
93931
93961
93991
94021
94051
94081
94111
94141
94171
94201
94231
94261
94291
94321
94351
94381
94411
94441
94471
94531
94561
94591
94621
94651
94681
94711
94741
94771
94801
94831
94861
94891
94921
94951
94981
95011
95041
95071
95101
95131
95161
95219
95249
95279
95309
9531
95339
95369
95399
95429
95459
95489
95519
95549
95579
95609
9561
95639
95669
95699
95729
95759
95789
95819
95849
95905
9591
95935
95965
95995
96025
96055
96085
96115
96145
96175
96205
96235
96265
96295
96325
96355
96385
96415
96445
96475
96505
96560
96590
96620
96650
96680
96710
96740
96770
96800
96830
96860
96890
96920
96950
96980
97010
97040
97070
97100
97130
97160
97190
97243
97273
97303
97333
97363
97393
97423
97453
97483
97513
97543
97573
97603
97633
97663
97693
97723
97753
97783
97813
97843
97873
97925
97955
97985
98015
98045
98075
98105
98135
98165
98195
98225
98255
98285
98315
98345
98375
98405
98435
98465
98495
98525
98555
98605
98635
98665
98695
98725
98755
98785
98815
98845
98875
98905
98935
98965
98995
99025
99055
99085
99115
99145
99175
99205
99235
99284
99314
99344
99374
99404
99434
99464
99494
99524
99554
99584
99614
99644
99674
99704
99734
99764
99794
99824
99854
99884
99914
99961
99991
