100026
100056
100086
100116
100146
100176
100206
100236
100266
100296
100326
100356
100386
100416
100446
100476
100506
100536
100566
100596
100642
100672
100702
100732
100762
100792
100822
100852
100882
100912
100942
100972
101002
101032
101062
101092
101122
101152
101182
101212
101242
101272
101302
101347
101377
101407
101437
101467
101497
101527
101557
101587
101617
101647
101677
101707
101737
101767
101797
101827
101857
101887
101917
101947
101977
102020
102050
102080
102110
102140
102170
10219
102200
102230
102260
102290
102320
102350
102380
102410
102440
102470
10249
102500
102530
102560
102590
102620
102650
102692
102722
102752
102782
10279
102812
102842
102872
102902
102932
102962
102992
103022
103052
103082
103112
103142
103172
103202
103232
103262
103292
103322
103363
103393
103423
103453
103483
103513
103543
103573
103603
103633
103663
103693
103723
103753
103783
103813
103843
103873
103903
103933
103963
103993
104023
104063
104093
104123
104153
104183
104213
104243
104273
104303
104333
104363
104393
104423
104453
104483
104513
104543
104573
104603
104633
104663
104693
104732
104762
104792
104822
104852
104882
104912
104942
104972
105002
105032
105062
105092
105122
105152
105182
105212
105242
105272
105302
105332
105362
105400
105430
105460
105490
105520
105550
105580
105610
105640
105670
105700
105730
105760
105790
105820
105850
105880
105910
105940
105970
106000
106030
106060
106097
106127
106157
106187
106217
106247
106277
106307
106337
106367
106397
106427
106457
106487
106517
106547
106577
106607
106637
106667
106697
106727
106763
106793
106823
106853
106883
106913
106943
106973
107003
107033
107063
107093
107123
107153
107183
107213
107243
107273
107303
107333
107363
107393
107423
107458
107488
107518
107548
107578
107608
107638
107668
107698
107728
107758
107788
107818
107848
107878
107908
107938
107968
107998
108028
108058
108088
108123
108153
108183
108213
108243
108273
108303
108333
108363
108393
108423
108453
108483
108513
108543
108573
108603
108633
108663
108693
108723
108753
108783
108817
108847
108877
108907
108937
10896
108967
108997
109027
109057
109087
109117
109147
109177
109207
109237
10926
109267
109297
109327
109357
109387
109417
109447
109480
109510
109540
10956
109570
109600
109630
109660
109690
109720
109750
109780
109810
109840
109870
109900
109930
109960
109990
110020
110050
110080
110110
110140
110173
110203
110233
110263
110293
110323
110353
110383
110413
110443
110473
110503
110533
110563
110593
110623
110653
110683
110713
110743
110773
110803
110833
110865
110895
110925
110955
110985
111015
111045
111075
111105
111135
111165
111195
111225
111255
111285
111315
111345
111375
111405
111435
111465
111495
111527
111557
111587
111617
111647
111677
111707
111737
111767
111797
111827
111857
111887
111917
111947
111977
112007
112037
112067
112097
112127
112157
112187
112219
112249
112279
112309
112339
112369
112399
112429
112459
112489
112519
112549
112579
112609
112639
112669
112699
112729
112759
112789
112819
112849
112880
112910
112940
112970
113000
113030
113060
113090
113120
113150
113180
113210
113240
113270
113300
113330
113360
113390
113420
113450
113480
113510
113540
113569
113599
113629
113659
113675
113705
113735
113765
113795
113825
113855
113885
113915
113945
113975
114005
114035
114065
114095
114125
114155
114188
114218
114249
114279
114309
114339
114366
114396
114426
114456
114486
114516
114546
114576
114606
114636
114666
114696
114726
114756
114786
114816
114868
114898
114929
114959
114989
115019
115027
115057
115087
115117
115147
115177
115207
115237
115267
115297
115327
115357
115387
115417
115447
115477
115507
115548
115578
115609
115639
11566
115669
115699
115718
115748
115778
115808
115838
115868
115898
115928
115958
11596
115988
116018
116048
116078
116108
116138
116168
116198
116228
116258
11626
116289
116319
116349
116379
116409
116439
116469
116499
116529
116559
11656
116589
116619
116649
116679
116709
116739
116769
116799
116829
116859
116908
116938
116969
116999
117029
117059
117070
117100
117130
117160
117190
117220
117250
117280
117310
117340
117370
117400
117430
117460
117490
117520
117550
117588
117618
117657
117687
117717
117747
117777
117807
117837
117867
117897
117927
117957
117987
118017
118047
118077
118107
118137
118167
118197
118227
118257
118287
118317
118348
118378
118408
118438
118468
118498
118528
118558
118588
118618
118648
118678
118708
118738
118768
118798
118828
118858
118888
118918
118948
118978
119009
119039
119069
119099
119129
119159
119189
119219
119249
119279
119309
119339
119369
119399
119429
119459
119489
119519
119549
119579
119609
119639
119669
119701
119731
119761
119791
119821
119851
119881
119911
119941
119971
120001
120031
120061
120091
120121
120151
120181
120211
120241
120271
120301
120331
120363
120393
120423
120453
120483
120513
120543
120573
120603
120633
120663
120693
120723
120753
120783
120813
120843
120873
120903
120933
120963
120993
121023
121055
121085
121115
121145
121175
121205
121235
121265
121295
121325
121355
121385
121415
121445
121475
121505
121535
121565
121595
121625
121655
121685
121715
121748
121778
121808
121838
121868
121898
121928
121958
121988
122018
122048
122078
122108
122138
122168
122198
122228
122258
122288
122318
122348
122378
122411
122441
122471
122501
122531
122561
122591
12260
122621
122651
122681
122711
122741
122771
122801
122831
122861
122891
12290
122921
122951
122981
123011
123041
123071
123105
123135
123165
123195
12320
123225
123255
123285
123315
123345
123375
123405
123435
123465
123495
12350
123525
123555
123585
123615
123645
123675
123705
123735
123770
123800
123830
123860
123890
123920
123950
123980
124010
124040
124070
124100
124130
124160
124190
124220
124250
124280
124310
124340
124370
124400
124430
124465
124495
124525
124555
124585
124615
124645
124675
124705
124735
124765
124795
124825
124855
124885
124915
124945
124975
125005
125035
125065
125095
125131
125161
125191
125221
125251
125281
125311
125341
125371
125401
125431
125461
125491
125521
125551
125581
125611
125641
125671
125701
125731
125761
125791
125828
125858
125888
125918
125948
125978
126008
126038
126068
126098
126128
126158
126188
126218
126248
126278
126308
126338
126368
126398
126428
126458
126496
126526
126556
126586
126616
126646
126676
126706
126736
126766
126796
126826
126856
126886
126916
126946
126976
127006
127036
127066
127096
127126
127165
127195
127225
127255
127285
127315
127345
127375
127405
127435
127465
127495
127525
127555
127585
127615
127645
127675
127705
127735
127765
127795
127825
127865
127895
127925
127955
127985
128015
128045
128075
128105
128135
128165
128195
128225
128255
128285
128315
128345
128375
128405
128435
128465
128495
128536
128566
128596
128626
128656
128686
128716
128746
128776
128806
128836
128866
128896
128926
128956
128986
129016
129046
129076
129106
129136
129166
129208
129238
129268
129298
129328
129358
129388
129418
129448
129478
12948
129508
129538
129568
129598
129628
129658
129688
129718
129748
129778
12978
129808
129838
129881
129911
129941
129971
130001
130031
130061
13008
130091
130121
130151
130181
130211
130241
130271
130301
130331
130361
130391
130421
130451
130481
130511
130541
130586
130616
130646
130676
130706
130736
130766
130796
130826
130856
130886
130916
130946
130976
131006
131036
131066
131096
131126
131156
131186
131216
131262
131292
131322
131352
131382
131412
131442
131472
131502
131532
131562
131592
131622
131652
131682
131712
131742
131772
131802
131832
131862
131892
131939
131969
131999
132029
132059
132089
132119
132149
132179
132209
132239
132269
132299
132329
132359
132389
132419
132449
132479
132509
132539
132569
132618
132648
132678
132708
132738
132768
132798
132828
132858
132888
132918
132948
132978
133008
133038
133068
133098
133128
133158
133188
133218
133248
133298
133328
133358
133388
133418
133448
133478
133508
133538
133568
133598
133628
133658
133688
133718
133748
133778
133808
133838
133868
133898
133928
133980
134010
134040
134070
134100
134130
134160
134190
134220
134250
134280
134310
134340
134370
134400
134430
134460
134490
134520
134550
134580
134610
134663
134693
134723
134753
134783
134813
134843
134873
134903
134933
134963
134993
135023
135053
135083
135113
135143
135173
135203
135233
135263
135293
135348
135378
135408
135438
135468
135498
135528
135558
135588
135618
135648
135678
135708
135738
135768
135798
135828
135858
135888
135918
135948
13600
136004
136034
136064
136094
136124
136154
136184
136214
136244
136274
13630
136304
136334
136364
136394
1364
136424
136454
136484
136514
136544
136574
13660
136604
136634
136692
136722
136752
136782
136812
136842
136872
13690
136902
136932
136962
136992
137022
137052
137082
137112
137142
137172
13720
137202
137232
137262
137292
137322
137382
137412
137442
137472
137502
137532
137562
137592
137622
137652
137682
137712
137742
137772
137802
137832
137862
137892
137922
137952
137982
138044
138074
138104
138134
138164
138194
138224
138254
138284
138314
138344
138374
138404
138434
138464
138494
138524
138554
138584
138614
138644
138674
138738
138768
138798
138828
138858
138888
138918
138948
138978
139008
139038
139068
139098
139128
139158
139188
139218
139248
139278
139308
139338
139404
139434
139464
139494
139524
139554
139584
139614
139644
139674
139704
139734
139764
139794
139824
139854
139884
139914
139944
139974
140004
140034
140102
140132
140162
140192
140222
140252
140282
140312
140342
140372
140402
140432
140462
140492
140522
140552
140582
140612
140642
140672
140702
140772
140802
140832
140862
140892
140922
140952
140982
141012
141042
141072
141102
141132
141162
141192
141222
141252
141282
141312
141342
141372
141444
141474
141504
141534
141564
141594
141624
141654
141684
141714
141744
141774
141804
141834
141864
141894
141924
141954
141984
142014
142044
142074
142148
142178
142208
142238
142268
142298
142328
142358
142388
142418
142448
142478
142508
142538
142568
142598
142628
142658
142688
142718
142748
142824
142854
142884
142914
142944
142974
143004
143034
14306
143064
143094
143124
143154
143184
143214
143244
143274
143304
143334
14336
143364
143394
143424
143503
143533
143563
143593
143623
143653
14366
143683
143713
143743
143773
143803
143833
143863
143893
143923
143953
14396
143983
144013
144043
144073
144103
144184
144214
144244
144274
144304
144334
144364
144394
144424
144454
144484
144514
144544
144574
144604
144634
144664
144694
144724
144754
144784
144867
144897
144927
144957
144987
145017
145047
145077
145107
145137
145167
145197
145227
145257
145287
145317
145347
145377
145407
145437
145523
145553
145583
145613
145643
145673
145703
145733
145763
145793
145823
145853
145883
145913
145943
145973
146003
146033
146063
146093
146123
146211
146241
146271
146301
146331
146361
146391
146421
146451
146481
146511
146541
146571
146601
146631
146661
146691
146721
146751
146781
146811
146902
146932
146962
146992
147022
147052
147082
147112
147142
147172
147202
147232
147262
147292
147322
147352
147382
147412
147442
147472
147566
147596
147626
147656
147686
147716
147746
147776
147806
147836
147866
147896
147926
147956
147986
148016
148046
148076
148106
148136
148166
148262
148292
148322
148352
148382
148412
148442
148472
148502
148532
148562
148592
148622
148652
148682
148712
148742
148772
148802
148832
148931
148961
148991
149021
149051
149081
149111
149141
149171
149201
149231
149261
149291
149321
149351
149381
149411
149441
149471
149501
149603
149633
149663
149693
149723
14975
149753
149783
149813
149843
149873
149903
149933
149963
149993
150023
15005
150053
150083
150113
150143
150173
150203
150308
150338
15035
150368
150398
150428
150458
150488
150518
150548
150578
150608
150638
15065
150668
150698
150728
150758
150788
150818
150848
150878
15095
150985
151015
151045
151075
151105
151135
151165
151195
151225
151255
151285
151315
151345
151375
151405
151435
151465
151495
151525
151555
151665
151695
151725
151755
151785
151815
151845
151875
151905
151935
151965
151995
152025
152055
152085
152115
152145
152175
152205
152235
152348
152378
152408
152438
152468
152498
152528
152558
152588
152618
152648
152678
152708
152738
152768
152798
152828
152858
152888
153004
153034
153064
153094
153124
153154
153184
153214
153244
153274
153304
153334
153364
153394
153424
153454
153484
153514
153544
153574
153694
153724
153754
153784
153814
153844
153874
153904
153934
153964
153994
154024
154054
154084
154114
154144
154174
154204
154234
154264
154387
154417
154447
154477
154507
154537
154567
154597
154627
154657
154687
154717
154747
154777
154807
154837
154867
154897
154927
155053
155083
155113
155143
155173
155203
155233
155263
155293
155323
155353
155383
155413
155443
155473
155503
155533
155563
155593
155722
155752
155782
155812
155842
155872
155902
155932
155962
155992
156022
156052
156082
156112
156142
156172
156202
156232
156262
156292
156424
156454
156484
156514
156544
156574
156604
156634
156664
15668
156694
156724
156754
156784
156814
156844
156874
156904
156934
156964
15698
157100
157130
157160
157190
157220
157250
15728
157280
157310
157340
157370
157400
157430
157460
157490
157520
157550
15758
157580
157610
157640
157779
157809
157839
157869
157899
157929
157959
157989
158019
158049
158079
158109
158139
158169
158199
158229
158259
158289
158319
158461
158491
158521
158551
158581
158611
158641
158671
158701
158731
158761
158791
158821
158851
158881
158911
158941
158971
159001
159147
159177
159207
159237
159267
159297
159327
159357
159387
159417
159447
159477
159507
159537
159567
159597
159627
159657
159807
159837
159867
159897
159927
159957
159987
160017
160047
160077
160107
160137
160167
160197
160227
160257
160287
160317
160347
160500
160530
160560
160590
160620
160650
160680
160710
160740
160770
160800
160830
160860
160890
160920
160950
160980
161010
161167
161197
161227
161257
161287
161317
161347
161377
161407
161437
161467
161497
161527
161557
161587
161617
161647
161677
161707
161867
161897
161927
161957
161987
162017
162047
162077
162107
162137
162167
162197
162227
162257
162287
162317
162347
162377
162541
162571
162601
162631
162661
162691
162721
162751
162781
162811
162841
162871
162901
162931
162961
162991
163021
163051
163219
163249
16325
163279
163309
163339
163369
163399
163429
163459
163489
163519
163549
16355
163579
163609
163639
163669
163699
163729
16385
163901
163931
163961
163991
164021
164051
164081
164111
164141
16415
164171
164201
164231
164261
164291
164321
164351
164381
164411
16445
164587
164617
164647
164677
164707
164737
164767
164797
164827
164857
164887
164917
164947
164977
165007
165037
165067
165246
165276
165306
165336
165366
165396
165426
165456
165486
165516
165546
165576
165606
165636
165666
165696
165726
165756
165939
165969
165999
166029
166059
166089
166119
166149
166179
166209
166239
166269
166299
166329
166359
166389
166419
166606
166636
166666
166696
166726
166756
166786
166816
166846
166876
166906
166936
166966
166996
167026
167056
167086
167116
167307
167337
167367
167397
167427
167457
167487
167517
167547
167577
167607
167637
167667
167697
167727
167757
167787
167982
168012
168042
168072
168102
168132
168162
168192
168222
168252
168282
168312
168342
168372
168402
168432
168462
168662
168692
168722
168752
168782
168812
168842
168872
168902
168932
168962
168992
169022
169052
169082
169112
169142
169346
169376
169406
169436
169466
169496
169526
169556
169586
169616
169646
169676
169706
169736
169766
169796
170004
170034
17006
170064
170094
170124
170154
170184
170214
170244
170274
170304
170334
17036
170364
170394
170424
170454
170484
17066
170696
170726
170756
170786
170816
170846
170876
170906
170936
17096
170966
170996
171026
171056
171086
171116
171146
17126
171363
171393
171423
171453
171483
171513
171543
171573
171603
171633
171663
171693
171723
171753
171783
171813
171843
172064
172094
172124
172154
172184
172214
172244
172274
172304
172334
172364
172394
172424
172454
172484
172514
172739
172769
172799
172829
172859
172889
172919
172949
172979
173009
173039
173069
173099
173129
173159
173189
173419
173449
173479
173509
173539
173569
173599
173629
173659
173689
173719
173749
173779
173809
173839
173869
174103
174133
174163
174193
174223
174253
174283
174313
174343
174373
174403
174433
174463
174493
174523
174762
174792
174822
174852
174882
174912
174942
174972
175002
175032
175062
175092
175122
175152
175182
175212
175455
175485
175515
175545
175575
175605
175635
175665
175695
175725
175755
175785
175815
175845
175875
176123
176153
176183
176213
176243
176273
176303
176333
176363
176393
176423
176453
176483
176513
176543
176573
17681
176825
176855
176885
176915
176945
176975
177005
177035
177065
177095
17711
177125
177155
177185
177215
177245
17741
177502
177532
177562
177592
177622
177652
177682
17771
177712
177742
177772
177802
177832
177862
177892
177922
17801
178184
178214
178244
178274
178304
17831
178334
178364
178394
178424
178454
178484
178514
178544
178574
178840
178870
178900
178930
178960
178990
179020
179050
179080
179110
179140
179170
179200
179230
179260
179531
179561
179591
179621
179651
179681
179711
179741
179771
179801
179831
179861
179891
179921
179951
180227
180257
180287
180317
180347
180377
180407
180437
180467
180497
180527
180557
180587
180617
180898
180928
180958
180988
181018
181048
181078
181108
181138
181168
181198
181228
181258
181288
181574
181604
181634
181664
181694
181724
181754
181784
181814
181844
181874
181904
181934
181964
182255
182285
182315
182345
182375
182405
182435
182465
182495
182525
182555
182585
182615
182645
182941
182971
183001
183031
183061
183091
183121
183151
183181
183211
183241
183271
183301
183602
183632
183662
183692
183722
183752
183782
18380
183812
183842
183872
183902
183932
183962
183992
18410
184298
184328
184358
184388
18440
184418
184448
184478
184508
184538
184568
184598
184628
184658
18470
184969
184999
18500
185029
185059
185089
185119
185149
185179
185209
185239
185269
185299
185329
185645
185675
185705
185735
185765
185795
185825
185855
185885
185915
185945
185975
186005
186326
186356
186386
186416
186446
186476
186506
186536
186566
186596
186626
186656
186686
187012
187042
187072
187102
187132
187162
187192
187222
187252
187282
187312
187342
187372
187703
187733
187763
187793
187823
187853
187883
187913
187943
187973
188003
188033
188370
188400
188430
188460
188490
188520
188550
188580
188610
188640
188670
188700
189042
189072
189102
189132
189162
189192
189222
189252
189282
189312
189342
189372
189402
189749
189779
189809
189839
189869
189899
189929
189959
189989
190019
190049
190402
19043
190432
190462
190492
190522
190552
190582
190612
190642
190672
190702
19073
190732
19103
191090
191120
191150
191180
191210
191240
191270
191300
19133
191330
191360
191390
191420
19163
191783
191813
191843
191873
191903
19193
191933
191963
191993
192023
192053
192083
192452
192482
192512
192542
192572
192602
192632
192662
192692
192722
192752
193126
193156
193186
193216
193246
193276
193306
193336
193366
193396
193426
193806
193836
193866
193896
193926
193956
193986
194016
194046
194076
194106
194491
194521
194551
194581
194611
194641
194671
194701
194731
194761
194791
195182
195212
195242
195272
195302
195332
195362
195392
195422
195452
195848
195878
195908
195938
195968
195998
196028
196058
196088
196118
196520
196550
196580
196610
196640
196670
196700
196730
196760
196790
196820
197227
197257
197287
19730
197317
197347
197377
197407
197437
197467
19760
197880
19790
197910
197940
197970
198000
198030
198060
198090
198120
198150
19820
19850
198569
198599
198629
198659
198689
198719
198749
198779
19880
198809
198839
199263
199293
199323
199353
199383
199413
199443
199473
199503
199933
199963
199993
200023
200053
200083
200113
200143
200173
200609
200639
200669
200699
200729
200759
200789
200819
200849
201291
201321
201351
201381
201411
201441
201471
201501
201531
201978
202008
202038
202068
202098
202128
202158
202188
202641
202671
202701
202731
202761
202791
202821
202851
202881
203340
203370
203400
203430
203460
203490
203520
203550
204015
204045
204075
20410
204105
204135
204165
204195
204225
20440
204696
20470
204726
204756
204786
204816
204846
204876
204906
20500
20530
205383
205413
205443
205473
205503
205533
205563
20560
206046
206076
206106
206136
206166
206196
206226
206256
206744
206774
206804
206834
206864
206894
206924
207418
207448
207478
207508
207538
207568
207598
208098
208128
208158
208188
208218
208248
208278
208784
208814
208844
208874
208904
208934
209446
209476
209506
209536
209566
209596
209626
210144
210174
210204
210234
210264
210294
210818
21084
210848
210878
210908
210938
210968
21114
21144
211498
211528
211558
211588
211618
211648
21174
21204
212185
212215
212245
212275
212305
21234
21264
212848
212878
212908
212938
212968
212998
213547
213577
213607
213637
213667
214222
214252
214282
214312
214342
214903
214933
214963
214993
215560
215590
215620
215650
215680
216253
216283
216313
216343
216922
216952
216982
217012
217042
217628
217658
217688
21782
21812
218280
218310
218340
218370
21842
21872
218968
218998
21902
219028
219058
21932
219662
219692
219722
220332
220362
220392
221009
221039
221069
221692
221722
221752
222381
222411
223046
223076
223106
223748
223778
224426
22444
22474
22504
225080
225110
22534
22564
225770
225800
22594
22624
226467
227140
227819
229166
23130
23160
23190
23220
23250
23280
23310
23810
23840
23870
23900
23930
23960
23990
24484
24514
24544
24574
24604
24634
24664
24694
25182
25212
25242
25272
25302
25332
25362
25845
25875
25905
25935
25965
25995
26025
26055
26532
26562
26592
26622
26652
26682
26712
26742
27213
2724
27243
27273
27303
27333
27363
27393
27423
27888
27918
27948
27978
28008
28038
28068
28098
28128
28587
28617
28647
28677
28707
28737
28767
28797
29250
29280
29310
29340
29370
29400
29430
29460
29490
29937
29967
29997
30027
30057
30087
30117
30147
30177
30619
30649
30679
30709
30739
30769
30799
30829
30859
31295
31325
31355
31385
31415
31445
31475
31505
31535
31965
31995
32025
32055
32085
32115
32145
32175
32205
32235
32659
32689
32719
32749
32779
32809
32839
32869
32899
32929
33348
33378
33408
33438
33468
33498
33528
33558
33588
34001
34031
34061
3409
34091
34121
34151
34181
34211
34241
34271
34301
34708
34738
34768
34798
34828
34858
34888
34918
34948
34978
35380
35410
35440
35470
35500
35530
35560
35590
35620
35650
36046
36076
36106
36136
36166
36196
36226
36256
36286
36316
36346
36737
36767
36797
36827
36857
36887
36917
36947
36977
37007
37037
37422
37452
37482
37512
37542
37572
37602
37632
37662
37692
37722
38102
38132
38162
38192
38222
38252
38282
38312
38342
38372
38402
38776
38806
38836
38866
38896
38926
38956
38986
39016
39046
39076
39445
39475
39505
39535
39565
39595
39625
39655
39685
39715
39745
39775
40138
40168
40198
40228
40258
40288
40318
40348
40378
40408
40438
40468
40826
40856
4088
40886
40916
40946
40976
41006
41036
41066
41096
41126
41156
41509
41539
41569
41599
41629
41659
41689
41719
41749
41779
41809
41839
42186
42216
42246
42276
42306
42336
42366
42396
42426
42456
42486
42516
42858
42888
42918
42948
42978
43008
43038
43068
43098
43128
43158
43188
43525
43555
43585
43615
43645
43675
43705
43735
43765
43795
43825
43855
43885
44216
44246
44276
44306
44336
44366
44396
44426
44456
44486
44516
44546
44576
44902
44932
44962
44992
45022
45052
45082
45112
45142
45172
45202
45232
45262
45583
45613
45643
45673
45703
45733
45763
45793
45823
45853
45883
45913
45943
46259
46289
46319
46349
46379
46409
46439
46469
46499
46529
46559
46589
46619
46930
46960
46990
47020
47050
47080
47110
47140
47170
47200
47230
47260
47290
47320
4761
47626
47656
47686
47716
47746
47776
47806
47836
47866
47896
4791
47926
47956
47986
48287
48317
48347
48377
48407
48437
48467
48497
48527
48557
48587
48617
48647
48677
48973
49003
49033
49063
49093
49123
49153
49183
49213
49243
49273
49303
49333
49363
49654
49684
49714
49744
49774
49804
49834
49864
49894
49924
49954
49984
50014
50044
50330
50360
50390
50420
50450
50480
50510
50540
50570
50600
50630
50660
50690
50720
51001
51031
51061
51091
51121
51151
51181
51211
51241
51271
51301
51331
51361
51391
51421
51697
51727
51757
51787
51817
51847
51877
51907
51937
51967
51997
52027
52057
52087
52117
52388
52418
52448
52478
52508
52538
52568
52598
52628
52658
52688
52718
52748
52778
53044
53074
53104
53134
53164
53194
53224
53254
53284
53314
53344
53374
53404
53434
53464
53726
53756
53786
53816
53846
53876
53906
53936
53966
53996
54026
54056
54086
54116
54146
54403
54433
54463
54493
54523
54553
5458
54583
54613
54643
54673
54703
54733
54763
54793
54823
54853
5488
55105
55135
55165
55195
55225
55255
55285
55315
55345
55375
55405
55435
55465
55495
55525
55773
55803
55833
55863
55893
55923
55953
55983
56013
56043
56073
56103
56133
56163
56193
56223
56466
56496
56526
56556
56586
56616
56646
56676
56706
56736
56766
56796
56826
56856
56886
57125
57155
57185
57215
57245
57275
57305
57335
57365
57395
57425
57455
57485
57515
57545
57575
57809
57839
57869
57899
57929
57959
57989
58019
58049
58079
58109
58139
58169
58199
58229
58259
58489
58519
58549
58579
58609
58639
58669
58699
58729
58759
58789
58819
58849
58879
58909
58939
59164
59194
59224
59254
59284
59314
59344
59374
59404
59434
59464
59494
59524
59554
59584
59614
59644
59865
59895
59925
59955
59985
60015
60045
60075
60105
60135
60165
60195
60225
60255
60285
60315
60532
60562
60592
60622
60652
60682
60712
60742
60772
60802
60832
60862
60892
60922
60952
60982
61012
61224
61254
61284
61314
61344
61374
61404
61434
61464
6148
61494
61524
61554
61584
61614
61644
61674
61882
61912
61942
61972
62002
62032
62062
62092
62122
62152
62182
62212
62242
62272
62302
62332
62362
62566
62596
62626
62656
62686
62716
62746
62776
62806
62836
62866
62896
62926
62956
62986
63016
63046
63246
63276
63306
63336
63366
63396
63426
63456
63486
63516
63546
63576
63606
63636
63666
63696
63726
63921
63951
63981
64011
64041
64071
64101
64131
64161
64191
64221
64251
64281
64311
64341
64371
64401
64431
64622
64652
64682
64712
64742
64772
64802
64832
64862
64892
64922
64952
64982
65012
65042
65072
65102
65289
65319
65349
65379
65409
65439
65469
65499
65529
65559
65589
65619
65649
65679
65709
65739
65769
65799
65982
66012
66042
66072
66102
66132
66162
66192
66222
66252
66282
66312
66342
66372
66402
66432
66462
66641
66671
66701
66731
66761
66791
66821
66851
66881
66911
66941
66971
67001
67031
67061
67091
67121
67151
67327
67357
67387
67417
67447
67477
67507
67537
67567
67597
67627
67657
67687
67717
67747
67777
67807
67837
68009
6802
68039
68069
68099
68129
68159
68189
68219
68249
68279
68309
6832
68339
68369
68399
68429
68459
68489
68519
68687
68717
68747
68777
68807
68837
68867
68897
68927
68957
68987
69017
69047
69077
69107
69137
69167
69197
69361
69391
69421
69451
69481
69511
69541
69571
69601
69631
69661
69691
69721
69751
69781
69811
69841
69871
69901
70061
70091
70121
70151
70181
70211
70241
70271
70301
70331
70361
70391
70421
70451
70481
70511
70541
70571
70728
70758
70788
70818
70848
70878
70908
70938
70968
70998
71028
71058
71088
71118
71148
71178
71208
71238
71268
71421
71451
71481
71511
71541
71571
71601
71631
71661
71691
71721
71751
71781
71811
71841
71871
71901
71931
72081
72111
72141
72171
72201
72231
72261
72291
72321
72351
72381
72411
72441
72471
72501
72531
72561
72591
72621
72767
72797
72827
72857
72887
72917
72947
72977
73007
73037
73067
73097
73127
73157
73187
73217
73247
73277
73307
73449
73479
73509
73539
73569
73599
73629
73659
73689
73719
73749
73779
73809
73839
73869
73899
73929
73959
73989
74128
74158
74188
74218
74248
74278
74308
74338
74368
74398
74428
74458
74488
74518
74548
74578
74608
74638
74668
7480
74804
74834
74864
74894
74924
74954
74984
75014
75044
75074
7510
75104
75134
75164
75194
75224
75254
75284
75314
75344
75374
7540
75506
75536
75566
75596
75626
75656
75686
75716
75746
75776
75806
75836
75866
75896
75926
75956
75986
76016
76046
76175
76205
76235
76265
76295
76325
76355
76385
76415
76445
76475
76505
76535
76565
76595
76625
76655
76685
76715
76841
76871
76901
76931
76961
76991
77021
77051
77081
77111
77141
77171
77201
77231
77261
77291
77321
77351
77381
77411
77534
77564
77594
77624
77654
77684
77714
77744
77774
77804
77834
77864
77894
77924
77954
77984
78014
78044
78074
78104
78224
78254
78284
78314
78344
78374
78404
78434
78464
78494
78524
78554
78584
78614
78644
78674
78704
78734
78764
78880
78910
78940
78970
79000
79030
79060
79090
79120
79150
79180
79210
79240
79270
79300
79330
79360
79390
79420
79450
79563
79593
79623
79653
79683
79713
79743
79773
79803
79833
79863
79893
79923
79953
79983
80013
80043
80073
80103
80133
80243
80273
80303
80333
80363
80393
80423
80453
80483
80513
80543
80573
80603
80633
80663
80693
80723
80753
80783
80813
80920
80950
80980
81010
81040
81070
81100
81130
81160
81190
81220
81250
81280
81310
81340
81370
81400
81430
81460
81490
81520
81625
81655
81685
81715
81745
81775
81805
8182
81835
81865
81895
81925
81955
81985
82015
82045
82075
82105
8212
82135
82165
82195
82297
82327
82357
82387
82417
82447
82477
82507
82537
82567
82597
82627
82657
82687
82717
82747
82777
82807
82837
82867
82966
82996
83026
83056
83086
83116
83146
83176
83206
83236
83266
83296
83326
83356
83386
83416
83446
83476
83506
83536
83566
83662
83692
83722
83752
83782
83812
83842
83872
83902
83932
83962
83992
84022
84052
84082
84112
84142
84172
84202
84232
84326
84356
84386
84416
84446
84476
84506
84536
84566
84596
84626
84656
84686
84716
84746
84776
84806
84836
84866
84896
84926
85017
85047
85077
85107
85137
85167
85197
85227
85257
85287
85317
85347
85377
85407
85437
85467
85497
85527
85557
85587
85617
85705
85735
85765
85795
85825
85855
85885
85915
85945
85975
86005
86035
86065
86095
86125
86155
86185
86215
86245
86275
86361
86391
86421
86451
86481
86511
86541
86571
86601
86631
86661
86691
86721
86751
86781
86811
86841
86871
86901
86931
86961
87044
87074
87104
87134
87164
87194
87224
87254
87284
87314
87344
87374
87404
87434
87464
87494
87524
87554
87584
87614
87644
87725
87755
87785
87815
87845
87875
87905
87935
87965
87995
88025
88055
88085
88115
88145
88175
88205
88235
88265
88295
88325
88404
88434
88464
8847
88494
88524
88554
88584
88614
88644
88674
88704
88734
88764
8877
88794
88824
88854
88884
88914
88944
88974
89004
8907
89080
89110
89140
89170
89200
89230
89260
89290
89320
89350
89380
89410
89440
89470
89500
89530
89560
89590
89620
89650
89680
89710
89784
89814
89844
89874
89904
89934
89964
89994
90024
90054
90084
90114
90144
90174
90204
90234
90264
90294
90324
90354
90384
90456
90486
90516
90546
90576
90606
90636
90666
90696
90726
90756
90786
90816
90846
90876
90906
90936
90966
90996
91026
91056
91126
91156
91186
91216
91246
91276
91306
91336
91366
91396
91426
91456
91486
91516
91546
91576
91606
91636
91666
91696
91726
91756
91824
91854
91884
91914
91944
91974
92004
92034
92064
92094
92124
92154
92184
92214
92244
92274
92304
92334
92364
92394
92424
92490
92520
92550
92580
92610
92640
92670
92700
92730
92760
92790
92820
92850
92880
92910
92940
92970
93000
93030
93060
93090
93120
93184
93214
93244
93274
93304
93334
93364
93394
93424
93454
93484
93514
93544
93574
93604
93634
93664
93694
93724
93754
93784
93846
93876
93906
93936
93966
93996
94026
94056
94086
94116
94146
94176
94206
94236
94266
94296
94326
94356
94386
94416
94446
94476
94536
94566
94596
94626
94656
94686
94716
94746
94776
94806
94836
94866
94896
94926
94956
94986
95016
95046
95076
95106
95136
95166
95224
95254
95284
95314
95344
9536
95374
95404
95434
95464
95494
95524
95554
95584
95614
95644
9566
95674
95704
95734
95764
95794
95824
95880
95910
95940
9596
95970
96000
96030
96060
96090
96120
96150
96180
96210
96240
96270
96300
96330
96360
96390
96420
96450
96480
96510
96565
96595
96625
96655
96685
96715
96745
96775
96805
96835
96865
96895
96925
96955
96985
97015
97045
97075
97105
97135
97165
97195
97248
97278
97308
97338
97368
97398
97428
97458
97488
97518
97548
97578
97608
97638
97668
97698
97728
97758
97788
97818
97848
97878
97930
97960
97990
98020
98050
98080
98110
98140
98170
98200
98230
98260
98290
98320
98350
98380
98410
98440
98470
98500
98530
98560
98610
98640
98670
98700
98730
98760
98790
98820
98850
98880
98910
98940
98970
99000
99030
99060
99090
99120
99150
99180
99210
99240
99289
99319
99349
99379
99409
99439
99469
99499
99529
99559
99589
99619
99649
99679
99709
99739
99769
99799
99829
99859
99889
99919
99966
99996
