100015
100045
100075
100105
100135
100165
100195
100225
100255
100285
100315
100345
100375
100405
100435
100465
100495
100525
100555
100585
100615
100661
100691
100721
100751
100781
100811
100841
100871
100901
100931
100961
100991
101021
101051
101081
101111
101141
101171
101201
101231
101261
101291
101336
101366
101396
101426
101456
101486
101516
101546
101576
101606
101636
101666
101696
101726
101756
101786
101816
101846
101876
101906
101936
101966
102009
102039
102069
10208
102099
102129
102159
102189
102219
102249
102279
102309
102339
102369
10238
102399
102429
102459
102489
102519
102549
102579
102609
102639
10268
102681
102711
102741
102771
102801
102831
102861
102891
102921
102951
102981
103011
103041
103071
103101
103131
103161
103191
103221
103251
103281
103311
103341
103382
103412
103442
103472
103502
103532
103562
103592
103622
103652
103682
103712
103742
103772
103802
103832
103862
103892
103922
103952
103982
104012
104052
104082
104112
104142
104172
104202
104232
104262
104292
104322
104352
104382
104412
104442
104472
104502
104532
104562
104592
104622
104652
104682
104721
104751
104781
104811
104841
104871
104901
104931
104961
104991
105021
105051
105081
105111
105141
105171
105201
105231
105261
105291
105321
105351
105381
105419
105449
105479
105509
105539
105569
105599
105629
105659
105689
105719
105749
105779
105809
105839
105869
105899
105929
105959
105989
106019
106049
106086
106116
106146
106176
106206
106236
106266
106296
106326
106356
106386
106416
106446
106476
106506
106536
106566
106596
106626
106656
106686
106716
106746
106782
106812
106842
106872
106902
106932
106962
106992
107022
107052
107082
107112
107142
107172
107202
107232
107262
107292
107322
107352
107382
107412
107447
107477
107507
107537
107567
107597
107627
107657
107687
107717
107747
107777
107807
107837
107867
107897
107927
107957
107987
108017
108047
108077
108107
108142
108172
108202
108232
108262
108292
108322
108352
108382
108412
108442
108472
108502
108532
108562
108592
108622
108652
108682
108712
108742
108772
108806
108836
10885
108866
108896
108926
108956
108986
109016
109046
109076
109106
109136
10915
109166
109196
109226
109256
109286
109316
109346
109376
109406
109436
10945
109466
109499
109529
109559
109589
109619
109649
109679
109709
109739
10975
109769
109799
109829
109859
109889
109919
109949
109979
110009
110039
110069
110099
110129
110162
110192
110222
110252
110282
110312
110342
110372
110402
110432
110462
110492
110522
110552
110582
110612
110642
110672
110702
110732
110762
110792
110822
110854
110884
110914
110944
110974
111004
111034
111064
111094
111124
111154
111184
111214
111244
111274
111304
111334
111364
111394
111424
111454
111484
111514
111546
111576
111606
111636
111666
111696
111726
111756
111786
111816
111846
111876
111906
111936
111966
111996
112026
112056
112086
112116
112146
112176
112208
112238
112268
112298
112328
112358
112388
112418
112448
112478
112508
112538
112568
112598
112628
112658
112688
112718
112748
112778
112808
112838
112868
112899
112929
112959
112989
113019
113049
113079
113109
113139
113169
113199
113229
113259
113289
113319
113349
113379
113409
113439
113469
113499
113529
113588
113618
113648
113664
113694
113724
113754
113784
113814
113844
113874
113904
113934
113964
113994
114024
114054
114084
114114
114144
114177
114207
114237
114268
114298
114328
114355
114385
114415
114445
114475
114505
114535
114565
114595
114625
114655
114685
114715
114745
114775
114805
114835
114857
114887
114917
114948
114978
115008
115046
115076
115106
115136
115166
115196
115226
115256
115286
115316
115346
115376
115406
115436
115466
115496
115537
115567
115597
115628
115658
115688
115707
115737
115767
115797
115827
11585
115857
115887
115917
115947
115977
116007
116037
116067
116097
116127
11615
116157
116187
116217
116247
116277
116308
116338
116368
116398
116428
11645
116458
116488
116518
116548
116578
116608
116638
116668
116698
116728
116758
116788
116818
116848
116878
116897
116927
116957
116988
117018
117048
117089
117119
117149
117179
117209
117239
117269
117299
117329
117359
117389
117419
117449
117479
117509
117539
117577
117607
117637
117646
117676
117706
117736
117766
117796
117826
117856
117886
117916
117946
117976
118006
118036
118066
118096
118126
118156
118186
118216
118246
118276
118306
118337
118367
118397
118427
118457
118487
118517
118547
118577
118607
118637
118667
118697
118727
118757
118787
118817
118847
118877
118907
118937
118967
118997
119028
119058
119088
119118
119148
119178
119208
119238
119268
119298
119328
119358
119388
119418
119448
119478
119508
119538
119568
119598
119628
119658
119690
119720
119750
119780
119810
119840
119870
119900
119930
119960
119990
120020
120050
120080
120110
120140
120170
120200
120230
120260
120290
120320
120350
120382
120412
120442
120472
120502
120532
120562
120592
120622
120652
120682
120712
120742
120772
120802
120832
120862
120892
120922
120952
120982
121012
121044
121074
121104
121134
121164
121194
121224
121254
121284
121314
121344
121374
121404
121434
121464
121494
121524
121554
121584
121614
121644
121674
121704
121737
121767
121797
121827
121857
121887
121917
121947
121977
122007
122037
122067
122097
122127
122157
122187
122217
122247
122277
122307
122337
122367
122400
122430
122460
12249
122490
122520
122550
122580
122610
122640
122670
122700
122730
122760
12279
122790
122820
122850
122880
122910
122940
122970
123000
123030
123060
12309
123094
123124
123154
123184
123214
123244
123274
123304
123334
123364
12339
123394
123424
123454
123484
123514
123544
123574
123604
123634
123664
123694
123724
123754
123789
123819
123849
123879
123909
123939
123969
123999
124029
124059
124089
124119
124149
124179
124209
124239
124269
124299
124329
124359
124389
124419
124454
124484
124514
124544
124574
124604
124634
124664
124694
124724
124754
124784
124814
124844
124874
124904
124934
124964
124994
125024
125054
125084
125120
125150
125180
125210
125240
125270
125300
125330
125360
125390
125420
125450
125480
125510
125540
125570
125600
125630
125660
125690
125720
125750
125780
125817
125847
125877
125907
125937
125967
125997
126027
126057
126087
126117
126147
126177
126207
126237
126267
126297
126327
126357
126387
126417
126447
126485
126515
126545
126575
126605
126635
126665
126695
126725
126755
126785
126815
126845
126875
126905
126935
126965
126995
127025
127055
127085
127115
127145
127184
127214
127244
127274
127304
127334
127364
127394
127424
127454
127484
127514
127544
127574
127604
127634
127664
127694
127724
127754
127784
127814
127854
127884
127914
127944
127974
128004
128034
128064
128094
128124
128154
128184
128214
128244
128274
128304
128334
128364
128394
128424
128454
128484
128525
128555
128585
128615
128645
128675
128705
128735
128765
128795
128825
128855
128885
128915
128945
128975
129005
129035
129065
129095
129125
129155
129185
129227
129257
129287
129317
129347
12937
129377
129407
129437
129467
129497
129527
129557
129587
129617
129647
12967
129677
129707
129737
129767
129797
129827
129857
129900
129930
129960
12997
129990
130020
130050
130080
130110
130140
130170
130200
130230
130260
13027
130290
130320
130350
130380
130410
130440
130470
130500
130530
130575
130605
130635
130665
130695
130725
130755
130785
130815
130845
130875
130905
130935
130965
130995
131025
131055
131085
131115
131145
131175
131205
131251
131281
131311
131341
131371
131401
131431
131461
131491
131521
131551
131581
131611
131641
131671
131701
131731
131761
131791
131821
131851
131881
131928
131958
131988
132018
132048
132078
132108
132138
132168
132198
132228
132258
132288
132318
132348
132378
132408
132438
132468
132498
132528
132558
132607
132637
132667
132697
132727
132757
132787
132817
132847
132877
132907
132937
132967
132997
133027
133057
133087
133117
133147
133177
133207
133237
133287
133317
133347
133377
133407
133437
133467
133497
133527
133557
133587
133617
133647
133677
133707
133737
133767
133797
133827
133857
133887
133917
133969
133999
134029
134059
134089
134119
134149
134179
134209
134239
134269
134299
134329
134359
134389
134419
134449
134479
134509
134539
134569
134599
134652
134682
134712
134742
134772
134802
134832
134862
134892
134922
134952
134982
135012
135042
135072
135102
135132
135162
135192
135222
135252
135282
135337
135367
135397
135427
135457
135487
135517
135547
135577
135607
135637
135667
135697
135727
135757
135787
135817
135847
135877
135907
135937
135967
136023
136053
136083
136113
136143
136173
13619
136203
136233
136263
136293
136323
136353
136383
136413
136443
136473
13649
136503
136533
136563
136593
136623
136681
136711
136741
136771
13679
136801
136831
136861
136891
136921
136951
136981
137011
137041
137071
13709
137101
137131
137161
137191
137221
137251
137281
137311
137371
137401
137431
137461
137491
137521
137551
137581
137611
137641
137671
137701
137731
137761
137791
137821
137851
137881
137911
137941
137971
138001
138063
138093
138123
138153
138183
138213
138243
138273
138303
138333
138363
138393
138423
138453
138483
138513
138543
138573
138603
138633
138663
138727
138757
138787
138817
138847
138877
138907
138937
138967
138997
139027
139057
139087
139117
139147
139177
139207
139237
139267
139297
139327
139357
139423
139453
139483
139513
139543
139573
139603
139633
139663
139693
139723
139753
139783
139813
139843
139873
139903
139933
139963
139993
140023
140091
140121
140151
140181
140211
140241
140271
140301
140331
140361
140391
140421
140451
140481
140511
140541
140571
140601
140631
140661
140691
140761
140791
140821
140851
140881
140911
140941
140971
141001
141031
141061
141091
141121
141151
141181
141211
141241
141271
141301
141331
141361
141391
141463
141493
141523
141553
141583
141613
141643
141673
141703
141733
141763
141793
141823
141853
141883
141913
141943
141973
142003
142033
142063
142137
142167
142197
142227
142257
142287
142317
142347
142377
142407
142437
142467
142497
142527
142557
142587
142617
142647
142677
142707
142737
142813
142843
142873
142903
142933
14295
142963
142993
143023
143053
143083
143113
143143
143173
143203
143233
14325
143263
143293
143323
143353
143383
143413
143492
143522
14355
143552
143582
143612
143642
143672
143702
143732
143762
143792
143822
14385
143852
143882
143912
143942
143972
144002
144032
144062
144092
144173
144203
144233
144263
144293
144323
144353
144383
144413
144443
144473
144503
144533
144563
144593
144623
144653
144683
144713
144743
144773
144856
144886
144916
144946
144976
145006
145036
145066
145096
145126
145156
145186
145216
145246
145276
145306
145336
145366
145396
145426
145456
145542
145572
145602
145632
145662
145692
145722
145752
145782
145812
145842
145872
145902
145932
145962
145992
146022
146052
146082
146112
146200
146230
146260
146290
146320
146350
146380
146410
146440
146470
146500
146530
146560
146590
146620
146650
146680
146710
146740
146770
146800
146891
146921
146951
146981
147011
147041
147071
147101
147131
147161
147191
147221
147251
147281
147311
147341
147371
147401
147431
147461
147491
147585
147615
147645
147675
147705
147735
147765
147795
147825
147855
147885
147915
147945
147975
148005
148035
148065
148095
148125
148155
148251
148281
148311
148341
148371
148401
148431
148461
148491
148521
148551
148581
148611
148641
148671
148701
148731
148761
148791
148821
148920
148950
148980
149010
149040
149070
149100
149130
149160
149190
149220
149250
149280
149310
149340
149370
149400
149430
149460
149490
149520
149622
14964
149652
149682
149712
149742
149772
149802
149832
149862
149892
149922
14994
149952
149982
150012
150042
150072
150102
150132
150162
150192
15024
150297
150327
150357
150387
150417
150447
150477
150507
150537
15054
150567
150597
150627
150657
150687
150717
150747
150777
150807
150837
15084
150867
150974
151004
151034
151064
151094
151124
151154
151184
151214
151244
151274
151304
151334
151364
151394
151424
151454
151484
151514
151544
151654
151684
151714
151744
151774
151804
151834
151864
151894
151924
151954
151984
152014
152044
152074
152104
152134
152164
152194
152224
152337
152367
152397
152427
152457
152487
152517
152547
152577
152607
152637
152667
152697
152727
152757
152787
152817
152847
152877
152907
153023
153053
153083
153113
153143
153173
153203
153233
153263
153293
153323
153353
153383
153413
153443
153473
153503
153533
153563
153683
153713
153743
153773
153803
153833
153863
153893
153923
153953
153983
154013
154043
154073
154103
154133
154163
154193
154223
154253
154376
154406
154436
154466
154496
154526
154556
154586
154616
154646
154676
154706
154736
154766
154796
154826
154856
154886
154916
155042
155072
155102
155132
155162
155192
155222
155252
155282
155312
155342
155372
155402
155432
155462
155492
155522
155552
155582
155612
155741
155771
155801
155831
155861
155891
155921
155951
155981
156011
156041
156071
156101
156131
156161
156191
156221
156251
156281
156413
156443
156473
156503
156533
156563
15657
156593
156623
156653
156683
156713
156743
156773
156803
156833
156863
15687
156893
156923
156953
157089
157119
157149
15717
157179
157209
157239
157269
157299
157329
157359
157389
157419
157449
15747
157479
157509
157539
157569
157599
157629
157768
15777
157798
157828
157858
157888
157918
157948
157978
158008
158038
158068
158098
158128
158158
158188
158218
158248
158278
158308
158450
158480
158510
158540
158570
158600
158630
158660
158690
158720
158750
158780
158810
158840
158870
158900
158930
158960
158990
159136
159166
159196
159226
159256
159286
159316
159346
159376
159406
159436
159466
159496
159526
159556
159586
159616
159646
159676
159826
159856
159886
159916
159946
159976
160006
160036
160066
160096
160126
160156
160186
160216
160246
160276
160306
160336
160489
160519
160549
160579
160609
160639
160669
160699
160729
160759
160789
160819
160849
160879
160909
160939
160969
160999
161029
161186
161216
161246
161276
161306
161336
161366
161396
161426
161456
161486
161516
161546
161576
161606
161636
161666
161696
161856
161886
161916
161946
161976
162006
162036
162066
162096
162126
162156
162186
162216
162246
162276
162306
162336
162366
162530
162560
162590
162620
162650
162680
162710
162740
162770
162800
162830
162860
162890
162920
162950
162980
163010
163040
163208
163238
163268
163298
163328
163358
163388
163418
16344
163448
163478
163508
163538
163568
163598
163628
163658
163688
163718
16374
163890
163920
163950
163980
164010
16404
164040
164070
164100
164130
164160
164190
164220
164250
164280
164310
16434
164340
164370
164400
164576
164606
164636
16464
164666
164696
164726
164756
164786
164816
164846
164876
164906
164936
164966
164996
165026
165056
165086
165265
165295
165325
165355
165385
165415
165445
165475
165505
165535
165565
165595
165625
165655
165685
165715
165745
165928
165958
165988
166018
166048
166078
166108
166138
166168
166198
166228
166258
166288
166318
166348
166378
166408
166438
166625
166655
166685
166715
166745
166775
166805
166835
166865
166895
166925
166955
166985
167015
167045
167075
167105
167296
167326
167356
167386
167416
167446
167476
167506
167536
167566
167596
167626
167656
167686
167716
167746
167776
167971
168001
168031
168061
168091
168121
168151
168181
168211
168241
168271
168301
168331
168361
168391
168421
168451
168651
168681
168711
168741
168771
168801
168831
168861
168891
168921
168951
168981
169011
169041
169071
169101
169131
169335
169365
169395
169425
169455
169485
169515
169545
169575
169605
169635
169665
169695
169725
169755
169785
169815
170023
170053
170083
170113
170143
170173
170203
170233
17025
170263
170293
170323
170353
170383
170413
170443
170473
17055
170685
170715
170745
170775
170805
170835
17085
170865
170895
170925
170955
170985
171015
171045
171075
171105
171135
17115
171165
171382
171412
171442
17145
171472
171502
171532
171562
171592
171622
171652
171682
171712
171742
171772
171802
171832
172053
172083
172113
172143
172173
172203
172233
172263
172293
172323
172353
172383
172413
172443
172473
172503
172728
172758
172788
172818
172848
172878
172908
172938
172968
172998
173028
173058
173088
173118
173148
173178
173408
173438
173468
173498
173528
173558
173588
173618
173648
173678
173708
173738
173768
173798
173828
173858
174092
174122
174152
174182
174212
174242
174272
174302
174332
174362
174392
174422
174452
174482
174512
174542
174781
174811
174841
174871
174901
174931
174961
174991
175021
175051
175081
175111
175141
175171
175201
175444
175474
175504
175534
175564
175594
175624
175654
175684
175714
175744
175774
175804
175834
175864
175894
176142
176172
176202
176232
176262
176292
176322
176352
176382
176412
176442
176472
176502
176532
176562
176814
176844
176874
176904
176934
176964
176994
17700
177024
177054
177084
177114
177144
177174
177204
177234
17730
177491
177521
177551
177581
17760
177611
177641
177671
177701
177731
177761
177791
177821
177851
177881
17790
177911
178173
17820
178203
178233
178263
178293
178323
178353
178383
178413
178443
178473
178503
178533
178563
178593
178859
178889
178919
178949
178979
179009
179039
179069
179099
179129
179159
179189
179219
179249
179520
179550
179580
179610
179640
179670
179700
179730
179760
179790
179820
179850
179880
179910
179940
180216
180246
180276
180306
180336
180366
180396
180426
180456
180486
180516
180546
180576
180606
180887
180917
180947
180977
181007
181037
181067
181097
181127
181157
181187
181217
181247
181277
181563
181593
181623
181653
181683
181713
181743
181773
181803
181833
181863
181893
181923
181953
182244
182274
182304
182334
182364
182394
182424
182454
182484
182514
182544
182574
182604
182634
182930
182960
182990
183020
183050
183080
183110
183140
183170
183200
183230
183260
183290
183320
183621
183651
183681
18369
183711
183741
183771
183801
183831
183861
183891
183921
183951
183981
18399
184287
18429
184317
184347
184377
184407
184437
184467
184497
184527
184557
184587
18459
184617
184647
184677
18489
184988
185018
185048
185078
185108
185138
185168
18519
185198
185228
185258
185288
185318
185348
185664
185694
185724
185754
185784
185814
185844
185874
185904
185934
185964
185994
186024
186345
186375
186405
186435
186465
186495
186525
186555
186585
186615
186645
186675
187001
187031
187061
187091
187121
187151
187181
187211
187241
187271
187301
187331
187361
187692
187722
187752
187782
187812
187842
187872
187902
187932
187962
187992
188022
188052
188389
188419
188449
188479
188509
188539
188569
188599
188629
188659
188689
188719
189061
189091
189121
189151
189181
189211
189241
189271
189301
189331
189361
189391
189738
189768
189798
189828
189858
189888
189918
189948
189978
190008
190038
190068
190421
190451
190481
190511
190541
190571
190601
19062
190631
190661
190691
190721
190751
19092
191109
191139
191169
191199
19122
191229
191259
191289
191319
191349
191379
191409
19152
191772
191802
19182
191832
191862
191892
191922
191952
191982
192012
192042
192072
19212
192441
192471
192501
192531
192561
192591
192621
192651
192681
192711
192741
192771
193145
193175
193205
193235
193265
193295
193325
193355
193385
193415
193445
193825
193855
193885
193915
193945
193975
194005
194035
194065
194095
194480
194510
194540
194570
194600
194630
194660
194690
194720
194750
194780
195171
195201
195231
195261
195291
195321
195351
195381
195411
195441
195471
195867
195897
195927
195957
195987
196017
196047
196077
196107
196137
196539
196569
196599
196629
196659
196689
196719
196749
196779
196809
197216
197246
197276
197306
197336
197366
197396
197426
197456
197486
19749
19779
197899
197929
197959
197989
198019
198049
198079
19809
198109
198139
198169
19839
198588
198618
198648
198678
19869
198708
198738
198768
198798
198828
19899
199252
199282
199312
199342
199372
199402
199432
199462
199492
199922
199952
199982
200012
200042
200072
200102
200132
200162
200192
200628
200658
200688
200718
200748
200778
200808
200838
201280
201310
201340
201370
201400
201430
201460
201490
201520
201967
201997
202027
202057
202087
202117
202147
202177
202207
202660
202690
202720
202750
202780
202810
202840
202870
203329
203359
203389
203419
203449
203479
203509
203539
204004
204034
204064
204094
204124
204154
204184
204214
20429
20459
204685
204715
204745
204775
204805
204835
204865
20489
204895
2051
20519
205372
205402
205432
205462
20549
205492
205522
205552
205582
20579
206065
206095
206125
206155
206185
206215
206245
206733
206763
206793
206823
206853
206883
206913
207407
207437
207467
207497
207527
207557
207587
208087
208117
208147
208177
208207
208237
208267
208773
208803
208833
208863
208893
208923
208953
209465
209495
209525
209555
209585
209615
210133
210163
210193
210223
210253
210283
210807
210837
210867
210897
210927
210957
21103
21133
211487
211517
211547
211577
211607
21163
211637
21193
212174
212204
21223
212234
212264
212294
212324
21253
212867
212897
212927
212957
212987
213536
213566
213596
213626
213656
214211
214241
214271
214301
214331
214892
214922
214952
214982
215012
215579
215609
215639
215669
216242
216272
216302
216332
216362
216941
216971
217001
217031
217617
217647
217677
217707
21771
21801
218299
21831
218329
218359
218389
21861
21891
218987
219017
219047
21921
21951
219651
219681
219711
220321
220351
220381
220411
221028
221058
221681
221711
221741
222370
222400
222430
223065
223095
223737
223767
224415
224445
22463
22493
225099
225129
22523
22553
225789
22583
22613
22643
226456
227129
227808
228493
23149
23179
23209
23239
23269
23299
23329
23829
23859
23889
23919
23949
23979
24009
24503
24533
24563
24593
24623
24653
24683
25171
25201
25231
25261
25291
25321
25351
25381
25864
25894
25924
25954
25984
26014
26044
26521
26551
26581
26611
26641
26671
26701
26731
27202
27232
27262
27292
27322
27352
27382
27412
2743
27442
27907
27937
27967
27997
28027
28057
28087
28117
28576
28606
28636
28666
28696
28726
28756
28786
28816
29269
29299
29329
29359
29389
29419
29449
29479
29926
29956
29986
30016
30046
30076
30106
30136
30166
30608
30638
30668
30698
30728
30758
30788
30818
30848
31284
31314
31344
31374
31404
31434
31464
31494
31524
31554
31984
32014
32044
32074
32104
32134
32164
32194
32224
32648
32678
32708
32738
32768
32798
32828
32858
32888
32918
33337
33367
33397
33427
33457
33487
33517
33547
33577
33607
34020
34050
34080
34110
34140
34170
34200
34230
34260
3428
34290
34697
34727
34757
34787
34817
34847
34877
34907
34937
34967
35369
35399
35429
35459
35489
35519
35549
35579
35609
35639
35669
36065
36095
36125
36155
36185
36215
36245
36275
36305
36335
36726
36756
36786
36816
36846
36876
36906
36936
36966
36996
37026
37411
37441
37471
37501
37531
37561
37591
37621
37651
37681
37711
38091
38121
38151
38181
38211
38241
38271
38301
38331
38361
38391
38765
38795
38825
38855
38885
38915
38945
38975
39005
39035
39065
39095
39464
39494
39524
39554
39584
39614
39644
39674
39704
39734
39764
40127
40157
40187
40217
40247
40277
40307
40337
40367
40397
40427
40457
40815
40845
40875
40905
40935
40965
40995
41025
41055
4107
41085
41115
41145
41498
41528
41558
41588
41618
41648
41678
41708
41738
41768
41798
41828
42175
42205
42235
42265
42295
42325
42355
42385
42415
42445
42475
42505
42847
42877
42907
42937
42967
42997
43027
43057
43087
43117
43147
43177
43207
43544
43574
43604
43634
43664
43694
43724
43754
43784
43814
43844
43874
44205
44235
44265
44295
44325
44355
44385
44415
44445
44475
44505
44535
44565
44891
44921
44951
44981
45011
45041
45071
45101
45131
45161
45191
45221
45251
45572
45602
45632
45662
45692
45722
45752
45782
45812
45842
45872
45902
45932
46248
46278
46308
46338
46368
46398
46428
46458
46488
46518
46548
46578
46608
46638
46949
46979
47009
47039
47069
47099
47129
47159
47189
47219
47249
47279
47309
47615
47645
47675
47705
47735
47765
47795
4780
47825
47855
47885
47915
47945
47975
48005
48306
48336
48366
48396
48426
48456
48486
48516
48546
48576
48606
48636
48666
48962
48992
49022
49052
49082
49112
49142
49172
49202
49232
49262
49292
49322
49352
49643
49673
49703
49733
49763
49793
49823
49853
49883
49913
49943
49973
50003
50033
50063
50349
50379
50409
50439
50469
50499
50529
50559
50589
50619
50649
50679
50709
50739
51020
51050
51080
51110
51140
51170
51200
51230
51260
51290
51320
51350
51380
51410
51686
51716
51746
51776
51806
51836
51866
51896
51926
51956
51986
52016
52046
52076
52106
52377
52407
52437
52467
52497
52527
52557
52587
52617
52647
52677
52707
52737
52767
52797
53063
53093
53123
53153
53183
53213
53243
53273
53303
53333
53363
53393
53423
53453
53483
53745
53775
53805
53835
53865
53895
53925
53955
53985
54015
54045
54075
54105
54135
54165
54422
54452
5447
54482
54512
54542
54572
54602
54632
54662
54692
54722
54752
5477
54782
54812
54842
55094
55124
55154
55184
55214
55244
55274
55304
55334
55364
55394
55424
55454
55484
55514
55762
55792
55822
55852
55882
55912
55942
55972
56002
56032
56062
56092
56122
56152
56182
56212
56455
56485
56515
56545
56575
56605
56635
56665
56695
56725
56755
56785
56815
56845
56875
56905
57144
57174
57204
57234
57264
57294
57324
57354
57384
57414
57444
57474
57504
57534
57564
57594
57828
57858
57888
57918
57948
57978
58008
58038
58068
58098
58128
58158
58188
58218
58248
58278
58508
58538
58568
58598
58628
58658
58688
58718
58748
58778
58808
58838
58868
58898
58928
58958
59183
59213
59243
59273
59303
59333
59363
59393
59423
59453
59483
59513
59543
59573
59603
59633
59854
59884
59914
59944
59974
60004
60034
60064
60094
60124
60154
60184
60214
60244
60274
60304
60521
60551
60581
60611
60641
60671
60701
60731
60761
60791
60821
60851
60881
60911
60941
60971
61001
61213
61243
61273
61303
61333
61363
6137
61393
61423
61453
61483
61513
61543
61573
61603
61633
61663
6167
61693
61901
61931
61961
61991
62021
62051
62081
62111
62141
62171
62201
62231
62261
62291
62321
62351
62381
62585
62615
62645
62675
62705
62735
62765
62795
62825
62855
62885
62915
62945
62975
63005
63035
63065
63265
63295
63325
63355
63385
63415
63445
63475
63505
63535
63565
63595
63625
63655
63685
63715
63745
63940
63970
64000
64030
64060
64090
64120
64150
64180
64210
64240
64270
64300
64330
64360
64390
64420
64611
64641
64671
64701
64731
64761
64791
64821
64851
64881
64911
64941
64971
65001
65031
65061
65091
65121
65308
65338
65368
65398
65428
65458
65488
65518
65548
65578
65608
65638
65668
65698
65728
65758
65788
65971
66001
66031
66061
66091
66121
66151
66181
66211
66241
66271
66301
66331
66361
66391
66421
66451
66481
66660
66690
66720
66750
66780
66810
66840
66870
66900
66930
66960
66990
67020
67050
67080
67110
67140
67170
67346
67376
67406
67436
67466
67496
67526
67556
67586
67616
67646
67676
67706
67736
67766
67796
67826
67856
68028
68058
68088
68118
68148
68178
68208
6821
68238
68268
68298
68328
68358
68388
68418
68448
68478
68508
6851
68538
68706
68736
68766
68796
68826
68856
68886
68916
68946
68976
69006
69036
69066
69096
69126
69156
69186
69216
69380
69410
69440
69470
69500
69530
69560
69590
69620
69650
69680
69710
69740
69770
69800
69830
69860
69890
70050
70080
70110
70140
70170
70200
70230
70260
70290
70320
70350
70380
70410
70440
70470
70500
70530
70560
70590
70747
70777
70807
70837
70867
70897
70927
70957
70987
71017
71047
71077
71107
71137
71167
71197
71227
71257
71410
71440
71470
71500
71530
71560
71590
71620
71650
71680
71710
71740
71770
71800
71830
71860
71890
71920
71950
72100
72130
72160
72190
72220
72250
72280
72310
72340
72370
72400
72430
72460
72490
72520
72550
72580
72610
72640
72786
72816
72846
72876
72906
72936
72966
72996
73026
73056
73086
73116
73146
73176
73206
73236
73266
73296
73326
73468
73498
73528
73558
73588
73618
73648
73678
73708
73738
73768
73798
73828
73858
73888
73918
73948
73978
74008
74147
74177
74207
74237
74267
74297
74327
74357
74387
74417
74447
74477
74507
74537
74567
74597
74627
74657
74687
74823
74853
74883
74913
74943
74973
7499
75003
75033
75063
75093
75123
75153
75183
75213
75243
75273
7529
75303
75333
75363
75495
75525
75555
75585
75615
75645
75675
75705
75735
75765
75795
75825
75855
75885
75915
75945
75975
76005
76035
76164
76194
76224
76254
76284
76314
76344
76374
76404
76434
76464
76494
76524
76554
76584
76614
76644
76674
76704
76734
76860
76890
76920
76950
76980
77010
77040
77070
77100
77130
77160
77190
77220
77250
77280
77310
77340
77370
77400
77523
77553
77583
77613
77643
77673
77703
77733
77763
77793
77823
77853
77883
77913
77943
77973
78003
78033
78063
78093
78213
78243
78273
78303
78333
78363
78393
78423
78453
78483
78513
78543
78573
78603
78633
78663
78693
78723
78753
78783
78899
78929
78959
78989
79019
79049
79079
79109
79139
79169
79199
79229
79259
79289
79319
79349
79379
79409
79439
79469
79582
79612
79642
79672
79702
79732
79762
79792
79822
79852
79882
79912
79942
79972
80002
80032
80062
80092
80122
80152
80262
80292
80322
80352
80382
80412
80442
80472
80502
80532
80562
80592
80622
80652
80682
80712
80742
80772
80802
80832
80939
80969
80999
81029
81059
81089
81119
81149
81179
81209
81239
81269
81299
81329
81359
81389
81419
81449
81479
81509
81614
81644
81674
81704
8171
81734
81764
81794
81824
81854
81884
81914
81944
81974
82004
8201
82034
82064
82094
82124
82154
82184
82286
8231
82316
82346
82376
82406
82436
82466
82496
82526
82556
82586
82616
82646
82676
82706
82736
82766
82796
82826
82856
82886
82985
83015
83045
83075
83105
83135
83165
83195
83225
83255
83285
83315
83345
83375
83405
83435
83465
83495
83525
83555
83651
83681
83711
83741
83771
83801
83831
83861
83891
83921
83951
83981
84011
84041
84071
84101
84131
84161
84191
84221
84251
84345
84375
84405
84435
84465
84495
84525
84555
84585
84615
84645
84675
84705
84735
84765
84795
84825
84855
84885
84915
85006
85036
85066
85096
85126
85156
85186
85216
85246
85276
85306
85336
85366
85396
85426
85456
85486
85516
85546
85576
85606
85694
85724
85754
85784
85814
85844
85874
85904
85934
85964
85994
86024
86054
86084
86114
86144
86174
86204
86234
86264
86294
86380
86410
86440
86470
86500
86530
86560
86590
86620
86650
86680
86710
86740
86770
86800
86830
86860
86890
86920
86950
86980
87063
87093
87123
87153
87183
87213
87243
87273
87303
87333
87363
87393
87423
87453
87483
87513
87543
87573
87603
87633
87663
87744
87774
87804
87834
87864
87894
87924
87954
87984
88014
88044
88074
88104
88134
88164
88194
88224
88254
88284
88314
88344
88423
88453
88483
88513
88543
88573
88603
88633
8866
88663
88693
88723
88753
88783
88813
88843
88873
88903
88933
8896
88963
88993
89023
89099
89129
89159
89189
89219
89249
89279
89309
89339
89369
89399
89429
89459
89489
89519
89549
89579
89609
89639
89669
89699
89773
89803
89833
89863
89893
89923
89953
89983
90013
90043
90073
90103
90133
90163
90193
90223
90253
90283
90313
90343
90373
90445
90475
90505
90535
90565
90595
90625
90655
90685
90715
90745
90775
90805
90835
90865
90895
90925
90955
90985
91015
91045
91075
91145
91175
91205
91235
91265
91295
91325
91355
91385
91415
91445
91475
91505
91535
91565
91595
91625
91655
91685
91715
91745
91813
91843
91873
91903
91933
91963
91993
92023
92053
92083
92113
92143
92173
92203
92233
92263
92293
92323
92353
92383
92413
92443
92509
92539
92569
92599
92629
92659
92689
92719
92749
92779
92809
92839
92869
92899
92929
92959
92989
93019
93049
93079
93109
93173
93203
93233
93263
93293
93323
93353
93383
93413
93443
93473
93503
93533
93563
93593
93623
93653
93683
93713
93743
93773
93803
93865
93895
93925
93955
93985
94015
94045
94075
94105
94135
94165
94195
94225
94255
94285
94315
94345
94375
94405
94435
94465
94525
94555
94585
94615
94645
94675
94705
94735
94765
94795
94825
94855
94885
94915
94945
94975
95005
95035
95065
95095
95125
95155
95213
95243
9525
95273
95303
95333
95363
95393
95423
95453
95483
95513
95543
9555
95573
95603
95633
95663
95693
95723
95753
95783
95813
95843
9585
95899
95929
95959
95989
96019
96049
96079
96109
96139
96169
96199
96229
96259
96289
96319
96349
96379
96409
96439
96469
96499
96529
96584
96614
96644
96674
96704
96734
96764
96794
96824
96854
96884
96914
96944
96974
97004
97034
97064
97094
97124
97154
97184
97214
97267
97297
97327
97357
97387
97417
97447
97477
97507
97537
97567
97597
97627
97657
97687
97717
97747
97777
97807
97837
97867
97897
97949
97979
98009
98039
98069
98099
98129
98159
98189
98219
98249
98279
98309
98339
98369
98399
98429
98459
98489
98519
98549
98579
98629
98659
98689
98719
98749
98779
98809
98839
98869
98899
98929
98959
98989
99019
99049
99079
99109
99139
99169
99199
99229
99259
99308
99338
99368
99398
99428
99458
99488
99518
99548
99578
99608
99638
99668
99698
99728
99758
99788
99818
99848
99878
99908
99938
99985
